1518 1564 1447 1566 1363 1381 1075 1248 605 321 804 811 945 4168 4168 4168 
1510 1466 1414 1575 1326 1381 1073 1257 595 321 798 813 4167 4167 4167 4167 
1518 1506 1537 1621 1326 1381 1073 1256 599 320 806 807 4167 4167 4167 4167 
1601 1452 1703 1860 1326 1380 1068 1252 590 321 797 792 4168 4168 4168 4168 
1480 1621 1520 1618 1326 1380 1071 1256 611 320 812 815 4166 4166 4166 4166 
1525 1484 1462 1541 1327 1378 1074 1254 594 321 803 807 4166 4166 4166 4166 
1536 1485 1922 2018 1327 1383 1074 1255 599 321 797 802 4167 4167 4167 4167 
1549 1521 1496 1676 1324 1393 1073 1254 596 320 801 809 4168 4168 4168 4168 
1520 1809 1527 1641 1326 1378 1073 1254 612 320 823 828 4167 4167 4167 4167 
1530 1472 1470 1587 1326 1380 1071 1254 600 321 791 812 4167 4167 4167 4167 
1492 1534 1443 1522 1327 1381 1075 1259 603 321 813 816 4167 4167 4167 4167 
1461 1537 1420 1575 1326 1379 1074 1254 613 321 816 810 4167 4167 4167 4167 
1493 1494 1516 1609 1326 1380 1074 1255 596 321 802 807 4167 4167 4167 4167 
1548 1500 1477 1621 1327 1382 1071 1255 596 321 803 807 4167 4167 4167 4167 
1540 1485 1454 1573 1411 1380 1071 1252 601 321 796 807 890 4167 4167 4167 
1546 1504 1437 1539 1325 1380 1072 1255 596 321 801 821 4167 4167 4167 4167 
1542 1519 1749 1986 1383 1382 1073 1257 596 322 798 798 1075 4167 4167 4167 
1504 1487 1820 1866 1327 1381 1071 1256 601 321 793 800 4167 4167 4167 4167 
1467 1498 1483 1577 1325 1466 1072 1257 613 321 805 809 4167 871 4167 4167 
1490 1513 1477 1646 1327 1379 1071 1255 601 321 809 808 4167 4167 4167 4167 
1495 1526 1714 1897 1364 1382 1075 1259 601 321 803 802 898 4167 4167 4167 
1479 1517 1495 1618 1326 1396 1074 1256 603 321 798 807 4168 0 4168 4168 
1539 1471 1446 1569 1329 1383 1076 1258 591 320 798 805 4167 4167 4167 4167 
1516 1511 1549 1645 1328 1382 1071 1256 600 321 801 809 4167 4167 4167 4166 
1452 1557 1563 1609 1325 1382 1072 1256 612 321 805 809 4166 4166 4166 4166 
1520 1506 1448 1559 1327 1383 1075 1257 599 321 808 812 4166 4166 4166 4166 
1469 1591 1478 1519 1325 1381 1071 1257 609 320 814 823 4166 3527 4166 4166 
1474 1479 1508 1598 1378 1390 1074 1255 604 321 798 818 899 884 4166 4166 
1689 1480 1654 1892 1326 1382 1073 1256 592 322 800 801 4166 4166 4166 4166 
1490 1477 1440 1509 1326 1382 1073 1252 603 321 808 806 4166 4166 4166 4166 
1517 1617 1459 1690 1326 1381 1076 1255 613 321 807 818 4167 4167 4167 4167 
1527 1528 1474 1658 1327 1381 1071 1252 602 321 803 810 4166 4166 4166 4166 
1662 1530 1437 1451 1325 1382 1073 1254 593 321 805 821 4165 4165 4165 4165 
1538 1514 1471 1539 1326 1381 1072 1253 600 321 805 825 4166 4166 4166 4166 
1569 2040 1827 2136 1327 1382 1073 1257 615 321 814 815 4166 4166 4166 4166 
1563 1533 1430 1567 1326 1382 1074 1256 598 321 810 813 4166 4166 4166 4166 
1541 1517 1444 1550 1325 1381 1073 1255 600 321 810 819 4166 4166 4166 4166 
1521 1468 1471 1630 4152 1382 1074 1259 590 321 804 802 3985 4166 4166 4166 
1588 1521 1455 1511 1325 1382 1072 1257 592 321 804 818 4166 4166 4166 4166 
1469 1506 1727 1858 1327 1381 1072 1254 607 321 800 805 4166 4166 4166 4166 
1629 1474 1497 1579 1327 1467 1071 1256 592 321 802 806 4167 851 4167 4167 
1466 1481 1392 1547 1324 1380 1071 1258 599 321 806 807 4166 4166 4166 4166 
1487 1498 1835 1954 1326 1380 1070 1253 604 321 793 802 4165 4165 4165 4165 
1505 1527 1497 1639 1324 1380 1074 1256 598 321 801 813 4166 4166 4166 4166 
1553 1545 1435 1510 1325 1381 1074 1255 600 322 808 819 4166 4166 4166 4166 
1498 1517 1622 1784 1327 1387 1072 1255 600 321 807 808 4166 4166 4166 4166 
1457 1882 1823 2155 1325 1463 1071 1252 620 321 814 813 4165 139 4165 4165 
1692 1358 1400 1523 1326 1384 1072 1253 565 320 786 789 4166 4166 4166 4166 
1512 1435 1474 1543 1326 1379 1074 1257 595 320 794 802 4166 4166 4166 4166 
1493 1535 1421 1517 2536 1382 1071 1256 600 320 811 815 1975 4166 4165 4165 
1590 1609 1498 1583 1325 1380 1073 1254 605 320 807 817 4165 4165 4165 4165 
1509 1508 1775 1868 1326 1381 1071 1256 608 321 799 809 4166 4166 4166 4166 
1480 1510 1468 1524 1326 1382 1074 1257 609 321 805 813 4166 4166 4166 4166 
1600 1483 1807 2119 1325 1380 1072 1259 596 321 794 801 4166 4166 4166 4166 
1512 1557 1491 1635 1324 1378 1072 1255 603 321 808 815 4166 4166 4166 4166 
1438 1487 1477 1588 1327 1381 1075 1253 607 321 805 807 4166 4166 4166 4166 
1535 1508 2202 2596 2743 1514 1071 1251 595 321 791 791 867 850 4165 4165 
1518 1495 1427 1526 1327 1381 1074 1257 598 321 813 813 4166 4166 4166 4166 
1510 1462 1763 1926 1324 1379 1073 1256 593 321 786 798 4165 4165 4165 4165 
1506 1468 1457 1595 1326 1382 1072 1253 595 321 802 808 4165 4165 4165 4165 
1540 1504 1450 1528 1326 1448 1072 1255 594 321 804 814 4166 880 4166 4166 
1436 1787 1861 2003 1326 1379 1072 1253 619 321 807 819 4166 4166 4166 4166 
1488 1489 1427 1558 1325 1383 1073 1256 603 321 807 809 4165 4165 4165 4165 
1664 1494 1815 2101 1325 1380 1071 1255 592 321 793 801 4167 4167 4167 4167 
1500 1494 1508 1644 1376 1379 1074 1253 596 321 801 807 1072 4166 4165 4165 
1488 1484 1500 1591 1327 1381 1071 1253 596 321 805 805 4166 4166 4166 4166 
1577 1466 1618 1758 1325 1382 1073 1254 594 321 796 804 4165 4165 4165 4165 
1446 1528 1452 1503 1325 1380 1072 1256 620 322 815 823 4166 4166 4166 4166 
1438 1898 1453 1555 1326 1379 1072 1255 631 320 815 830 4165 4165 4165 4165 
1488 1511 1480 1569 1325 1382 1074 1257 603 321 800 804 4166 2786 4166 4166 
4571 1490 2337 2753 1386 1439 1070 1252 1471 322 792 793 890 859 4166 4166 
1514 1519 1466 1628 1325 1380 1072 1254 593 322 805 809 4166 4166 4166 4166 
1520 1479 1991 2214 1326 1382 1074 1256 602 322 791 799 4166 4166 4166 4166 
1502 1597 1463 1499 1327 1380 1070 1255 601 321 809 823 4166 4166 4165 4165 
1529 1442 1479 1571 1326 1382 1072 1254 594 321 798 805 4167 4167 4167 4167 
1532 1525 1446 1581 1326 1381 1071 1252 602 321 812 813 4165 4165 4165 4165 
1538 1519 1451 1627 1323 1381 1073 1256 602 320 805 811 4166 4166 4166 4166 
1590 1822 1669 1922 1326 1380 1072 1253 607 321 812 817 4166 4166 4166 4166 
1494 1583 1491 1594 1327 1382 1074 1252 609 321 817 815 4166 4166 4166 4166 
1492 1481 1430 1499 1323 1379 1070 1256 595 322 805 824 4166 4166 4165 4165 
1529 1683 2338 2537 1326 1382 1071 1254 608 322 798 805 4166 4166 4166 4166 
1532 1562 1393 1517 1326 1412 1074 1256 603 322 817 820 4165 0 4165 4165 
1524 1479 1419 1556 1327 1379 1073 1257 596 321 801 804 4166 4166 4166 4166 
1512 1503 1431 1551 1327 1381 1073 1255 600 321 801 811 4165 4165 4165 4165 
1495 1498 1448 1570 1329 1382 1073 1258 599 321 807 811 4166 4166 4166 4166 
1536 1551 1445 1587 1373 1380 1072 1257 607 320 809 817 912 4166 4166 4166 
1449 1548 1391 1519 1325 1381 1073 1257 606 321 817 817 4166 4166 4166 4166 
1410 1332 2797 3675 14926 1709 1071 1247 343 321 785 793 856 848 4167 4167 
1448 1503 1544 1633 1326 1381 1073 1254 612 320 803 806 4166 4166 4166 4166 
1500 1546 1435 1565 1327 1380 1073 1254 599 321 806 822 4167 4167 4167 4167 
1481 1455 1423 1569 1327 1381 1074 1256 593 321 802 800 4168 4168 4168 4168 
1480 1483 1436 1548 1325 1379 1074 1249 604 322 808 817 4166 4166 4166 4166 
1520 1493 1770 1932 1327 1377 1073 1257 601 322 799 801 4166 4166 4166 4166 
1450 1549 1465 1549 1326 1381 1072 1257 612 320 801 811 4167 4167 4167 4167 
1465 1589 1444 1585 1327 1381 1071 1258 612 321 811 817 4166 4166 4166 4166 
1517 1813 1842 1929 1325 1381 1072 1255 611 320 806 816 4166 4166 4165 4165 
1534 1501 1453 1542 1325 1381 1073 1256 598 321 808 811 4166 4166 4166 4166 
1554 1504 1494 1650 1325 1381 1072 1258 596 321 799 803 4166 4166 4166 4166 
1493 1489 1503 1533 1378 1438 1074 1260 601 321 809 813 912 869 4166 4166 
1533 1524 1446 1602 1327 1382 1071 1255 595 321 809 808 4167 4167 4167 4167 
1430 1512 1435 1588 1326 1381 1076 1254 634 292 774 781 4166 4166 4166 4166 
1496 1436 1452 1577 1326 1382 1073 1254 597 321 799 811 4166 4166 4166 4166 
1570 1528 1393 1526 1638 1382 1075 1260 598 321 804 812 872 4166 4166 4166 
1490 1455 1412 1536 1324 1381 1070 1254 596 321 809 810 4166 4166 4166 4166 
1441 1747 1999 2185 1326 1380 1072 1255 623 321 806 807 3020 4166 4166 4166 
1483 1491 1398 1509 1326 1381 1072 1256 603 322 805 809 4166 4166 4166 4166 
1520 1481 1582 1732 1326 1379 1072 1255 593 321 800 801 4166 4166 4166 4166 
1495 1493 1439 1517 1326 1380 1071 1255 599 321 804 811 4166 4166 4166 4166 
1529 1502 1462 1570 1325 1382 1074 1257 595 322 805 810 4166 4166 4166 4166 
1534 1495 1427 1543 1370 1379 1071 1256 590 321 801 815 904 4166 4166 4166 
1465 1473 1508 1703 1323 1380 1074 1254 601 321 796 809 4166 2595 4166 4166 
1524 1477 1454 1594 1326 1382 1073 1257 603 320 800 811 4166 4166 4166 4166 
1433 1532 1462 1588 1327 1390 1074 1256 615 321 811 814 4165 4165 4165 4165 
1480 1509 1934 2034 1326 1619 1073 1256 609 321 786 801 4166 836 4166 4166 
1512 1463 1528 1636 1323 1376 1070 1255 594 321 800 806 4165 4165 4165 4165 
1553 1665 1417 1521 1329 1383 1072 1258 602 321 817 819 4166 4166 4166 4166 
1573 1810 2005 2296 1327 1382 1074 1257 610 321 806 812 4166 4166 4166 4166 
1496 1582 1651 1865 1327 1384 1074 1255 612 321 812 807 4165 4165 4165 4165 
1566 1514 1621 1763 1327 1380 1072 1255 597 321 803 808 4167 4167 4167 4167 
1440 1535 1396 1531 1325 1379 1074 1258 606 321 816 814 4166 4166 4166 4166 
1485 1514 1713 1770 1323 1379 1071 1255 601 321 801 808 4165 4165 4165 4165 
1490 1467 1486 1662 1389 1381 1074 1252 603 321 804 807 886 4166 4166 4166 
1615 1535 1420 1565 1327 1382 1077 1259 598 321 818 811 4166 4166 4166 4166 
1496 1613 1443 1623 1323 1380 1076 1254 611 321 816 815 4165 4165 4165 4165 
1550 1562 1399 1553 1325 1381 1073 1253 603 321 815 819 4165 4165 4165 4165 
1477 1684 1450 1515 1381 1384 1073 1256 611 321 820 815 894 4166 4166 4166 
1543 1419 1445 1503 1325 1382 1073 1255 584 321 796 804 4166 4166 4166 4166 
1500 1498 1476 1748 1328 1381 1077 1256 610 321 813 802 4166 4166 4166 4166 
1463 1631 1453 1573 1325 1381 1071 1255 609 321 812 820 4166 4166 4165 4165 
1576 1458 1732 1850 1326 1381 1072 1253 595 321 794 804 4165 4165 4165 4165 
1675 1551 1702 1775 1325 1380 1075 1256 592 321 797 809 4165 3117 4165 4165 
1474 1570 1406 1598 1394 1380 1071 1255 614 321 819 815 905 4167 4166 4166 
1589 1494 1384 1581 1325 1378 1073 1256 599 321 805 810 4165 4165 4165 4165 
1575 1803 1480 1557 1324 1382 1072 1255 608 321 818 824 4166 4166 4166 4166 
1534 1386 1677 1849 1323 1380 1070 1256 586 321 776 785 4166 4166 4166 4166 
1539 1412 2206 2323 1326 1382 1072 1251 580 320 769 774 4166 4166 4166 4166 
1522 1464 1468 1598 1324 1380 1071 1254 598 321 800 805 4165 4165 4165 4165 
1552 1617 1557 1645 1358 1380 1074 1253 601 321 803 814 908 4165 4165 4165 
1485 1490 1436 1594 1326 1381 1074 1260 601 320 808 803 4165 4165 4165 4165 
1514 1730 1493 1605 1323 1378 1071 1253 612 321 810 813 4165 4165 4165 4165 
1461 1500 1407 1522 1327 1382 1073 1258 600 321 814 811 4166 4166 4166 4166 
1439 1624 1464 1539 1326 1382 1074 1259 622 321 813 816 2255 4166 4165 4165 
1493 1492 1460 1540 1327 1384 1074 1255 601 321 800 806 4165 4165 4165 4165 
1596 1513 2123 2248 1326 1382 1071 1255 598 321 792 811 4166 4166 4166 4166 
1493 1503 1471 1509 1325 1382 1070 1254 611 321 804 818 4165 4165 4165 4165 
1488 1480 1434 1600 1325 1379 1073 1255 605 321 803 809 4165 4165 4165 4165 
1547 1327 1581 1668 8420 1557 1073 1253 601 321 802 811 857 851 4166 4166 
1665 1473 1466 1584 1323 1378 1071 1252 590 321 807 805 4166 4166 4165 4165 
1541 1783 1634 1626 1324 1380 1073 1257 608 321 807 815 4166 4166 4166 4166 
1502 1511 1493 1610 1326 1381 1071 1259 601 321 808 807 4166 4166 4166 4166 
1451 1553 1450 1562 1325 1378 1073 1256 609 321 815 826 4165 4165 4165 4165 
1592 1463 1563 1675 1324 1382 1073 1255 595 320 796 806 4165 4165 4165 4165 
1505 1586 2132 2423 1327 1381 1074 1254 603 321 793 795 4165 4165 4165 4165 
7351 1327 1646 2052 9100 1389 1071 1254 580 321 813 806 861 896 4166 4166 
1550 1519 1470 1528 1325 1382 1073 1257 603 321 816 812 4165 4165 4165 4165 
1556 1508 1403 1522 1327 1382 1071 1256 597 321 809 813 4165 4165 4165 4165 
1577 1568 1460 1550 1326 1381 1072 1256 598 321 808 815 4165 4165 4165 4165 
1486 1510 1470 1559 1325 1379 1074 1252 600 321 806 809 4166 4166 4166 4166 
1550 1529 1674 1783 1326 1383 1074 1255 600 320 800 802 4165 4165 4165 4165 
1430 1520 1491 1536 1327 1380 1070 1258 613 321 804 813 4166 4166 4166 4166 
1519 1711 1588 1745 1325 1401 1074 1253 607 321 812 813 4166 4166 4165 4165 
1488 1500 1465 1631 1325 1381 1072 1257 601 320 807 809 4165 4165 4165 4165 
1526 1511 1416 1539 1325 1379 1072 1255 595 320 804 815 4165 4165 4165 4165 
1468 1497 1511 1635 1327 1380 1074 1256 603 320 803 801 4165 4165 4165 4165 
1583 1726 2154 2410 1397 1381 1071 1254 609 320 807 804 914 4166 4165 4165 
5697 1505 2422 2584 1324 1448 1071 1254 2007 320 790 791 4165 921 4165 4165 
1563 1480 1477 1567 1325 1380 1073 1258 590 321 798 802 4166 4166 4166 4166 
1492 1508 1551 1660 1327 1380 1072 1257 600 321 803 814 3083 4166 4166 4166 
1488 1796 1617 1679 1325 1405 1071 1254 618 321 813 823 4165 756 4165 4165 
1471 1482 1463 1611 1325 1381 1073 1255 602 321 804 807 4166 4166 4166 4166 
1481 1534 2061 2402 1325 1379 1071 1254 599 321 790 796 4165 4165 4165 4165 
1473 2007 1751 1985 1325 1387 1072 1254 629 321 811 818 4165 896 4165 4165 
1537 1484 1660 1758 1327 1384 1074 1257 593 320 796 802 4165 4165 4165 4165 
1642 1821 1459 1467 1326 1381 1073 1256 607 321 823 835 4166 4161 4166 4166 
1606 1490 1425 1572 1324 1381 1072 1255 588 321 807 809 4166 4166 4166 4166 
1466 1500 1514 1678 1322 1399 1073 1254 603 321 798 810 4166 859 4166 4166 
1477 1575 1472 1576 1325 1380 1072 1253 615 321 814 823 4165 4165 4165 4165 
1603 1466 1935 2106 1325 1382 1074 1255 585 321 786 791 4165 4165 4165 4165 
1624 1470 1726 1861 1326 1382 1074 1255 592 320 793 798 4164 4164 4164 4164 
1527 1480 1457 1526 1327 1460 1073 1257 597 321 800 816 4166 989 4165 4165 
1487 1997 1777 1859 1326 1381 1073 1258 617 321 815 820 4165 4165 4165 4165 
1515 1970 1498 1536 1327 1381 1073 1256 618 321 823 831 4165 4165 4165 4165 
1518 1846 1499 1677 1325 1379 1073 1257 618 321 815 819 4165 4165 4165 4165 
1524 1475 1441 1546 1327 1468 1073 1257 592 320 799 807 4165 838 4165 4165 
1501 1550 1575 1605 1325 1412 1073 1254 602 321 799 808 4165 867 4165 4165 
1532 1483 1433 1550 1326 1383 1074 1258 596 321 810 812 4166 4166 4166 4166 
1534 1490 1475 1550 1324 1377 1071 1257 608 321 806 812 4166 4166 4166 4166 
1485 1512 1405 1549 1325 1381 1071 1250 606 321 819 811 4165 4165 4165 4165 
1512 1499 1514 1726 1326 1381 1072 1255 596 320 806 802 4165 4165 4165 4165 
1550 1476 1449 1510 1327 1382 1074 1250 592 320 797 812 4165 4165 4165 4165 
1495 1478 1380 1535 1327 1381 1073 1252 600 320 811 813 4166 4166 4166 4166 
1492 1380 1465 1566 1326 1380 1072 1256 577 320 782 791 4165 4165 4165 4165 
1489 1931 1439 1452 1325 1380 1076 1254 615 321 828 843 4166 4166 4166 4166 
1481 1424 1548 1691 1326 1382 1073 1257 588 321 791 795 4165 4165 4165 4165 
1516 1498 1397 1507 1326 1381 1073 1256 597 320 812 813 4166 4166 4166 4166 
1471 1520 1397 1617 1326 1381 1071 1249 603 321 806 804 4165 4165 4165 4165 
1503 1677 1820 1972 1326 1382 1072 1256 609 321 808 810 4165 4165 4165 4165 
1517 1521 1676 1775 1325 2336 1073 1257 606 321 800 807 4165 1940 4165 4165 
1549 1498 1702 1876 1327 1381 1072 1254 598 321 796 805 4165 4165 4165 4165 
1541 1494 1433 1563 1324 1379 1073 1256 593 321 802 814 4165 4165 4165 4165 
1586 1663 1512 1641 1327 1381 1073 1254 608 320 805 819 4166 4166 4165 4165 
1543 1553 1528 1634 1324 1381 1071 1256 603 321 804 811 4165 4165 4165 4165 
1571 1471 1514 1654 1324 1380 1072 1258 595 321 796 805 4165 4165 4165 4165 
1493 1466 1461 1595 1323 1381 1072 1255 598 321 803 810 4166 4166 4166 4166 
1482 1477 1433 1561 1326 1381 1071 1255 601 321 801 814 4165 4165 4165 4165 
1525 1382 1502 1594 1324 1380 1073 1257 574 321 771 780 4165 4165 4165 4165 
1538 1490 1485 1570 1350 1380 1073 1256 596 321 803 806 891 4165 4165 4165 
1594 1478 1450 1506 1326 1381 1071 1255 590 321 803 807 4166 4166 4166 4166 
1487 1475 1437 1563 1326 1380 1074 1255 601 321 798 812 4167 4167 4167 4167 
1536 1523 1429 1497 1326 1381 1071 1255 600 321 804 823 4165 4165 4165 4165 
1498 1392 1466 1535 1324 1381 1071 1255 580 320 786 791 4165 4165 4165 4165 
1495 1473 1457 1558 1326 1391 1073 1254 601 321 806 819 4165 4165 4165 4165 
1592 1520 1483 1652 1326 1381 1073 1256 604 320 804 808 4166 4166 4166 4166 
1545 1482 1422 1564 1326 1382 1073 1257 595 320 810 808 4165 4165 4165 4165 
1523 1462 1485 1571 1327 1382 1073 1255 591 320 802 804 4166 4166 4165 4165 
1601 1485 1422 1571 1326 1379 1072 1254 593 319 804 804 4164 4164 4164 4164 
1473 1466 1606 1786 1327 1381 1076 1256 602 320 795 804 4167 4167 4167 4167 
1562 1759 1886 2054 1327 1381 1070 1255 607 321 814 811 4166 3993 4166 4166 
1466 1499 1437 1546 1327 1382 1077 1254 606 321 804 811 4165 4165 4165 4165 
1581 1987 1602 1650 1324 1381 1074 1253 613 321 815 825 4165 4165 4165 4165 
1534 1393 1713 1772 1326 1382 1071 1256 580 320 780 789 4164 1882 4164 4164 
1497 1547 1448 1560 1325 1382 1071 1257 606 321 805 812 4165 4165 4165 4165 
1484 1505 1482 1578 1325 1378 1071 1253 601 321 802 810 4165 4165 4165 4165 
1491 1476 2103 2309 1325 1380 1073 1256 597 321 785 795 4165 4165 4165 4165 
1469 1827 1492 1564 1325 1380 1071 1254 616 321 820 823 4167 4167 4167 4167 
1537 1506 2398 2628 1327 1388 1071 1255 602 321 792 799 4165 888 4165 4165 
1506 1514 1395 1545 1323 1417 1070 1252 596 321 817 817 4165 874 4165 4165 
1444 1508 1710 1787 1368 1380 1071 1254 621 322 797 811 887 4165 4165 4165 
1545 1537 1459 1578 1326 1381 1074 1259 595 320 808 810 4165 4165 4165 4165 
1478 1469 1531 1642 1326 1380 1071 1254 602 321 805 804 4164 4164 4164 4164 
1571 1475 1652 1693 1326 1381 1071 1254 592 321 799 808 4165 4165 4165 4165 
1589 1491 1442 1522 1325 1441 1074 1256 593 321 804 817 4165 859 4165 4165 
1576 1473 1619 1841 1326 1380 1071 1255 597 321 794 799 4165 4165 4165 4165 
1478 1679 1835 1995 1324 1379 1070 1255 611 321 804 805 4165 4165 4165 4165 
1550 1479 1491 1673 1326 1377 1071 1253 601 321 806 810 4165 4165 4165 4165 
1556 1536 1719 1976 1326 1382 1072 1254 598 321 795 803 4165 4165 4165 4165 
1489 1534 1455 1553 1326 1381 1075 1256 606 321 804 818 4164 4164 4164 4164 
1520 1508 1491 1570 1325 1379 1073 1256 595 320 805 816 4165 4165 4165 4165 
1468 1694 1778 1939 1324 1380 1073 1254 613 321 809 813 4165 4165 4165 4165 
1518 1500 1448 1570 1323 1381 1072 1256 602 321 805 814 4164 4164 4164 4164 
1504 1484 1444 1534 1327 1383 1074 1256 594 320 800 812 4164 4164 4164 4164 
1576 1495 1722 1909 1326 1381 1072 1255 600 321 803 801 4165 4165 4165 4165 
1508 1513 1463 1561 1325 1380 1071 1254 602 320 808 810 4165 4165 4164 4164 
1505 1518 1406 1509 1326 1380 1073 1256 602 321 821 811 4165 2471 4165 4165 
1500 1555 1449 1618 1326 1379 1071 1253 602 321 808 816 2908 4164 4164 4164 
1570 1526 1535 1656 1327 1383 1074 1255 598 321 813 813 4165 4165 4165 4165 
1568 1461 1462 1530 1327 1383 1075 1256 594 322 802 809 4165 4165 4165 4165 
1488 1491 1407 1554 1327 1381 1073 1255 602 321 807 804 4165 4165 4165 4165 
1501 1538 1511 1634 1354 1381 1073 1258 597 320 802 808 949 4165 4165 4165 
1517 1492 1468 1610 1325 1380 1071 1253 597 321 803 810 4165 4165 4165 4165 
1512 1471 1480 1620 1326 1381 1072 1255 595 321 799 804 4165 4165 4165 4165 
1525 1558 1432 1628 1325 1382 1073 1250 602 321 812 814 4164 4164 4164 4164 
1467 1731 1615 1719 1406 1468 1073 1254 615 321 810 821 901 1082 4165 4165 
1560 1473 1683 1865 1327 1381 1071 1257 594 321 793 798 4165 4076 4165 4165 
1522 1545 1444 1574 1327 1382 1075 1257 597 322 805 812 4165 4165 4165 4165 
1574 1564 1532 1679 1325 1381 1074 1255 600 321 805 813 4167 4167 4167 4167 
1537 1479 1620 1674 1357 1382 1073 1257 593 320 798 799 898 4166 4166 4166 
1532 1504 1411 1575 1325 1383 1073 1255 595 320 813 808 4165 4165 4165 4165 
1453 1503 1930 2132 1325 1381 1072 1256 607 320 793 797 4164 4164 4164 4164 
1560 1530 1496 1551 1326 1381 1074 1255 600 321 805 813 4165 4165 4165 4165 
1470 1479 1425 1527 1330 1381 1072 1256 601 321 807 815 4165 4165 4165 4165 
1480 1462 1457 1571 1327 1382 1072 1258 600 320 804 801 4165 4165 4165 4165 
1436 1509 1242 1314 1327 1383 1074 1256 614 321 4164 864 4164 4164 4164 4164 
1512 1364 1486 1549 1324 1380 1073 1254 578 321 772 785 4165 4165 4165 4165 
1539 1528 1684 1826 1326 1380 1073 1255 593 321 790 798 4165 4165 4165 4165 
1593 1479 1416 1550 1328 1383 1075 1258 594 321 802 814 4166 4166 4165 4165 
1611 1800 1597 1748 1326 1381 1072 1257 608 321 814 820 4165 4165 4165 4165 
1559 1511 1568 1539 1325 1381 1071 1253 592 321 795 821 4165 4165 4165 4165 
1467 1472 1671 1709 1326 1382 1071 1255 603 321 792 801 4165 4165 4165 4165 
1582 1504 1433 1555 1326 1380 1072 1256 588 321 804 806 4165 4165 4165 4165 
1525 1754 2211 2500 1321 1378 1071 1255 605 320 804 804 4165 4165 4165 4165 
1516 1500 1440 1579 1326 1381 1074 1254 598 322 809 805 4165 4165 4165 4165 
1513 1483 1451 1556 1326 1380 1072 1255 590 321 807 807 4165 4165 4165 4165 
1567 1527 2186 2226 1324 1381 1071 1249 595 320 791 796 4165 4165 4165 4165 
1504 1537 1731 2021 1326 1381 1071 1258 601 321 798 807 4167 4167 4167 4167 
1484 1657 1418 1551 1326 1378 1071 1253 611 321 818 819 4167 4167 4167 4167 
1558 1491 1405 1538 1325 1381 1071 1254 597 321 802 816 4165 4165 4165 4165 
1511 1512 1428 1511 1325 1400 1072 1255 603 320 813 818 4165 4165 4165 4165 
1523 1491 1438 1506 1324 1378 1073 1254 596 320 813 816 4165 4165 4164 4164 
1630 1484 1421 1533 1326 1383 1073 1258 596 321 816 812 4165 4165 4165 4165 
1447 1917 2124 2523 1327 1382 1073 1257 628 320 808 810 4164 4164 4164 4164 
1474 1484 1466 1610 1326 1434 1072 1256 614 321 798 814 4165 651 4165 4165 
1468 1495 1447 1598 1325 1380 1073 1254 607 320 803 804 4165 3465 4164 4164 
1502 1635 1397 1556 1327 1383 1072 1257 615 321 824 820 4165 4165 4165 4165 
1456 1847 1445 1560 1325 1380 1073 1258 623 321 825 835 4165 4165 4165 4165 
1494 1587 1442 1550 1325 1381 1072 1253 605 321 815 814 4164 4164 4164 4164 
1444 1464 1614 1954 1325 1381 1071 1254 609 320 798 795 4164 4164 4164 4164 
1449 1487 1459 1655 1323 1380 1069 1254 610 321 802 798 4165 4165 4165 4165 
1532 1515 1556 1700 1324 1380 1073 1255 597 320 804 808 2141 4162 4162 4162 
1534 1494 1407 1515 1326 1381 1073 1256 595 320 806 812 4165 4165 4165 4165 
1565 1533 1980 2047 1327 1383 1074 1257 602 321 792 797 4166 4166 4165 4165 
1545 1831 2091 2348 1346 1380 1071 1255 614 322 799 807 920 4165 4165 4165 
1672 1597 1948 2073 1326 1438 1073 1256 596 321 796 808 4166 858 4166 4166 
1496 1487 1599 1684 1325 1378 1074 1255 601 322 802 807 4166 4166 4166 4166 
1556 1499 1439 1612 1326 1382 1075 1254 599 321 806 814 4165 4165 4165 4165 
1577 1674 1468 1565 1324 1380 1071 1254 610 321 815 823 4165 4165 4165 4165 
1488 1538 1474 1560 1325 1380 1073 1255 603 321 819 809 4165 4165 4165 4165 
1507 1508 1431 1543 1327 1381 1074 1251 594 321 809 814 4165 4165 4165 4165 
1468 1566 1384 1592 1380 1382 1074 1258 614 321 814 814 900 4165 4165 4165 
1575 1480 1483 1563 1325 1382 1070 1256 593 321 798 811 4165 4165 4165 4165 
1502 1543 1868 2127 1324 1382 1071 1254 604 321 802 804 4165 4165 4165 4165 
1524 1561 1462 1491 1325 1381 1072 1258 604 319 804 819 4163 4163 4163 4163 
1503 1465 1490 1551 1325 1381 1073 1254 592 321 793 816 4165 4165 4165 4165 
1569 1564 1859 2098 1329 1385 1073 1258 601 321 796 806 4165 3728 4165 4165 
1453 1494 1416 1544 1326 1380 1071 1254 607 321 809 815 4165 4165 4165 4165 
1487 1486 1467 1569 1326 1386 1074 1255 598 320 814 794 4165 4165 4164 4164 
1465 1467 1437 1556 1326 1378 1073 1257 597 321 807 815 4166 4166 4166 4166 
1479 1457 2056 2146 1327 1381 1074 1255 598 321 782 791 4165 4165 4165 4165 
1528 1540 1471 1524 1325 1381 1074 1255 602 320 805 818 4165 4165 4165 4165 
1532 1466 1498 1575 1327 1381 1072 1255 593 320 799 801 4165 4165 4165 4165 
1578 1985 1858 2042 1327 1379 1074 1255 616 320 814 817 4165 4165 4165 4165 
1541 1512 1673 1848 1327 1381 1074 1255 599 320 805 806 4165 4165 4165 4165 
1557 1581 1402 1529 1325 1381 1074 1256 602 320 819 809 4166 4166 4166 4166 
1549 1483 1415 1567 1325 1380 1071 1255 595 320 805 812 4165 4165 4165 4165 
1441 1361 2125 2366 1326 1378 1073 1259 584 320 746 752 4166 4166 4166 4166 
1586 1542 1676 1798 1326 1381 1074 1254 594 320 803 802 4165 4165 4165 4165 
1478 1534 1703 1907 1325 1382 1072 1253 606 321 804 808 4165 4165 4165 4165 
1505 1525 1464 1524 1323 1379 1071 1255 603 321 804 812 4165 4165 4165 4165 
1622 1481 1739 1926 1324 3026 1073 1258 590 321 797 791 4165 1930 4165 4165 
1506 1538 1591 1760 1327 1378 1073 1255 1220 321 805 801 4165 4165 4165 4165 
1518 1496 1444 1531 1327 1382 1072 1257 594 321 806 819 4165 4165 4165 4165 
1606 1714 1531 1580 1325 1381 1072 1257 605 320 813 818 4165 4165 4165 4165 
1490 1508 1494 1579 1326 1383 1073 1258 602 320 801 814 4165 4165 4165 4165 
1540 1547 1415 1492 1322 1378 1070 1255 597 321 796 819 4165 4165 4165 4165 
1629 1507 1420 1565 1327 1399 1072 1249 593 321 801 817 4165 1093 4165 4164 
1501 1627 1669 1799 1384 1382 1073 1254 608 321 806 809 908 4166 4166 4166 
1551 1508 1402 1555 1326 1378 1071 1257 600 321 815 807 4165 4165 4164 4164 
1439 1493 1669 1831 1325 1379 1071 1253 606 321 800 798 4164 4164 4164 4164 
1519 1747 1441 1558 1327 1380 1073 1256 605 321 817 827 4167 2430 4167 4167 
1556 1519 1461 1568 1327 1382 1071 1256 597 320 808 806 4165 4165 4165 4165 
1544 1468 1474 1519 1326 1382 1073 1256 592 320 796 820 4165 4165 4164 4164 
1495 1466 1426 1542 1365 1380 1073 1256 599 320 804 806 906 4165 4165 4165 
1543 1487 1394 1541 1327 1380 1071 1256 597 321 802 810 4164 4164 4164 4164 
1554 1494 1573 1679 1326 1379 1072 1253 598 321 803 811 4166 4166 4166 4166 
1543 1455 1501 1585 1327 1382 1072 1255 595 320 793 812 4165 4165 4165 4165 
1475 1494 1399 1551 1327 1381 1072 1256 605 320 807 812 4166 4166 4166 4166 
1508 1470 1478 1591 1323 1378 1071 1252 599 320 807 799 4165 4165 4165 4165 
1625 1527 1434 1569 1326 1381 1074 1257 595 320 803 805 4164 4164 4164 4164 
1501 1521 1461 1641 1352 1382 1071 1254 597 320 810 811 908 4165 4165 4165 
1532 1503 1503 1579 1327 1379 1072 1258 600 321 803 808 4165 4165 4165 4164 
1523 1577 1449 1606 1326 1381 1071 1253 606 321 812 816 4166 4166 4166 4166 
1532 1512 1578 1682 1327 1382 1071 1254 601 322 808 812 4165 4165 4165 4165 
1530 1484 1410 1600 1327 1381 1073 1255 595 321 809 807 4165 1997 4165 4165 
1582 1485 1400 1522 1327 1381 1072 1255 587 321 801 799 4165 4165 4164 4164 
1506 1657 1483 1568 1323 1378 1071 1258 614 321 811 818 4165 4165 4165 4165 
1445 1715 2244 2513 1325 1378 1072 1258 618 321 804 803 4167 4167 4167 4167 
1485 1743 2097 2053 1324 1381 1071 1258 611 321 802 815 4164 4164 4164 4164 
1442 1539 1672 1764 1327 1381 1074 1253 616 321 797 810 4165 3467 4165 4165 
1551 1498 1427 1605 1327 1382 1076 1257 592 321 811 801 4164 4164 4164 4164 
1463 1510 1452 1553 1326 1381 1074 1251 608 320 808 810 4166 2260 4165 4165 
1576 1359 1399 1559 1325 1382 1074 1254 566 321 778 779 4164 4164 4164 4164 
1554 2071 1840 2030 1324 1379 1073 1256 615 320 811 819 4165 4165 4165 4165 
1508 1691 1896 2127 1325 1382 1073 1254 612 320 802 811 4166 4166 4166 4166 
1523 1497 1462 1537 1325 1380 1072 1258 599 321 805 807 4165 4165 4164 4164 
1653 1376 1426 1527 1327 1381 1072 1253 574 321 793 781 4165 4165 4165 4165 
1517 1487 1473 1541 1326 1380 1072 1255 600 321 800 811 4166 4166 4166 4166 
1503 1489 1424 1588 1326 1381 1072 1256 600 321 804 807 4165 4165 4165 4165 
1566 1514 1603 1777 1375 1383 1073 1253 596 321 803 808 0 4165 4165 4165 
1444 1482 1469 1524 1322 1397 1070 1253 614 321 804 816 4164 4164 4164 4164 
1494 1651 1474 1584 1325 1379 1071 1254 616 320 813 809 4165 4165 4165 4165 
1545 1543 1476 1582 1328 1382 1074 1259 603 320 814 812 4166 4166 4166 4166 
1522 1475 1459 1558 1325 1380 1075 1253 600 321 801 812 4167 4167 4166 4166 
1452 1498 1526 1576 1325 1380 1070 1255 604 321 793 812 4165 4165 4165 4165 
1484 1472 1413 1555 1325 1379 1073 1257 608 321 806 812 4165 4165 4165 4165 
1490 1495 1444 1562 1327 1382 1071 1254 598 321 805 814 4165 4165 4165 4165 
1532 1493 1546 1641 1327 1382 1072 1256 593 321 794 802 4165 4165 4165 4165 
1432 1408 1886 1979 1327 1381 1074 1256 605 321 784 787 4165 4165 4165 4165 
1518 1484 1415 1536 1323 1378 1071 1254 598 320 811 812 4165 4165 4165 4165 
1569 1571 1416 1587 1325 1382 1071 1253 602 321 811 821 4164 3960 4164 4164 
1540 1490 2019 2119 1327 1381 1075 1261 598 321 788 798 4165 4165 4165 4165 
1541 1476 1473 1556 1326 1380 1073 1255 595 320 805 812 4165 4165 4165 4165 
1488 1466 1415 1549 1328 1382 1073 1257 608 320 802 811 4166 4166 4166 4166 
1549 1470 1754 1904 1374 1380 1073 1256 592 320 797 796 0 4165 4165 4165 
1554 2009 2354 2605 1326 1382 1073 1254 613 320 804 813 4165 4165 4165 4165 
1452 1475 1525 1680 1325 1380 1071 1254 612 320 798 808 4164 4164 4164 4164 
1582 1950 1427 1574 1325 1381 1072 1255 612 320 827 829 4166 4166 4166 4166 
1547 1455 1467 1524 1326 1383 1073 1255 590 320 806 810 4165 3270 4165 4165 
1509 1848 1973 2220 1325 1379 1071 1253 618 320 812 817 4164 4164 4164 4164 
1485 1516 1476 1609 1326 1455 1074 1258 602 321 804 817 4165 843 4165 4165 
1584 1502 1411 1662 1325 1381 1073 1254 590 321 801 807 4165 4165 4165 4165 
1528 1500 1474 1682 1325 1381 1073 1254 600 321 808 808 4165 4165 4165 4165 
1463 1574 1409 1541 1326 1381 1071 1254 606 320 809 811 4165 4165 4165 4165 
1544 1446 1412 1529 1325 1381 1071 1255 586 321 807 800 4165 4165 4165 4165 
1587 1499 1479 1546 1326 1380 1069 1252 592 321 807 813 4164 4164 4164 4164 
1530 1581 1525 1581 1367 1380 1073 1254 604 320 804 817 910 2364 4164 4164 
1551 1484 1534 1664 1326 1382 1072 1257 596 320 800 806 4164 2074 4164 4164 
1522 1466 1803 2042 1366 1380 1074 1261 601 321 789 794 898 2854 4164 4164 
1487 1514 1212 1300 1324 1380 1070 1246 610 321 4165 4165 2376 4165 4165 4165 
1513 1475 1687 1933 1324 1379 1072 1252 600 320 793 799 4165 4165 4164 4164 
1555 1494 1435 1609 1327 1383 1074 1257 597 320 805 809 4165 4165 4164 4164 
1462 1522 1461 1540 2247 1381 1071 1248 599 320 806 808 2065 4164 4164 4164 
1477 1512 1440 1629 1322 1379 1071 1254 607 320 807 807 4164 4164 4164 4164 
1475 1529 2505 2487 1327 1441 1074 1256 600 321 783 799 4166 870 4166 4166 
1521 1519 1459 1583 1323 1381 1073 1256 603 321 814 810 4165 4165 4165 4165 
1609 1483 1423 1513 1325 1380 1071 1257 596 321 800 812 4165 4165 4165 4165 
1492 1482 1919 2146 1326 1382 1072 1258 600 321 790 791 4164 4164 4164 4164 
1476 1541 1511 1604 1327 1382 1073 1253 610 320 804 810 4164 4164 4164 4164 
1450 1671 1599 1818 1325 1380 1071 1256 614 321 808 812 4165 4165 4165 4165 
1487 1608 1214 1300 1342 5526 1071 1252 608 320 4166 4166 917 0 4166 4166 
1533 1423 1462 1519 1326 1380 1074 1254 586 321 799 799 4165 4165 4165 4165 
1484 1594 1540 1652 1330 1381 1074 1255 606 320 808 816 4165 4165 4165 4165 
1525 1532 1402 1431 1401 1381 1072 1252 598 321 806 818 898 4165 4165 4165 
1519 1578 2524 2727 1327 1382 1074 1257 598 321 791 798 4164 4164 4164 4164 
1518 1463 1500 1583 1325 1382 1071 1254 593 321 794 803 4164 4164 4164 4164 
1496 1623 1213 1299 1323 1380 1071 1255 598 321 4164 4164 4164 4164 4164 4164 
1663 1402 2173 2404 1326 1500 1073 1253 578 320 773 774 4165 830 4165 4165 
1448 1469 1407 1548 1325 1380 1073 1256 620 320 809 811 4165 4165 4164 4164 
1531 1482 1387 1561 1323 1380 1071 1254 598 320 814 809 4164 4164 4164 4164 
1618 1670 1850 2087 1325 1384 1071 1255 604 320 802 808 4165 4165 4165 4165 
1430 1464 1563 1687 1326 1382 1071 1255 613 320 795 803 4165 4165 4165 4165 
1480 1513 1480 1735 1329 1383 1075 1256 607 320 806 808 4165 4165 4165 4165 
1543 1495 1443 1588 1326 1380 1072 1257 597 321 800 818 4165 2268 4165 4165 
1495 1497 1440 1600 1326 1382 1072 1254 598 321 806 809 4164 4164 4164 4164 
1503 1485 1490 1556 1322 1379 1070 1256 603 321 810 815 4164 4164 4164 4164 
1557 1459 1527 1582 1327 1382 1072 1257 595 320 802 808 4164 4164 4164 4164 
1548 1474 1426 1551 1327 1381 1072 1255 594 321 804 809 4165 4165 4165 4165 
1528 1529 1422 1566 1323 1380 1071 1257 603 321 804 811 4164 4164 4164 4164 
1556 1513 1444 1553 1325 1382 1073 1256 600 321 808 817 4164 4164 4164 4164 
1508 1482 1565 1732 1324 1380 1071 1254 598 321 799 801 4164 4164 4164 4164 
1467 1599 1427 1550 1326 1380 1071 1256 611 320 810 813 4165 4165 4165 4165 
5301 1460 2417 2479 1387 1451 1072 1251 2343 321 782 798 895 862 4165 4165 
1488 1493 1449 1602 1326 1381 1073 1256 606 321 813 805 4165 4165 4165 4165 
1613 1467 1462 1570 1326 1380 1071 1254 594 321 804 813 4165 4165 4165 4165 
1495 1614 1495 1599 1326 1380 1074 1257 607 320 812 813 4165 4165 4165 4165 
1518 1976 1931 2097 1331 1382 1073 1257 621 321 802 816 4165 4088 4165 4164 
1588 1561 1428 1532 1324 1378 1071 1253 595 321 809 813 4165 4165 4164 4164 
1462 1493 1423 1527 1373 1442 1073 1257 607 320 804 811 907 810 4166 4166 
1524 1478 1478 1553 1323 1380 1071 1252 599 320 807 815 4165 4165 4165 4165 
1472 1494 1419 1546 1373 1379 1074 1254 608 320 805 816 908 4164 4164 4164 
1520 1487 1508 1663 1324 1421 1074 1254 600 320 802 807 4165 894 4165 4165 
1584 1531 1397 1557 1325 1380 1073 1258 597 320 812 815 4164 4164 4164 4164 
1548 1506 1450 1506 1326 1382 1073 1255 597 320 805 816 4165 4165 4165 4165 
1506 1568 1803 2136 1359 1381 1073 1254 602 320 801 802 894 4165 4165 4165 
1588 1487 1441 1553 1324 1378 1071 1254 590 320 806 811 4165 2157 4165 4165 
1546 1450 1448 1581 1378 1378 1071 1255 592 320 801 805 907 4164 4164 4164 
1520 1502 1452 1585 1327 1381 1073 1258 607 319 808 815 4164 4164 4164 4164 
1506 1610 1502 1585 1326 1381 1072 1256 600 321 811 815 4164 3345 4164 4164 
1512 1499 1471 1524 1325 1386 1072 1254 598 321 805 815 4165 4165 4164 4164 
1592 1481 1450 1599 1324 1380 1072 1258 593 321 809 804 4165 4165 4165 4165 
2699 1354 2418 3215 3009 1379 1070 1250 13 321 810 800 2062 4165 4165 4165 
1558 1483 1619 1671 1364 1380 1074 1255 591 320 791 804 377 4166 4166 4166 
1512 1728 1874 2046 1330 1415 1073 1257 608 320 810 810 4166 731 4166 4166 
1523 1901 1684 1849 1325 1380 1074 1257 616 320 815 815 4164 4164 4164 4164 
1484 1451 1555 1727 1326 1458 1071 1258 593 319 794 799 4165 871 4165 4165 
1602 1491 2170 2400 1326 1381 1074 1257 592 320 796 797 4164 4164 4164 4164 
1516 1364 1430 1586 1324 1382 1071 1255 560 319 768 770 4164 4164 4164 4164 
1577 1560 1446 1538 1327 1380 1073 1256 598 320 813 818 4166 4166 4166 4166 
1518 1473 1448 1591 1326 1380 1073 1256 599 321 801 811 4164 4164 4164 4164 
1549 1470 1394 1525 1326 1381 1071 1254 595 321 808 810 4166 4166 4166 4166 
1555 1639 1434 1543 1325 1378 1071 1256 602 320 804 815 4165 4165 4165 4165 
1622 1487 1443 1506 1324 1381 1073 1252 593 320 796 821 4165 4165 4165 4165 
1564 1526 1880 2179 1325 1379 1072 1256 599 320 795 798 4166 4166 4166 4166 
1474 1461 1510 1559 1325 1379 1073 1254 596 320 803 803 4165 4165 4165 4165 
1549 1454 1453 1560 1352 1380 1071 1257 593 320 809 806 922 4165 4165 4165 
1464 1380 1421 1571 1326 1381 1072 1255 583 320 784 789 4164 4164 4164 4164 
1532 1563 1445 1543 1327 1381 1073 1256 598 320 801 815 4165 4165 4165 4165 
1490 1653 1442 1569 1326 1381 1072 1260 611 320 813 818 4165 4165 4165 4165 
1661 1527 1917 2096 1324 1380 1071 1255 591 321 795 802 4164 4164 4164 4164 
1545 1504 1424 1558 1365 1379 1069 1254 598 321 807 819 910 4166 4166 4166 
1498 1516 1464 1618 1323 1379 1070 1255 600 321 801 808 4165 4165 4165 4165 
1541 1490 1453 1578 1324 1381 1071 1254 593 319 802 809 4165 4165 4165 4165 
1506 1705 1405 1529 1327 1380 1073 1255 612 320 818 819 4164 4164 4164 4164 
1502 1474 2275 2383 1327 1382 1073 1256 595 320 754 793 4164 4164 4164 4164 
1492 1467 1661 1886 1325 1382 1073 1253 595 321 780 797 4165 4165 4165 4165 
1511 1505 1449 1566 1324 1380 1071 1256 595 321 801 810 4164 4164 4164 4164 
1509 1538 1396 1505 1326 1381 1072 1258 604 320 811 818 4165 4165 4165 4165 
1487 1421 1473 1615 1327 1448 1074 1258 595 320 795 805 4166 853 4166 4166 
1625 1511 1453 1595 1323 1447 1070 1255 593 320 805 811 4166 860 4166 4166 
1611 1529 1524 1594 1327 1382 1073 1256 604 320 804 819 4166 4166 4166 4166 
1489 1507 1462 1622 1326 1381 1072 1253 593 320 803 816 4166 4166 4166 4166 
1537 1492 1714 1860 1326 1382 1072 1254 597 321 798 800 4165 4165 4165 4165 
1476 1470 1446 1541 1326 1381 1071 1254 599 321 799 802 4165 4165 4165 4165 
1564 1506 1432 1598 1370 1380 1069 1253 598 321 803 796 898 4165 4165 4165 
1826 1451 1214 1299 1325 1382 1071 1254 593 320 4165 4165 4165 4165 4165 4165 
1489 1490 1429 1572 1323 1416 1069 1256 604 320 803 809 4166 884 4166 4166 
1546 1604 1423 1525 1323 1380 1070 1254 607 320 816 816 4165 4165 4165 4165 
1453 1602 1633 1703 1329 1381 1071 1256 625 321 803 810 4165 4165 4165 4165 
1560 1543 1434 1553 1325 1381 1073 1256 600 321 811 811 4165 4165 4165 4165 
1483 1550 1474 1502 1327 1381 1074 1252 608 320 800 819 4165 4165 4165 4165 
1475 1485 1454 1539 1324 1382 1073 1254 596 320 801 803 4166 4166 4165 4165 
1486 1458 1404 1582 1337 1380 1071 1253 605 320 803 806 913 4165 4165 4165 
1564 1485 1380 1543 1325 1380 1071 1253 594 320 811 802 4165 4165 4165 4165 
1465 1479 1530 1602 1323 1381 1071 1256 598 320 800 804 4165 4165 4165 4165 
1532 2036 2167 2423 1386 1382 1075 1258 616 321 813 814 915 4166 4166 4166 
1553 1502 1421 1617 1364 1377 1073 1259 596 320 811 802 885 4166 4166 4166 
1516 1542 1861 2029 1326 1380 1073 1253 604 321 795 798 4164 4164 4164 4164 
1596 1402 2134 2437 1325 1380 1072 1252 585 319 783 784 4165 4165 4165 4165 
1453 1493 1455 1532 1326 1380 1071 1256 612 320 808 811 4166 4166 4165 4165 
1540 1549 1734 1844 1323 1379 1073 1253 599 320 799 806 4167 4167 4167 4167 
1492 1594 1230 1313 1324 1379 1070 1256 599 320 817 844 4165 4165 4165 4165 
1586 1528 1387 1595 1328 1381 1075 1256 598 321 817 814 4165 4165 4164 4164 
1567 1512 1536 1622 1324 1380 1072 1254 596 321 808 814 4165 4165 4165 4165 
1513 1406 1428 1559 1325 1381 1071 1255 586 320 796 805 4165 4165 4165 4165 
1497 1386 1475 1611 1325 1381 1071 1255 574 320 781 790 2037 4165 4165 4165 
1524 1454 1388 1512 1324 1381 1073 1249 593 320 797 812 4165 4165 4165 4165 
1516 1474 2180 2799 1326 1381 1073 1254 601 321 798 784 4165 4165 4165 4165 
1500 1485 1547 1677 1326 1379 1071 1254 602 321 798 812 4165 4165 4165 4165 
1513 1499 1613 1671 1326 1381 1070 1253 600 320 803 807 4165 4165 4165 4165 
1566 1519 1501 1611 1324 1381 1073 1255 595 320 808 809 4165 4165 4165 4165 
1594 1522 1556 1671 1326 1381 1072 1254 593 320 799 808 4165 4165 4165 4165 
1518 1554 1661 1963 1325 1379 1071 1257 598 320 803 805 4165 4165 4165 4165 
1491 1679 1451 1603 1327 1380 1073 1257 607 321 813 819 4166 4166 4166 4166 
1649 2504 2088 2324 1324 1380 1071 1252 618 321 813 822 4166 4166 4166 4166 
2032 1506 2313 2356 1325 1685 1072 1252 2165 321 785 796 4166 830 4166 4166 
1551 1493 1571 1634 1325 1380 1074 1256 597 321 802 810 4166 4166 4166 4166 
1579 1514 1611 1794 1326 1380 1071 1255 590 321 794 799 4166 4166 4166 4166 
1555 1563 1419 1534 1323 1381 1073 1255 602 321 811 816 4165 4165 4165 4165 
1517 1402 1213 1299 1327 1381 1072 1254 597 321 4165 4165 4165 4165 4165 4165 
1524 1704 1474 1587 1325 1380 1074 1256 607 320 810 820 4166 4166 4166 4166 
1598 1585 1517 1596 1327 1379 1072 1258 597 320 807 815 4165 4165 4165 4165 
1577 1476 1597 1780 1327 1385 1074 1258 594 321 796 803 4165 4165 4165 4165 
1554 1569 1945 2141 1327 1380 1073 1254 599 321 799 805 4166 4166 4166 4166 
1506 1722 2349 2595 1326 1427 1074 1251 612 321 806 806 4166 0 4166 4166 
1515 1572 1540 1712 1323 1379 1071 1258 600 320 806 808 4165 4165 4165 4165 
1631 1434 1656 1735 1326 1381 1074 1256 584 321 785 793 4165 4165 4165 4165 
1500 1540 1486 1577 1323 1380 1071 1253 604 321 807 813 4166 4166 4166 4166 
1545 1484 1326 1484 1325 1381 1071 1255 601 320 815 810 4165 4165 4165 4165 
1540 1501 1436 1516 1385 1382 1073 1252 599 320 797 810 905 4165 4165 4165 
1550 1644 1418 1518 1325 1381 1070 1257 607 320 818 822 4166 4166 4166 4166 
1489 1481 1742 1988 1327 1382 1073 1255 603 321 792 801 4166 4166 4166 4166 
1481 1532 1404 1540 1326 1400 1074 1255 598 321 808 805 4166 1288 4166 4166 
1577 1513 1827 1974 1326 1382 1072 1258 591 321 784 799 4166 4166 4166 4166 
1468 1497 1425 1604 1327 1383 1073 1255 614 321 803 811 4166 4166 4166 4166 
1517 1511 2039 2165 1325 1379 1073 1253 601 321 791 796 4166 4166 4166 4166 
1498 1601 1847 2005 1325 1380 1071 1256 605 320 790 810 4166 4166 4166 4166 
1546 1496 1766 1869 1323 1380 1070 1250 593 320 796 801 4166 3103 4166 4166 
1496 1538 1535 1672 1326 1380 1073 1253 609 320 809 810 4165 4165 4165 4165 
1510 1734 1433 1597 1335 1381 1070 1255 613 321 814 820 4165 4165 4165 4165 
1587 1959 1662 1880 1385 1381 1074 1257 609 321 809 818 929 4165 4165 4165 
1526 1498 1435 1557 1325 1380 1073 1256 601 321 803 812 4166 4166 4165 4165 
1546 1540 1435 1545 1327 1383 1076 1259 601 321 799 816 4165 4165 4165 4165 
1557 1521 1421 1589 1326 1380 1074 1253 603 320 811 811 4165 4165 4165 4165 
1588 1488 1463 1537 1324 1383 1073 1255 592 320 805 807 4166 4166 4166 4166 
1636 1475 1681 1732 1327 1382 1074 1256 588 320 786 798 4165 4165 4165 4165 
1544 1517 1906 2002 1325 1380 1073 1257 595 320 791 805 4166 4166 4166 4166 
1470 1513 1474 1579 1326 1382 1074 1261 612 321 809 822 4165 4165 4165 4165 
1566 1538 1488 1565 1326 1381 1073 1256 593 321 803 808 4166 4166 4166 4167 
1612 1564 1493 1619 1324 1379 1073 1254 597 321 806 817 4166 4166 4165 4165 
1582 1534 1789 2146 1327 1381 1071 1255 599 321 794 797 4165 4165 4165 4165 
1499 1542 1503 1551 1327 1381 1074 1256 606 320 807 813 4165 4165 4165 4165 
1550 1467 1463 1570 1324 1379 1071 1253 1284 321 795 806 4165 4165 4165 4165 
1505 1421 1522 1651 1327 1380 1073 1254 587 321 791 791 4165 4165 4165 4165 
1600 2270 3195 3388 1323 1381 1070 1254 618 321 807 814 4165 4165 4165 4165 
1477 1784 1592 1812 1326 1379 1074 1256 618 321 819 817 4166 4166 4166 4166 
1672 1507 2265 2553 1325 1432 1073 1254 593 321 787 795 4166 865 4166 4166 
1639 1538 2148 2351 1326 1382 1073 1260 595 321 792 800 4165 4165 4165 4165 
1525 1505 1432 1554 1324 1380 1074 1253 600 321 805 804 4166 4166 4166 4166 
1536 1516 1582 1731 1326 1381 1074 1258 596 320 802 811 4166 4166 4165 4165 
1526 1429 2186 2450 1327 1382 1073 1255 590 320 788 783 4166 4166 4166 4166 
1578 1466 1541 1657 1337 1382 1073 1252 592 320 799 800 915 4166 4166 4166 
1429 1327 2628 2929 1325 1383 1071 1255 620 321 788 798 4165 4165 4165 4165 
1542 1511 1563 1675 1325 1380 1071 1255 601 321 801 806 4166 4166 4166 4166 
1531 1467 1458 1549 1327 1381 1074 1257 592 321 801 810 4166 4166 4166 4166 
1473 1511 1482 1590 1325 1382 1073 1253 594 321 808 805 4165 4165 4165 4165 
1540 1500 1397 1528 2098 1382 1073 1251 597 320 812 809 2056 4165 4165 4165 
1501 1505 1448 1541 1351 1381 1074 1259 604 320 805 817 896 4166 4166 4166 
1554 1780 1950 2053 1327 1486 1074 1256 610 320 804 816 4166 536 4166 4166 
1640 1515 1506 1614 1326 1382 1071 1258 597 321 805 812 4165 4165 4165 4165 
1452 1593 1481 1567 1324 1380 1071 1255 618 320 814 810 4167 4167 4167 4167 
1594 1506 1994 2185 1326 1380 1074 1254 593 320 789 800 4167 4167 4167 4167 
1473 1497 1478 1535 1381 1380 1073 1256 608 321 801 809 3 4166 4166 4166 
1473 1488 1477 1582 1325 1381 1071 1255 601 320 804 806 4166 4166 4166 4166 
1526 1607 3242 3530 1327 1381 1074 1257 606 320 793 797 4165 4165 4165 4165 
1520 1529 1601 1718 1325 1380 1071 1254 596 320 805 806 4165 4165 4164 4164 
1577 1488 1423 1527 1330 1381 1072 1257 592 320 804 807 4166 4166 4166 4166 
1661 1482 1738 1822 1325 1380 1071 1254 588 320 792 799 4165 4165 4165 4165 
1464 1532 1476 1721 1325 1380 1073 1253 613 320 818 804 4165 4165 4165 4165 
1502 1477 1854 1889 1325 1381 1074 1256 593 320 790 799 4166 4166 4166 4166 
1499 1503 1603 1687 1383 1378 1070 1251 605 320 807 812 891 4166 4166 4166 
6969 1716 1605 1697 1321 1376 1071 1251 4167 321 809 821 4167 4167 4167 4167 
1516 1508 1466 1562 1919 1378 1073 1252 595 321 807 812 875 4166 4166 4166 
1512 1505 1478 1597 1325 1380 1074 1255 598 320 811 813 4165 4165 4165 4165 
1508 1467 1425 1588 1324 1378 1072 1253 594 320 798 810 4166 4166 4166 4166 
1574 1542 1485 1597 1326 1383 1074 1257 597 321 808 809 4166 4166 4166 4166 
1577 1494 1486 1562 1326 1383 1073 1254 595 320 801 811 4165 4165 4165 4165 
1512 1520 1397 1547 1373 1380 1074 1255 594 320 807 812 898 4166 4166 4166 
1595 1535 1496 1587 1326 1381 1075 1255 605 320 813 809 4166 2495 4166 4166 
1522 1464 1414 1523 1325 1464 1073 1255 590 320 799 803 4165 1017 4165 4165 
1500 1367 1469 1570 1326 1384 1073 1254 581 321 779 788 4166 4166 4166 4166 
1595 1500 1597 1736 1323 1378 1071 1255 594 320 800 806 4165 4165 4165 4165 
1491 1702 1731 1839 1325 1382 1071 1257 608 320 803 816 4165 4165 4165 4165 
1507 1480 1784 2072 1330 1381 1073 1255 602 321 789 796 4166 4166 4165 4165 
1562 1484 1521 1621 1327 1381 1075 1259 592 321 805 809 4165 4165 4165 4165 
1509 1496 1442 1632 1328 1381 1074 1257 597 321 810 805 4167 4167 4167 4167 
1576 1471 1610 1725 1365 1380 1071 1254 592 320 793 801 888 4166 4166 4166 
1594 1491 1781 1932 1323 1380 1071 1255 589 321 792 789 4166 4166 4166 4166 
1564 1507 1455 1623 1326 1383 1073 1257 599 321 805 806 4166 4166 4166 4166 
1566 1568 1470 1529 1324 1378 1073 1256 595 320 807 813 4165 4165 4165 4165 
1473 1684 1657 1831 1326 1381 1073 1257 612 321 810 812 4166 4166 4166 4166 
1463 1402 1482 1636 1327 1383 1073 1255 592 320 790 797 4166 4166 4166 4166 
1509 1484 1422 1558 1326 1381 1074 1255 595 321 804 812 4166 2177 4165 4165 
1512 1471 1448 1565 1325 1380 1072 1254 593 321 794 805 4167 4167 4167 4167 
1514 1472 1695 1782 1325 1382 1072 1255 596 321 790 809 4166 3319 4166 4166 
1499 1615 1999 2166 1326 1383 1073 1255 609 321 800 803 4165 4165 4165 4165 
1536 1504 1447 1563 1326 1384 1074 1259 601 320 807 816 4166 4166 4166 4166 
1510 1491 1468 1589 1329 1383 1073 1256 599 320 804 806 4165 4165 4165 4165 
1528 1477 1426 1545 1326 1381 1073 1255 599 321 806 808 4165 4165 4165 4165 
1545 1505 1451 1514 1327 1382 1074 1256 596 320 803 813 4166 4166 4166 4166 
1523 1519 1818 2149 1323 1380 1071 1254 602 320 799 799 4166 4166 4166 4166 
1600 1759 1791 2044 1330 1383 1073 1255 608 321 811 808 4165 4165 4165 4165 
1503 1919 3943 4869 1338 1380 1072 1254 614 321 789 794 945 4166 4166 4166 
1654 1535 1418 1508 1325 1381 1071 1255 598 320 811 819 4166 4166 4166 4166 
1462 1514 1410 1563 1387 1380 1071 1255 606 321 810 807 1193 4165 4165 4165 
1492 1411 1441 1535 1324 1378 1071 1254 584 321 782 797 4166 4166 4166 4166 
1486 1492 1545 1676 1323 1378 1071 1254 598 321 807 808 4165 4165 4165 4165 
1590 1472 1479 1644 1326 1472 1073 1254 592 321 799 798 4166 867 4165 4165 
1550 1488 1462 1636 1323 1380 1071 1252 597 321 797 804 4166 4166 4166 4166 
1533 1742 1439 1498 1325 1379 1071 1255 606 321 818 813 4165 4165 4165 4165 
1554 1481 1739 1983 1327 1380 1071 1254 596 321 795 799 4165 4165 4165 4165 
1541 1514 1490 1558 1326 1382 1075 1257 596 320 807 819 4165 4165 4165 4165 
1545 1919 2165 2221 1326 1382 1074 1258 614 321 805 814 4166 4166 4166 4166 
1489 1527 1520 1743 1323 1402 1071 1254 603 320 801 810 4165 2451 4165 4165 
1494 1475 1633 1711 1326 1380 1073 1259 599 320 798 810 4165 4165 4165 4165 
1456 1575 1468 1511 1325 1381 1073 1259 612 320 810 819 4165 4165 4165 4165 
1522 1494 1415 1586 1325 1380 1074 1256 599 321 806 810 4166 4166 4166 4166 
1514 1508 1410 1591 1326 1381 1072 1256 596 321 808 810 4166 4166 4166 4165 
1521 1474 1432 1549 1325 1379 1071 1254 594 320 796 810 4166 4165 4165 4165 
1621 2249 1457 1560 1326 1416 1073 1255 615 321 827 836 4166 0 4166 4166 
1627 1475 1473 1575 1325 1381 1071 1256 590 321 804 803 4165 4165 4165 4165 
1623 1478 1494 1611 1327 1383 1075 1258 590 321 798 809 4166 4165 4165 4165 
1541 1487 1514 1668 1326 1380 1071 1256 596 321 800 809 4165 4165 4165 4165 
1468 1391 1775 1890 1325 1381 1072 1254 582 321 775 785 4166 4166 4165 4165 
1520 1549 1850 1986 1327 1382 1074 1257 602 321 798 799 4165 4165 4165 4165 
1530 1485 1437 1503 1323 1377 1072 1253 592 320 805 807 4166 4166 4166 4166 
1557 1509 1695 1873 1324 1378 1071 1254 597 320 797 797 4165 4165 4165 4165 
1526 1515 1440 1535 1325 1380 1072 1254 607 321 808 812 4166 4166 4166 4166 
1585 1758 2066 2375 1377 1381 1071 1255 605 321 809 808 914 4166 4166 4166 
1573 1646 1436 1532 1323 1381 1073 1256 602 321 813 826 4166 4166 4166 4166 
1574 1508 1702 1812 1325 1380 1070 1255 594 321 798 805 4165 4165 4165 4165 
1508 1750 1804 1971 1326 1381 1071 1258 609 320 808 810 4165 4165 4165 4165 
1571 1523 1465 1556 1411 1380 1074 1257 603 320 813 812 906 4166 4166 4166 
5367 1380 1208 1295 1423 8397 1068 1249 4166 321 4166 4166 863 1888 4166 4166 
1455 1516 1448 1550 1325 1381 1074 1257 614 320 807 814 4166 4166 4166 4166 
1571 1507 1899 2025 1326 1382 1072 1256 597 320 788 803 4165 4165 4165 4165 
1494 1678 2055 2341 1325 1381 1073 1254 613 321 802 810 4165 4165 4165 4165 
1517 1484 1519 1627 1324 1381 1073 1256 597 321 803 811 4166 4166 4166 4166 
1501 1606 1479 1612 1326 1382 1073 1256 605 321 808 814 4165 4165 4165 4165 
1432 1549 1471 1625 1326 1381 1073 1256 617 321 807 816 4165 4165 4165 4165 
1485 1537 1484 1546 1324 1380 1073 1256 601 321 808 813 4165 4165 4165 4165 
1591 1470 1692 1753 1326 1380 1073 1255 589 321 791 804 4165 4165 4165 4165 
1634 1497 1582 1731 1327 1381 1071 1257 591 321 802 808 4166 4166 4166 4166 
1522 1466 1545 1665 1323 1380 1072 1257 598 320 796 808 4165 4165 4165 4165 
1565 1454 1455 1477 1327 1396 1074 1254 600 320 813 810 4166 1340 4166 4166 
1537 1509 1639 1790 1325 1443 1073 1254 597 320 797 800 4166 861 4166 4166 
1623 1471 1733 1989 1326 1380 1073 1256 590 320 796 796 4165 4165 4165 4165 
1525 1602 1429 1575 1327 1381 1073 1256 606 321 810 819 4165 4165 4165 4165 
1507 1511 1665 1900 1325 1378 1073 1256 598 321 799 800 4165 4165 4165 4165 
1500 1477 1429 1566 1323 1456 1072 1255 589 322 804 809 4166 88 4165 4165 
1563 1458 1429 1574 1325 1469 1072 1253 599 320 806 809 4167 121 4167 4167 
1638 1562 1741 1850 1330 1460 1073 1255 537 321 799 807 4165 869 4165 4165 
1494 1505 1453 1618 1327 1383 1073 1253 601 320 807 809 4165 4165 4165 4165 
1533 1495 1515 1607 1326 1381 1072 1252 599 321 804 811 4167 4167 4167 4167 
1468 1693 1674 1880 1325 1377 1071 1257 619 321 804 816 4165 4165 4165 4165 
1532 1483 1721 1883 1378 1382 1073 1255 606 320 800 804 907 4165 4165 4165 
1509 1482 1494 1626 1327 1383 1075 1258 602 320 804 811 4165 4165 4165 4165 
1501 1511 1452 1562 1326 1381 1071 1254 603 320 810 810 4165 4165 4165 4165 
1511 1517 1398 1511 1327 1382 1075 1257 597 320 813 809 4165 4165 4165 4165 
1496 1518 1476 1498 1326 1381 1072 1254 598 320 807 808 3759 4165 4165 4165 
1516 1487 1898 2201 1326 1380 1073 1254 603 320 794 793 4165 4165 4165 4165 
1573 1477 1449 1591 1326 1380 1074 1255 597 320 797 810 4166 4166 4166 4166 
1602 1758 1858 2130 1324 1382 1069 1256 608 319 807 813 4165 4165 4165 4165 
1586 1691 1494 1626 1324 1380 1073 1254 602 320 812 810 4165 4165 4164 4164 
1481 1589 1441 1545 1324 1380 1072 1254 610 321 814 818 4166 4166 4166 4166 
1550 1469 1504 1605 1326 1380 1071 1253 597 321 799 809 4165 4165 4165 4165 
1457 1492 1386 1563 1326 1409 1074 1254 609 321 811 813 4165 0 4165 4165 
1552 1630 1452 1552 1325 1381 1073 1254 602 320 813 820 4165 4165 4165 4165 
1512 1724 1793 2036 1327 1382 1074 1255 607 320 811 810 4165 4165 4165 4165 
1580 1497 1408 1588 1326 1380 1074 1253 595 321 813 803 4165 4165 4165 4165 
1561 1710 1533 1727 1363 1379 1071 1258 608 321 818 816 931 4165 4165 4165 
1549 1414 1440 1563 1324 1380 1075 1255 593 321 796 803 4165 4165 4165 4165 
1487 1498 1670 1953 2234 1381 1071 1255 600 320 806 797 2057 4166 4165 4165 
1536 1502 1415 1595 1327 1380 1074 1255 597 320 800 805 4166 4166 4165 4165 
1537 1713 2042 2233 1324 1381 1071 1252 605 321 802 809 4165 4165 4165 4165 
1512 1500 1447 1498 1325 1381 1071 1249 598 321 809 807 4166 4166 4166 4166 
1525 1524 1548 1620 1327 1380 1072 1256 602 321 810 810 4165 4165 4165 4165 
1524 1458 1897 2201 1326 1380 1071 1256 589 321 788 790 4165 4165 4165 4165 
1498 1507 1491 1579 1327 1381 1072 1257 602 321 809 813 4166 4166 4166 4166 
1547 1638 1651 1850 1326 1381 1072 1252 604 321 810 811 4167 4167 4167 4167 
1609 1449 1642 1760 1323 1380 1071 1253 590 321 796 803 4165 4165 4165 4165 
1529 1567 1400 1540 1325 1379 1071 1255 600 320 807 813 4166 4166 4166 4166 
1540 1899 1730 2094 1327 1382 1074 1256 613 320 814 807 4165 4165 4165 4165 
1481 1480 2094 2072 1327 1383 1075 1258 604 320 784 806 4166 4166 4166 4166 
1604 1488 2855 3350 1326 1379 1073 1254 598 321 780 781 4165 4165 4165 4165 
1537 1507 1499 1642 1326 1381 1074 1254 600 321 809 812 4166 4166 4166 4166 
1604 1541 1443 1530 1326 1381 1073 1254 599 321 805 817 4165 4165 4165 4165 
1494 1431 1397 1546 1324 1382 1073 1253 596 321 802 807 4165 4165 4165 4165 
1502 1500 1567 1682 1410 1380 1072 1254 603 320 806 810 76 4166 4166 4166 
1556 1412 1654 1895 1325 1381 1073 1250 584 320 769 793 4166 4166 4166 4166 
1503 1511 1549 1673 1327 1382 1076 1258 599 321 799 803 4165 4165 4165 4165 
1532 1524 1490 1604 1326 1380 1073 1255 597 320 811 811 4165 4165 4165 4165 
1460 1497 1442 1506 1329 1382 1073 1253 603 321 805 815 4166 4166 4166 4166 
1536 1401 1451 1551 1330 1381 1071 1255 581 321 792 793 4166 4166 4166 4166 
1534 1470 1423 1511 1326 1380 1071 1257 591 321 797 816 4166 4166 4166 4166 
1562 1502 2051 2339 1327 1383 1075 1255 597 321 789 795 4165 4165 4165 4165 
1496 1496 1896 1854 1323 1380 1071 1255 607 320 789 810 4165 4165 4165 4165 
1549 1490 1745 1895 1327 1381 1075 1257 592 320 791 803 4166 4166 4166 4166 
1541 1444 1522 1665 1326 1378 1071 1256 593 320 799 804 4165 4165 4165 4165 
1492 1472 1507 1615 1324 1493 1071 1255 598 320 806 803 4165 862 4165 4165 
1465 1471 1629 1730 1326 1381 1073 1258 608 320 796 808 4165 4165 4165 4165 
1477 1466 1423 1549 1324 1381 1071 1255 596 320 800 807 4165 4165 4165 4165 
1447 1517 1465 1538 1325 1375 1071 1256 608 320 804 806 4165 4165 4165 4165 
1628 1707 2209 2557 8719 1450 1074 1254 602 320 807 802 1986 859 4166 4166 
1562 1653 1983 2147 1323 1378 1070 1253 608 320 803 806 4165 4165 4165 4165 
1588 1498 1443 1539 1323 1379 1071 1254 595 320 802 818 4164 4164 4164 4164 
1538 1551 1665 2000 1324 1381 1071 1255 611 321 812 803 4165 4165 4165 4165 
1492 1506 2451 2708 1325 1412 1071 1255 596 321 787 797 4165 965 4165 4165 
1472 1565 1446 1491 1324 1381 1071 1256 609 320 811 816 4165 4164 4164 4164 
1585 1473 1442 1596 1325 1379 1072 1254 597 321 805 810 4166 4166 4166 4166 
1486 1510 1482 1673 1322 1379 1071 1254 596 320 806 806 4165 4165 4165 4165 
1546 1509 1765 1911 1324 1381 1071 1254 598 320 787 799 4165 4165 4165 4165 
1548 1747 1836 2036 1326 1379 1073 1254 610 320 806 811 4166 4166 4166 4166 
1498 1493 1692 1860 1326 1381 1073 1258 601 320 792 803 4166 4166 4166 4166 
1477 1511 1448 1540 1323 1434 1070 1255 607 319 809 814 4165 431 4165 4165 
1497 1761 2386 2685 1326 1380 1074 1255 613 320 795 805 4165 4165 4164 4164 
1526 1514 1503 1562 1324 1381 1073 1254 598 321 802 807 4164 4164 4164 4164 
1481 1815 1964 2099 1327 1382 1075 1258 613 321 808 813 4166 4166 4166 4166 
1495 1505 1491 1572 1324 1379 1070 1254 597 321 806 807 4166 4166 4166 4166 
1504 1534 1470 1570 1325 1382 1071 1259 596 320 806 809 4165 4165 4165 4165 
1460 1526 1702 1836 1325 1381 1073 1256 597 321 796 806 4165 4165 4165 4165 
1523 1458 1458 1526 1323 1378 1071 1254 596 320 796 807 4165 4165 4165 4165 
1519 1497 1410 1521 1324 1437 1071 1255 601 320 806 817 4166 905 4166 4166 
1488 1523 2015 2346 1323 1380 1071 1252 598 321 795 797 4165 4165 4165 4165 
1497 1687 1483 1571 1322 1379 1071 1255 608 320 807 819 4165 4165 4165 4165 
1505 1466 1623 1805 1327 1381 1074 1255 596 320 800 807 4165 4165 4165 4165 
1532 1406 1446 1596 1329 1383 1073 1257 587 320 796 804 4166 4166 4166 4166 
1476 1496 1493 1591 1325 1380 1071 1256 603 320 808 812 4166 4166 4165 4165 
1578 1515 1700 1864 1325 1479 1072 1258 594 320 797 801 4165 863 4165 4165 
1445 1503 1990 2183 1325 1379 1073 1253 606 320 796 799 4165 4165 4165 4165 
1557 1560 1501 1650 1325 1380 1074 1254 598 320 805 810 4166 4166 4166 4166 
1516 1476 1554 1654 1325 1381 1073 1253 595 321 797 801 4166 2237 4166 4166 
1528 1774 1948 2010 1325 1380 1072 1253 615 321 805 816 4166 4166 4166 4166 
1507 1466 1412 1561 1407 1379 1072 1255 596 321 805 809 883 4165 4165 4165 
1484 1487 1382 1561 1325 1381 1071 1255 603 320 804 816 4165 4165 4165 4165 
1492 1371 1447 1597 1326 1380 1073 1257 576 320 780 782 4165 4165 4165 4165 
1529 1621 1439 1535 2577 1381 1073 1258 606 320 813 815 2039 4166 4166 4166 
1508 1456 1476 1564 1325 1381 1073 1256 591 321 802 794 4165 4165 4165 4165 
1512 1548 1418 1541 1322 1377 1071 1256 601 320 807 809 4165 4165 4165 4165 
1508 1499 1471 1621 1326 1382 1071 1253 594 320 803 809 4165 4165 4165 4165 
1497 1487 1478 1652 1378 1380 1071 1258 598 321 805 809 915 4166 4166 4166 
1466 1466 1421 1560 1324 1379 1071 1255 600 321 806 806 4165 4165 4165 4165 
1532 1482 1451 1583 1325 1379 1073 1257 594 321 805 808 4165 4165 4165 4165 
1520 1660 1746 1951 1329 1379 1074 1257 613 321 810 813 4166 4166 4166 4166 
1561 1555 1927 2195 1325 1383 1075 1254 603 321 805 802 4165 4165 4165 4165 
1563 1552 1858 2042 1326 1381 1073 1254 608 320 807 812 4165 4165 4165 4165 
1585 1471 1501 1691 1325 1380 1073 1256 595 320 801 804 4166 4166 4166 4166 
1625 1517 1427 1551 1324 1382 1072 1254 593 320 803 809 4165 4165 4165 4165 
1518 1479 1434 1566 1406 1383 1071 1258 601 320 807 810 884 4165 4165 4165 
1504 1529 1445 1494 1328 1384 1073 1250 601 320 805 816 4165 4165 4165 4165 
1503 1508 1501 1603 1327 1383 1075 1250 596 321 810 813 4165 4165 4165 4165 
1478 1512 1464 1566 1329 1383 1072 1255 602 321 805 816 4165 4165 4165 4165 
1578 1518 1423 1530 1325 1379 1074 1254 593 320 803 818 4166 2234 4165 4165 
1549 1466 1470 1583 1324 1380 1073 1255 592 320 801 812 4166 4166 4166 4166 
1486 1495 1470 1555 1327 1382 1075 1257 598 321 805 811 4165 4165 4165 4165 
1523 1495 1389 1527 1373 1380 1072 1254 596 321 810 810 897 4166 4166 4166 
1561 1462 1465 1553 1325 1423 1070 1255 593 321 800 808 4167 91 4167 4167 
1507 1559 1422 1607 1325 1378 1073 1253 607 320 813 812 4166 4166 4166 4166 
1451 1501 2396 2574 1326 1382 1075 1254 611 320 787 795 4166 4166 4165 4165 
1508 1524 1404 1498 1327 1381 1071 1256 602 321 813 821 4166 4166 4165 4165 
1507 1550 1409 1504 1324 1380 1071 1255 600 320 808 820 4165 4165 4165 4165 
1464 1475 1530 1575 1372 1379 1071 1253 610 321 803 807 925 4166 4166 4166 
1504 1470 1421 1570 1326 1380 1072 1255 597 321 812 806 4165 4165 4165 4165 
1455 1519 1509 1679 1325 1380 1073 1258 609 321 804 807 4166 4166 4166 4166 
1556 1531 1496 1593 1325 1382 1074 1253 602 320 808 817 4165 4165 4165 4165 
1478 1526 1458 1525 1326 1463 1074 1250 612 321 804 815 4166 865 4166 4166 
1484 1550 1532 1643 1325 1379 1072 1255 601 320 803 811 4165 4165 4165 4165 
1487 1528 1652 1859 1389 1381 1071 1258 599 322 797 803 894 4166 4166 4166 
1528 1479 1411 1508 1326 1380 1074 1259 603 321 813 810 4165 4165 4165 4165 
1523 1489 1481 1594 1326 1481 1072 1254 592 321 804 808 4165 1301 4165 4165 
1537 1520 2043 2204 1327 1382 1073 1258 604 321 792 803 4166 4166 4166 4166 
5453 1557 1402 1543 1325 1378 1069 1254 2013 320 816 816 4166 4166 4166 4166 
1540 1477 1474 1519 1326 1380 1071 1256 593 320 797 811 4165 4165 4165 4165 
1455 1525 1723 1913 1327 1381 1074 1256 607 321 798 801 4165 4165 4165 4165 
1506 1504 1429 1582 1325 1381 1073 1253 596 321 807 807 4166 4166 4165 4165 
1497 1450 1464 1513 1357 1382 1071 1257 594 321 790 804 901 4165 4165 4165 
1551 1457 1453 1565 1327 1455 1074 1254 591 320 804 806 4165 848 4165 4165 
1582 1487 1446 1518 1326 1384 1073 1260 592 320 806 814 4165 4165 4165 4165 
1578 1547 1448 1587 1349 1381 1071 1254 595 321 809 808 907 4166 4166 4166 
1528 1523 1546 1695 1326 1380 1072 1258 601 321 805 810 4165 4165 4165 4165 
1502 1502 1447 1610 1325 1390 1071 1259 595 320 806 807 4165 1771 4165 4165 
1470 1499 1678 1896 1325 1380 1072 1256 600 321 798 802 4167 4167 4167 4167 
1493 1538 1427 1587 1363 1379 1073 1255 602 321 803 811 913 4165 4165 4165 
1495 1393 1518 1650 1327 1382 1071 1256 589 321 785 789 4165 4165 4165 4165 
1458 1527 1876 2129 1323 1380 1071 1254 541 321 801 802 4166 4166 4166 4166 
1546 1639 1637 1708 1325 1380 1071 1252 610 321 802 818 4165 4165 4165 4165 
1501 1770 1996 2158 1322 1378 1070 1255 613 321 801 817 4165 4165 4165 4165 
1802 1515 1424 1470 1324 1382 1071 1252 1247 321 802 817 4167 4167 4167 4167 
1493 1517 1440 1623 1349 1381 1072 1254 609 320 803 812 929 3627 4165 4165 
1571 1503 1443 1555 1326 1383 1074 1255 599 320 813 812 4165 4165 4165 4165 
1512 1683 1620 1727 1335 1382 1071 1257 610 321 810 821 4165 4165 4165 4165 
1540 1482 1512 1567 1329 1381 1071 1259 596 320 804 810 4165 4165 4165 4165 
1650 1478 1842 1950 1361 1381 1073 1257 593 320 794 800 937 4165 4165 4165 
1587 1685 1571 1596 1326 1381 1073 1256 601 321 813 820 4166 4166 4166 4166 
1498 1489 1426 1536 1324 1380 1072 1259 609 320 805 810 4166 4166 4165 4165 
1651 1500 1453 1595 1324 1381 1073 1256 589 321 805 811 4166 4166 4166 4166 
1485 1693 1726 1897 1327 1466 1073 1255 614 320 808 813 4166 860 4166 4166 
1559 1529 1506 1598 1324 1379 1073 1254 598 321 811 812 4165 4165 4165 4165 
1576 1512 1794 2003 1328 1383 1074 1257 599 320 797 799 4165 4165 4165 4165 
1568 1377 1477 1609 1327 1382 1073 1257 568 320 774 780 4166 4166 4166 4166 
1545 1534 1430 1568 1325 1382 1071 1255 600 321 803 811 4165 4165 4165 4165 
1563 1842 1727 1882 1325 1381 1072 1253 609 320 809 816 4167 4167 4167 4167 
1518 1490 1440 1532 1325 1377 1074 1255 592 320 800 807 4165 4165 4165 4165 
1507 1581 1429 1577 1326 1382 1073 1257 602 320 810 824 4166 4166 4166 4166 
1524 1412 1213 1298 1324 1378 1071 1253 594 321 4166 4166 4166 4166 4166 4166 
1871 1529 1693 1771 1325 1511 1073 1252 1609 320 797 805 4166 832 4166 4166 
1537 1462 1429 1512 1324 1380 1071 1255 589 320 797 806 4166 4166 4166 4166 
1496 1496 1218 1301 1327 1382 1074 1252 598 321 4166 4166 4166 4166 4166 4166 
1517 1498 1583 1724 1327 1382 1073 1254 598 321 805 805 4166 4166 4165 4165 
1469 1503 1463 1635 1326 1381 1073 1255 610 320 802 809 4165 4165 4165 4165 
1572 1484 1462 1552 1325 1381 1072 1256 593 320 807 808 4166 4166 4166 4166 
1522 1505 1406 1532 1391 1380 1074 1255 599 320 807 816 899 4167 4167 4167 
1500 1494 1437 1537 1325 1381 1073 1258 601 321 806 814 4166 4166 4166 4166 
1430 1508 1607 1794 1326 1381 1072 1254 620 320 793 797 4166 4166 4166 4166 
1482 1475 1430 1553 1327 1383 1073 1255 598 320 812 815 4166 4166 4166 4166 
1523 1609 1378 1546 1325 1380 1072 1255 606 321 807 814 4165 4165 4165 4165 
1514 1482 1640 1699 1326 1383 1076 1255 600 320 791 800 4166 4166 4166 4166 
1485 1527 2163 2414 1326 1379 1073 1254 600 321 787 796 4165 4165 4165 4165 
1531 1472 1386 1517 1325 1381 1071 1259 593 320 807 812 4165 4165 4165 4165 
1471 1518 1535 1692 1324 1382 1071 1254 607 321 804 816 4165 4165 4165 4165 
1454 1493 1592 1717 1326 1384 1074 1255 607 321 798 804 4165 4165 4165 4165 
1536 1560 1354 1550 1325 1380 1074 1254 600 321 816 818 4165 4165 4165 4165 
1504 1570 1890 1986 1323 1379 1071 1256 603 321 794 801 4165 4165 4165 4165 
1477 1502 1526 1595 1326 1380 1073 1255 607 320 803 811 4165 4165 4165 4165 
1529 1559 1443 1609 1327 1459 1073 1255 599 321 808 814 4167 732 4167 4167 
1481 1647 1480 1521 1326 1381 1074 1253 612 320 812 824 4166 4166 4166 4166 
1551 1570 1413 1578 1326 1381 1071 1254 606 320 813 816 4166 4166 4166 4166 
1547 1466 1433 1533 1323 1379 1071 1255 595 320 809 807 4165 4165 4165 4165 
1535 1489 1422 1554 1352 1378 1071 1259 593 321 800 808 1498 4166 4166 4166 
1540 1477 1794 1963 1325 1381 1071 1256 617 321 813 823 4166 4166 4165 4165 
1660 1433 2338 2735 1326 1381 1071 1256 587 321 783 774 4166 4166 4166 4166 
1514 1656 1451 1555 1325 1413 1074 1258 607 320 814 824 4166 872 4166 4166 
1518 1521 1420 1561 1323 1382 1071 1255 598 320 808 815 4165 4165 4165 4165 
1450 1546 1662 1820 1326 1414 1072 1255 613 320 799 808 4166 1124 4166 4167 
1492 1460 1416 1566 1326 1428 1072 1256 602 320 800 809 4165 847 4165 4165 
1513 1538 1431 1542 1325 1406 1071 1254 604 321 804 809 4166 0 4166 4166 
1532 1511 1487 1560 1324 1377 1071 1255 599 321 800 808 4165 4165 4165 4165 
1607 1422 1697 1746 1325 1381 1071 1256 585 321 786 796 4165 4165 4165 4165 
1564 1470 1435 1560 1365 1380 1071 1258 600 321 804 807 916 4166 4166 4166 
1493 1519 1491 1682 1324 1382 1072 1258 611 320 805 811 4166 4166 4166 4166 
1544 1502 1379 1569 1325 1380 1072 1255 594 320 812 808 4166 4166 4165 4165 
1528 1494 1416 1537 1325 1380 1071 1254 600 320 813 813 4165 4165 4165 4165 
1532 1557 1450 1582 1327 1382 1071 1255 605 320 808 811 4165 4165 4165 4165 
1538 1535 1423 1592 1325 1382 1073 1254 598 321 809 816 4166 4166 4166 4166 
1522 1541 1392 1487 1326 1380 1073 1256 601 320 808 811 4165 4165 4165 4165 
1512 1504 1459 1621 1325 1380 1071 1256 605 321 809 810 4167 4167 4167 4167 
1528 1519 1411 1503 1324 1380 1073 1255 594 321 805 813 4165 4165 4165 4165 
1548 1502 1494 1602 1325 1380 1073 1257 594 321 806 809 4166 4166 4166 4166 
1593 1521 1447 1585 1326 1381 1072 1255 598 321 809 816 4166 4166 4166 4166 
1452 1497 1495 1682 1327 1381 1073 1255 612 321 812 808 4165 4165 4165 4165 
1569 1472 1444 1577 1327 1383 1074 1255 595 320 806 806 4166 4166 4166 4166 
1484 1592 1665 1728 1322 1377 1070 1252 607 321 805 810 4166 4166 4166 4166 
1455 1498 1469 1567 1326 1381 1073 1255 604 321 807 812 4166 4166 4166 4166 
1828 1914 2413 2627 1325 1379 1073 1254 1628 321 808 812 4166 4166 4165 4165 
1572 1509 1482 1587 1326 1380 1071 1256 596 320 799 812 4167 4167 4167 4166 
1498 1441 1495 1568 1325 1381 1073 1255 593 321 787 797 4166 4166 4166 4166 
1547 1832 2230 2610 1327 1461 1074 1257 612 321 809 808 4167 914 4167 4167 
1521 1604 1234 1350 1324 1497 1073 1254 611 321 941 827 4166 1435 4166 4166 
1688 1471 1445 1507 1326 1381 1071 1255 586 322 802 811 4166 4166 4166 4166 
1597 1484 1421 1548 1324 1380 1071 1256 592 320 805 811 4166 4166 4166 4166 
1493 1490 1461 1631 1323 1380 1070 1255 594 321 800 800 4165 4165 4165 4165 
1517 1518 1491 1678 1326 1381 1072 1256 599 320 802 805 4165 4165 4164 4164 
1509 1461 1500 1542 1326 1399 1073 1255 596 320 806 807 4166 4166 4166 4166 
1543 1583 1521 1643 1330 1381 1074 1256 601 321 809 811 4166 4166 4166 4166 
1522 1486 2219 2532 1326 1481 1071 1256 605 321 796 795 4166 841 4166 4166 
1482 1498 1419 1563 1324 1380 1071 1255 609 321 809 808 4166 4166 4166 4166 
1475 1507 1502 1666 1324 1380 1073 1254 607 321 807 803 4166 4166 4166 4166 
1536 1440 1465 1607 1327 1381 1075 1255 595 321 801 804 4165 4165 4165 4165 
1504 1519 1502 1630 1325 1381 1071 1253 600 320 804 810 4166 4166 4166 4166 
1656 1495 1493 1687 1326 1381 1073 1255 593 320 802 808 4165 4165 4165 4165 
1532 1499 1510 1584 1394 1382 1073 1259 601 320 800 808 901 4166 4166 4166 
1527 1734 1485 1601 1323 1379 1072 1255 608 320 806 821 4166 4166 4166 4166 
1480 1626 1757 1875 1324 1382 1074 1250 615 321 800 813 4165 4165 4165 4165 
1636 1546 1461 1528 1327 1428 1074 1257 599 321 808 820 4166 865 4166 4166 
1479 1514 1603 1664 1325 1455 1071 1258 611 318 801 807 4163 853 4163 4163 
1614 1494 2091 2278 1326 1382 1073 1256 593 320 791 797 4166 4166 4166 4166 
1625 1663 1763 1926 1326 1418 1070 1254 604 321 809 811 4165 1566 4165 4165 
1502 1529 1406 1546 1325 1381 1070 1256 610 321 803 811 4165 4165 4165 4165 
1499 1515 1504 1583 1327 1381 1072 1256 604 321 809 817 4166 4166 4166 4166 
1503 1402 1899 2226 1325 1381 1074 1256 586 320 780 781 4165 4165 4165 4165 
1524 1463 1520 1724 1324 1380 1073 1256 590 321 795 799 4165 4165 4165 4165 
1496 1474 1436 1607 1326 1380 1073 1256 596 320 800 806 4167 4167 4166 4166 
1497 1559 1452 1575 1327 1382 1074 1253 603 321 806 814 4166 4166 4166 4166 
1574 1743 1452 1495 1327 1384 1074 1254 607 321 816 825 4166 4166 4165 4165 
1534 1500 1420 1560 1324 1381 1073 1256 601 321 809 811 4167 4167 4166 4166 
1495 1575 1933 1981 1363 1380 1073 1256 604 319 794 804 908 4166 4166 4166 
1513 1445 1476 1637 1325 1439 1072 1255 591 321 802 797 4165 1024 4165 4165 
1525 1515 1475 1527 1330 1383 1075 1259 601 321 804 804 4165 4165 4165 4165 
1554 1492 1496 1679 1324 1381 1073 1255 593 321 802 807 4166 4166 4166 4166 
1598 1453 1717 1935 1325 1380 1073 1253 586 321 793 796 4167 4167 4167 4167 
1615 1484 1496 1620 1324 1379 1071 1257 590 321 799 806 4166 4166 4166 4166 
1459 1749 1654 1834 1325 1382 1074 1258 625 321 811 811 4166 4166 4166 4166 
1544 1470 1890 2084 1385 1382 1072 1255 597 321 795 797 891 4166 4166 4166 
1597 1511 1432 1551 1327 1381 1075 1259 598 321 807 814 4167 4167 4167 4167 
1610 1500 1408 1546 1326 1379 1074 1258 597 321 811 806 4166 4166 4166 4166 
1542 1467 1409 1604 1327 1381 1072 1255 594 321 802 802 4166 4166 4166 4166 
1437 1490 1551 1747 1326 1380 1073 1257 610 321 812 796 4166 4166 4166 4166 
1482 1836 1570 1787 1324 1380 1071 1256 620 320 817 816 4166 4166 4166 4166 
1505 1705 1862 2090 1324 1379 1073 1256 612 321 799 809 4167 4167 4167 4167 
1487 1494 1482 1596 1327 1380 1071 1250 602 321 803 806 4166 4166 4166 4166 
1550 1482 1457 1471 1327 1381 1072 1257 594 321 808 812 4165 4165 4165 4165 
1494 1466 1421 1557 1325 1380 1072 1256 601 320 807 806 4166 4166 4166 4166 
1482 1543 1443 1559 1324 1467 1074 1255 607 320 812 812 4166 867 4166 4166 
1494 1486 1437 1569 1327 1382 1074 1259 603 320 808 812 4165 4165 4165 4165 
1485 1454 1674 1928 1359 1382 1073 1254 600 321 796 789 898 4165 4165 4165 
1540 1505 1425 1520 1327 1449 1072 1258 598 321 812 808 4166 1235 4166 4166 
1478 1494 1567 1731 1327 1380 1073 1253 592 321 798 796 4166 4166 4166 4166 
1498 1525 1429 1570 1324 1382 1072 1254 610 320 803 815 4166 4166 4166 4166 
1573 1506 1479 1545 1325 1382 1072 1251 593 321 797 807 4166 4166 4166 4166 
1721 1589 1944 2089 1436 1429 1074 1257 592 320 794 806 908 860 4166 4166 
1535 1517 1412 1519 1326 1382 1071 1254 602 320 816 810 4166 4166 4165 4165 
1529 1486 1967 2091 1325 1382 1071 1253 595 320 787 802 4165 4165 4165 4165 
1531 1492 1412 1529 1323 1379 1070 1253 596 321 808 809 4166 4166 4166 4166 
1498 1484 1459 1551 1329 1437 1076 1257 600 320 808 806 4165 1646 4165 4165 
1473 1568 1597 1762 1325 1380 1071 1258 618 321 806 815 4165 4165 4165 4165 
1529 1602 2344 2384 1326 1381 1071 1256 600 320 791 809 4166 4166 4165 4165 
1581 1508 1461 1537 1323 1379 1074 1254 594 320 806 819 4165 4165 4165 4165 
1534 1463 1456 1539 1325 1383 1073 1254 592 321 803 809 4166 4166 4166 4166 
1594 1607 1433 1570 1325 1377 1071 1254 599 321 813 819 4166 4166 4166 4166 
1695 1512 1465 1575 1327 1380 1073 1254 592 321 809 810 4166 4166 4166 4166 
1475 1612 1459 1608 1325 1381 1073 1254 610 320 825 809 4166 4166 4166 4166 
1512 1444 1537 1617 1326 1381 1073 1256 596 321 795 808 4167 4167 4166 4166 
1502 1472 1476 1518 1326 1382 1074 1258 601 320 807 816 4166 4166 4166 4166 
1554 1496 1521 1626 1325 1380 1071 1252 594 320 798 805 4167 4167 4167 4167 
1512 1772 1525 1582 1323 1380 1070 1256 616 320 818 825 4166 4166 4166 4166 
1555 1478 1799 1992 1325 1382 1071 1257 597 321 798 798 4167 4167 4167 4167 
1532 1679 1790 1799 1327 1380 1072 1257 611 321 799 811 4166 4166 4166 4166 
1532 1491 1433 1534 1326 1381 1075 1255 593 321 812 810 4166 4166 4166 4166 
1477 1476 1627 1769 1327 1381 1071 1256 602 320 799 806 4165 2799 4165 4165 
1540 1486 1458 1571 1326 1382 1071 1258 598 320 806 807 4166 4166 4166 4166 
1536 1524 1807 2019 1362 1383 1075 1255 599 321 791 803 932 4166 4166 4166 
1484 1498 1386 1536 1326 1428 1071 1256 596 321 811 807 4166 875 4166 4166 
1607 1505 1438 1565 1327 1384 1074 1258 592 320 804 802 4164 4164 4164 4164 
1632 1516 1640 1751 1326 1381 1075 1257 594 321 798 801 4166 4166 4166 4166 
1547 1430 1470 1626 1327 1383 1071 1256 589 321 799 802 4166 4166 4166 4166 
1505 1515 1451 1573 1358 1437 1071 1255 598 320 811 809 908 816 4167 4167 
1510 1543 1530 1647 1325 1381 1072 1256 609 319 807 808 4164 4164 4164 4164 
1562 1508 1463 1601 1326 1378 1071 1256 598 321 806 808 4166 4166 4166 4166 
1498 1463 1453 1597 1325 1377 1071 1256 594 320 802 803 4167 4167 4167 4167 
1599 1459 1471 1555 1324 1381 1072 1254 591 320 796 810 4167 4167 4167 4167 
1536 1490 1450 1579 1325 1381 1072 1256 593 320 804 807 4166 4166 4166 4166 
1521 1789 1512 1582 1326 1380 1073 1258 614 321 814 822 4167 4167 4167 4167 
1481 1637 1580 1762 1324 1378 1073 1254 611 320 807 817 4166 4166 4165 4165 
1507 1579 1766 1857 1326 1381 1072 1253 602 321 796 811 4165 4165 4165 4165 
1556 1481 1706 1834 1326 1381 1071 1254 594 321 793 803 4165 4165 4165 4165 
1434 1495 1449 1532 1325 1381 1073 1255 608 322 808 813 4166 4166 4166 4166 
1508 1484 1404 1531 1324 1396 1071 1256 602 321 803 814 4165 4165 4165 4165 
1449 1513 1430 1509 1326 1380 1074 1255 612 321 813 816 4166 4166 4166 4166 
1481 1472 1366 1527 1330 1383 1074 1255 595 321 804 813 4166 4166 4166 4166 
1866 1522 1884 1998 1325 1380 1070 1253 1605 321 790 806 4165 4165 4165 4165 
1604 1527 1781 1874 1325 1486 1070 1255 599 321 798 806 4166 761 4166 4166 
1668 1502 1465 1545 1327 1379 1071 1258 589 321 802 815 4166 4166 4166 4166 
1519 1493 1500 1628 1324 1379 1073 1255 599 322 807 804 4166 4166 4166 4166 
1509 1476 1440 1528 1327 1382 1074 1254 594 320 800 812 4166 4166 4166 4166 
1470 1653 1462 1578 1325 1378 1072 1254 617 321 816 823 4166 4166 4166 4166 
1480 1551 1553 1690 1327 1379 1073 1260 606 320 805 809 4166 4166 4166 4166 
1524 1482 2042 2221 1326 1382 1073 1258 600 320 785 801 4166 4166 4166 4166 
1488 1540 1446 1534 1326 1380 1069 1253 610 321 814 819 4165 4165 4165 4165 
1465 1526 1619 1655 1327 1382 1075 1256 598 321 801 809 4166 4166 4166 4166 
1562 1429 1492 1609 1324 1379 1070 1254 585 321 788 799 4166 4166 4166 4166 
1512 1511 1526 1591 1326 1377 1070 1253 599 321 804 811 4166 4166 4166 4166 
1596 1527 2003 2408 1325 1539 1072 1256 600 320 801 799 4167 850 4167 4167 
1430 1581 1698 1949 1324 1379 1073 1255 618 320 803 799 4165 4165 4165 4165 
1584 1470 1435 1522 1325 1380 1072 1257 594 320 810 811 4166 4166 4166 4166 
1474 1541 1553 1669 1324 1431 1074 1256 606 320 805 808 4166 1076 4166 4166 
1536 1492 1402 1505 1326 1382 1073 1252 599 321 816 821 4167 4167 4166 4166 
1461 2049 1993 2052 1325 1380 1071 1256 620 320 807 819 4166 3395 4166 4166 
1542 1536 1490 1581 1323 1409 1070 1252 601 322 809 814 4166 1531 4166 4166 
1553 1510 1447 1568 1326 1380 1072 1255 602 320 801 809 4167 4167 4167 4167 
1502 1741 1577 1776 1325 1381 1073 1257 618 320 814 819 4166 4166 4166 4166 
1480 1495 1757 1884 1326 1381 1073 1255 608 320 795 797 4166 4166 4166 4166 
1592 1690 2257 2446 1357 1380 1072 1256 603 320 798 806 911 4166 4166 4166 
1519 1461 1416 1530 1359 1383 1072 1255 593 320 802 822 888 4166 4166 4166 
1618 1581 1972 2133 1343 1381 1072 1256 597 320 795 803 914 4167 4167 4167 
1737 1927 1778 2007 1415 9526 1073 1256 606 320 813 817 902 1933 4166 4166 
1456 1751 1842 2020 1386 1381 1072 1255 626 320 810 813 905 4166 4166 4166 
1557 1514 1416 1551 1326 1382 1074 1257 599 320 811 814 4165 4165 4165 4165 
1473 1637 1468 1533 1325 1381 1072 1255 615 321 817 819 4165 4165 4165 4165 
1597 1547 1451 1573 1329 1380 1074 1255 602 321 809 815 4166 4166 4165 4165 
1551 1476 1668 1825 1327 1383 1075 1258 590 321 794 800 4166 4166 4166 4166 
1531 1671 1947 2366 5239 1399 1072 1250 615 321 812 810 1997 897 4166 4166 
1572 1469 1406 1578 1326 1379 1071 1256 588 320 804 805 4165 4165 4165 4165 
1548 1533 1462 1559 1326 1378 1072 1256 598 320 810 813 4166 4166 4166 4166 
1533 1527 1461 1620 1351 1379 1072 1256 600 320 806 809 892 4166 4166 4166 
1676 1837 2004 2247 1325 1380 1071 1256 608 321 807 805 4167 4167 4167 4167 
1495 1532 1406 1557 1325 1381 1073 1255 605 321 812 809 4166 4166 4166 4166 
1584 1532 1659 1853 1327 1377 1074 1254 598 321 806 803 4167 4167 4167 4167 
1548 1498 1388 1524 1327 1381 1073 1255 597 321 809 811 4167 4167 4167 4167 
1609 1508 1434 1539 1325 1380 1072 1253 596 321 806 816 4166 4166 4166 4166 
1628 1507 1435 1545 1326 1381 1073 1257 593 321 810 814 4165 4165 4165 4165 
1528 1491 1413 1572 1325 1380 1071 1256 600 321 812 808 4166 4166 4166 4166 
1562 1563 1479 1538 1326 1382 1072 1254 596 320 803 816 4164 4164 4164 4164 
1455 1469 1885 2078 1323 1380 1071 1257 595 321 790 797 4165 4165 4165 4165 
1513 1493 1506 1715 1323 1380 1070 1251 598 321 801 801 4166 4166 4166 4165 
1474 1876 1484 1606 1325 1380 1073 1257 617 321 816 820 4166 4166 4166 4166 
1524 1489 1600 1609 1330 1384 1072 1258 594 321 797 802 4166 4166 4166 4166 
1525 1497 2258 2479 1384 1381 1074 1254 596 321 790 796 1169 4166 4166 4166 
1493 1518 1499 1577 1327 1382 1072 1256 599 321 809 812 4167 4167 4166 4166 
3675 1532 1485 1547 1323 1378 1069 1254 1241 321 809 810 4167 4167 4167 4167 
1506 1472 1392 1534 1325 1382 1073 1255 596 321 797 808 4166 4166 4166 4166 
1519 1501 1473 1586 1326 1380 1074 1255 609 321 806 809 4166 4166 4166 4166 
1521 1451 1410 1546 1326 1439 1073 1256 590 321 802 810 4166 836 4166 4166 
