1585 1715 2174 2595 1366 1406 1108 1266 607 324 1132 810 721 689 250 4170 
1541 1484 1897 2107 1334 1376 1096 1275 600 324 1141 802 716 4170 255 442 
1545 1506 1452 1524 1383 1424 1131 1289 597 324 1159 815 707 699 238 412 
1525 1704 1535 1647 1386 1406 1174 1302 614 324 1158 828 714 683 257 421 
1506 1646 1978 2182 1335 1383 1074 1271 616 324 1131 809 738 4171 4171 4171 
1546 1516 1483 1618 1410 1395 1126 1277 595 324 1160 817 702 703 234 435 
1448 1545 2514 2714 1378 1458 1147 1317 628 324 1129 803 706 675 232 409 
1551 1560 1417 1559 1377 1431 1139 1263 606 324 1146 819 714 678 245 4170 
1450 1480 1502 1553 1346 1389 1101 1259 603 324 1148 805 707 717 276 4170 
1432 1532 1522 1610 1363 1419 1134 1262 628 323 1150 812 711 679 295 4171 
1473 1713 1474 1531 1388 1381 1096 1292 612 324 1161 823 711 4172 257 466 
1501 1486 1406 1523 1351 1386 1074 1283 600 323 1161 809 718 4169 4169 430 
1563 1487 1862 1918 1371 1410 1156 1287 596 324 1133 804 705 699 228 431 
1479 1594 1430 1591 1336 1399 1099 1272 623 324 1176 818 742 707 271 469 
1502 1527 1839 1971 1353 1388 1078 1260 608 324 1127 803 707 710 4171 4171 
1462 1826 1636 1879 1401 1436 1139 1268 630 324 1144 821 720 686 247 4171 
1491 1535 1460 1510 1335 1401 1127 1298 598 324 1149 818 721 694 244 418 
1542 1543 1528 1609 1349 1418 1108 1265 596 324 1135 819 716 678 240 4171 
1494 1490 1591 1688 1370 1394 1108 1292 605 324 1158 814 706 702 248 421 
1545 1391 1523 1663 1326 1391 1109 1294 577 324 1148 790 714 672 240 418 
1647 1506 1839 1891 1314 1379 1083 1291 598 324 1159 811 4170 4170 4170 428 
1480 1534 1461 1567 1355 1391 1165 1265 608 325 1140 815 708 704 256 4171 
1602 1650 1602 1791 1381 1439 1135 1284 603 325 1149 818 709 681 247 426 
1495 1675 1561 1585 1368 1397 1097 1258 616 325 1140 819 712 724 259 4171 
1501 1535 1450 1602 1410 1416 1074 1271 609 324 1149 815 703 699 4170 447 
1529 1527 1462 1526 1339 1402 1082 1274 603 324 1149 812 708 686 4171 491 
1506 1470 1542 1641 1338 1378 1137 1286 593 324 1139 806 719 4171 232 426 
1583 1487 1484 1602 1354 1377 1111 1282 594 324 1153 813 709 4171 270 437 
1504 1519 1552 1677 1384 1378 1097 1274 603 324 1153 817 707 4170 257 447 
1539 1448 1681 1917 1359 1388 1073 1268 591 324 1123 795 699 784 4171 4171 
1566 1532 1528 1612 1336 1382 1108 1295 597 324 1145 807 722 4171 234 434 
1584 1762 1430 1543 1364 1405 1078 1276 606 324 1151 828 713 697 4171 4171 
1517 1513 1514 1665 1390 1405 1099 1284 608 324 1150 812 704 704 263 435 
1541 2008 2069 2310 1358 1383 1098 1284 617 324 1155 819 729 4171 268 453 
1489 1498 1427 1542 1355 1414 1130 1277 610 323 1154 822 712 700 227 445 
1517 1507 1411 1504 1330 1409 1126 1286 604 324 1148 821 717 674 232 432 
1489 1471 1617 1734 1361 1431 1146 1291 603 324 1141 809 710 674 238 415 
1490 1631 1425 1528 1342 1377 1119 1258 608 323 1143 818 729 4171 235 4171 
1605 1699 1434 1622 1347 1400 1096 1273 604 324 1164 827 722 711 277 475 
1507 1577 1550 1697 1334 1413 1128 1305 609 324 1160 815 727 697 232 419 
1475 1679 1918 2100 1342 1409 1143 1283 617 324 1163 811 719 700 251 467 
1556 1498 1519 1667 1325 1385 1115 1257 599 324 1145 805 4170 4170 230 4170 
1521 1496 1531 1676 1347 1403 1191 1268 602 324 1156 811 727 695 230 512 
1600 1547 1535 1554 1356 1403 1091 1263 595 324 1142 821 704 699 253 4170 
1521 1639 1465 1559 1354 1406 1076 1275 612 323 1170 817 717 704 4169 464 
1517 1519 1394 1497 1329 1393 1097 1275 600 324 1167 814 727 700 260 458 
1632 1499 1673 1823 1429 1377 1139 1276 595 324 1128 814 700 4167 242 0 
1520 1634 1437 1574 1392 1394 1120 1303 606 324 1151 827 709 722 246 444 
1552 1552 2427 2700 1418 1429 1306 1292 605 324 1142 804 706 684 222 440 
1526 1797 1416 1574 1397 1399 1119 1280 618 323 1166 825 716 709 243 441 
1584 1778 1912 2004 1399 1459 1135 1302 612 323 1167 823 716 685 254 431 
1622 1946 1438 1571 1375 1376 1106 1284 615 323 1185 835 717 4170 265 442 
1513 1554 1426 1531 1352 1400 1082 1269 610 323 1158 816 709 708 4171 4171 
1763 1677 1796 1970 1306 1374 1074 1265 1617 323 1118 814 4170 4170 4170 4170 
1534 1668 1220 1297 1373 1376 1120 1295 606 324 4171 4171 714 4171 248 432 
1529 1523 1476 1542 1374 1438 1111 1271 604 324 1154 816 705 675 265 449 
1489 1540 1444 1557 1389 1409 1085 1303 609 323 1154 818 702 681 4171 441 
1542 1487 1429 1523 1386 1378 1154 1331 607 323 1162 812 698 4170 233 409 
1510 1403 1465 1569 1341 1409 1116 1276 587 323 1152 793 700 673 234 449 
1474 1496 1431 1522 1348 1380 1082 1266 604 324 1139 818 707 2875 4169 4169 
1503 1681 1889 2107 1330 1409 1074 1265 610 323 1127 808 730 691 4170 4170 
1532 1518 1605 1676 1356 1378 1105 1318 606 324 1149 811 707 4170 236 414 
1492 1725 1720 1806 1337 1404 1110 1257 615 324 1139 812 728 703 262 4171 
1514 1497 1468 1546 1320 1425 1112 1292 599 324 1141 809 4171 676 225 419 
1487 1575 1476 1547 1323 1378 1134 1275 606 324 1161 822 4171 4171 235 481 
1550 1585 1457 1544 1364 1397 1124 1269 603 323 1166 827 711 730 242 451 
1559 1773 1421 1578 1378 1406 1113 1303 614 323 1160 829 717 692 250 422 
1525 1406 1438 1541 1377 1416 1185 1268 577 323 1108 794 683 663 202 4172 
1620 1486 1433 1510 1343 1400 1098 1291 596 324 1174 813 711 716 267 417 
1524 1484 1549 1628 1349 1423 1110 1299 598 324 1142 803 703 688 240 413 
1545 1529 1534 1630 1406 1412 1130 1274 601 323 1148 815 700 688 235 458 
1668 1400 1425 1545 1338 1395 1096 1321 575 323 1137 794 693 665 218 388 
1721 1529 1862 2016 1529 1464 1188 1320 593 324 1154 802 695 667 226 426 
1544 1556 1537 1634 1330 1379 1102 1266 604 324 1156 821 753 4169 247 4169 
1539 1540 1586 1793 1326 1412 1083 1280 606 323 1148 811 723 679 4170 464 
1500 1986 2209 2427 1402 1419 1095 1268 617 324 1157 820 717 701 274 4170 
1440 1495 1469 1559 1343 1376 1088 1265 617 324 1136 814 709 4170 244 4170 
1544 1577 1460 1541 1383 1378 1099 1299 603 324 1169 818 710 4170 268 431 
1494 1516 1417 1565 1348 1401 1082 1269 1613 324 1121 812 713 676 4169 4169 
5201 1538 1681 1680 1396 1385 1084 1261 2623 323 1131 808 702 788 4170 4170 
1499 1360 1401 1554 1372 1381 1075 1281 573 323 1136 787 674 4170 4170 432 
1489 1396 1951 2150 1414 1412 1084 1280 585 323 1134 783 679 652 4170 401 
1553 1507 1441 1597 1347 1429 1111 1262 595 324 1130 806 709 678 244 4169 
1547 1519 1441 1569 1374 1394 1110 1272 605 324 1165 824 706 721 250 444 
1516 1572 1534 1655 1340 1418 1103 1268 610 324 1156 818 719 711 237 4169 
1543 1505 1389 1481 1376 1396 1092 1268 598 324 1155 820 700 698 251 4170 
1504 1520 1594 1671 1336 1402 1167 1291 606 323 1156 810 722 712 226 421 
1602 1632 2050 2173 1478 1413 1188 1301 613 324 1153 811 711 690 238 433 
1502 1609 1394 1543 1356 1378 1097 1280 626 324 1178 837 737 4170 268 459 
1507 1605 1512 1528 1442 1380 1093 1276 616 324 1158 822 704 4171 274 440 
1461 1511 1476 1561 1333 1377 1092 1314 611 323 1150 815 716 4170 4170 408 
1548 1498 1665 1958 1341 1377 1117 1301 603 323 1141 805 708 4169 247 413 
1516 1716 1459 1454 1372 1383 1125 1270 608 324 1168 829 716 4170 238 461 
1495 1501 1440 1580 1387 1395 1090 1260 603 324 1144 807 699 696 255 4170 
1550 1478 1460 1600 1378 1407 1084 1279 595 324 1166 813 706 689 4171 448 
7137 1522 3050 3323 1332 1401 1074 1313 2229 324 1125 792 716 700 4169 424 
1471 1547 1505 1626 1368 1395 1081 1273 612 323 1152 817 708 715 4170 4170 
1648 1558 2837 3019 6502 1402 1108 1280 596 323 1139 800 1872 1799 249 453 
1451 1722 1459 1506 1363 1400 1144 1274 620 323 1179 834 726 692 247 470 
1489 1561 1484 1559 1410 1397 1111 1283 608 324 1154 817 702 702 257 431 
1509 1516 1570 1574 1338 1391 1074 1285 605 324 1160 812 718 732 4169 456 
1604 1536 1587 1733 1374 1381 1133 1319 604 324 1159 812 706 4170 240 412 
1570 1413 2160 2259 1444 1455 1082 1298 584 323 1123 788 682 674 4169 408 
1525 1749 2095 2482 1349 1415 1098 1260 611 324 1158 808 719 714 281 4170 
1503 1497 2302 2542 1565 1386 1213 1293 600 324 1131 797 688 727 228 436 
1576 1790 1451 1596 1317 1376 1086 1260 608 323 1147 817 4171 4171 295 4171 
1496 1514 1416 1532 1342 1382 1108 1298 602 324 1145 818 715 4169 238 420 
1485 1590 1416 1563 1374 1391 1092 1281 611 324 1179 826 715 712 274 445 
1618 1540 1414 1522 1355 1412 1098 1294 595 323 1165 815 711 684 251 409 
1551 1506 1423 1609 1364 1381 1111 1274 600 323 1155 814 709 4171 258 454 
1500 1487 1411 1525 1362 1402 1097 1308 602 324 1179 818 707 802 342 428 
1475 1488 1440 1524 1362 1414 1133 1289 612 324 1164 818 708 682 234 426 
1562 1519 1521 1641 1390 1414 1108 1270 601 324 1169 812 702 703 288 458 
1453 1528 1421 1504 1340 1395 1077 1268 611 323 1142 818 716 694 4171 4171 
1534 1501 1450 1523 1373 1376 1073 1285 602 324 1158 818 704 4171 4171 430 
1774 1387 1496 1565 1359 1421 1086 1298 1592 324 1134 790 686 659 258 400 
1489 1520 1463 1571 1360 1377 1077 1289 609 323 1148 816 712 4170 4170 435 
1498 1538 1444 1571 1334 1402 1162 1292 606 323 1163 820 723 696 225 416 
1508 1551 1477 1566 1326 1375 1074 1259 612 323 1153 818 725 4170 4170 4170 
1534 1544 1487 1554 1428 1439 1101 1286 602 324 1153 822 704 682 262 442 
1512 1610 1913 2116 1462 1394 1113 1313 599 324 1139 807 697 695 251 411 
1519 1515 1476 1597 1387 1411 1113 1275 606 324 1145 815 709 688 274 842 
1496 1503 1554 1593 1381 1402 1097 1276 596 324 1159 810 702 691 236 434 
1464 1501 1492 1567 1350 1394 1147 1274 621 324 1203 814 711 691 494 889 
1588 1661 2097 2277 1510 1476 1135 1295 605 324 1163 809 705 679 242 431 
1514 1502 1439 1561 1346 1402 1087 1263 604 324 1159 813 710 693 300 4169 
1611 1527 1973 2141 1401 1388 1073 1262 599 324 1143 802 702 722 4170 4170 
1558 1558 1421 1569 1345 1381 1122 1276 598 324 1158 819 715 4169 245 435 
1536 1498 1540 1594 1361 1420 1108 1259 600 324 1136 814 710 677 256 4170 
1577 1525 1454 1585 1355 1389 1090 1289 599 324 1173 816 704 707 292 432 
1716 1530 1884 2052 1539 1407 1169 1313 1618 324 1140 804 694 691 231 415 
1486 1541 1466 1493 1317 1420 1124 1274 602 323 1163 820 4171 683 229 444 
1606 1519 1464 1582 1374 1403 1104 1283 599 323 1161 810 702 679 264 418 
1497 1509 1419 1538 1391 1381 1123 1278 604 324 1166 822 700 4170 248 441 
1685 1505 1513 1657 1331 1375 1101 1273 596 324 1162 811 710 4170 242 436 
1516 1493 1706 1857 1337 1457 1117 1298 605 324 1141 808 710 675 245 412 
1520 1500 1441 1532 1413 1386 1133 1265 601 324 1145 816 696 734 240 4169 
1570 1531 1434 1630 1398 1405 1098 1268 602 323 1143 814 704 705 248 4171 
1562 1517 1706 1927 1348 1401 1084 1269 598 323 1153 805 721 686 4170 4170 
1549 1490 1438 1504 1343 1388 1108 1281 597 323 1162 817 709 700 236 439 
1624 1556 1458 1578 1381 1433 1146 1266 599 323 1134 812 703 671 228 4170 
1485 1454 1643 1775 1361 1377 1088 1266 596 323 1125 798 703 4170 243 4170 
1512 1521 1457 1525 1335 1394 1152 1279 605 324 1149 816 719 701 233 419 
1487 1515 1533 1646 1408 1394 1160 1282 602 323 1159 815 701 681 229 433 
1514 1533 1434 1482 1342 1375 1080 1268 601 323 1148 821 718 4170 4169 4169 
1628 1514 1406 1553 1387 1389 1077 1300 601 323 1169 819 706 710 4170 428 
1473 1474 1419 1527 1348 1412 1125 1267 599 324 1140 820 702 692 232 4170 
1507 1531 1801 1923 1366 1420 1137 1293 599 324 1153 802 713 685 242 414 
1492 1701 2186 2517 1366 1396 1135 1286 609 324 1147 809 720 708 256 440 
1593 1503 1394 1590 1386 1404 1098 1277 600 324 1175 813 705 709 272 438 
1553 1591 1495 1605 1428 1394 1076 1287 605 324 1154 819 708 695 4170 517 
1503 1535 1506 1597 1351 1395 1095 1299 602 324 1164 811 709 691 237 409 
1490 1525 1492 1602 1369 1375 1079 1263 605 324 1136 813 705 4170 4170 4170 
1499 1462 2014 2238 1403 1425 1142 1358 596 324 1143 793 695 674 237 393 
1653 1487 1466 1548 1325 1396 1090 1284 593 324 1168 821 741 719 269 439 
1594 1485 1430 1547 1386 1408 1124 1300 594 324 1169 820 708 691 232 417 
1617 1550 1413 1498 1337 1380 1076 1301 603 323 1168 831 712 4169 4169 431 
1453 1401 1750 2051 1396 1404 1133 1269 593 323 1135 792 691 697 226 4169 
1542 1495 1443 1534 1354 1391 1079 1274 596 323 1143 812 704 702 4170 438 
1670 1476 1433 1634 1361 1391 1131 1316 587 323 1147 805 705 693 228 416 
1554 1422 1491 1551 1382 1377 1149 1276 590 324 1154 802 690 4169 217 420 
1565 1553 1425 1550 1430 1437 1234 1279 604 324 1168 814 704 674 217 452 
1528 1495 1455 1528 1376 1402 1110 1281 605 324 1161 814 702 713 239 440 
1516 1748 1585 1773 1339 1442 1233 1295 608 324 1166 821 732 684 229 441 
1547 1384 1484 1613 1364 1380 1118 1299 565 324 1117 783 678 4170 196 385 
1439 1576 1570 1697 1320 1409 1090 1307 623 324 1158 820 4170 689 246 409 
1500 1494 1692 1812 1373 1397 1172 1281 603 324 1151 808 699 679 226 443 
1526 1511 1437 1546 1362 1416 1121 1306 604 324 1159 820 709 680 247 420 
1543 1388 1512 1580 1437 1394 1119 1266 584 324 1121 795 680 682 219 4170 
1537 1477 1667 1788 1351 1377 1144 1266 595 324 1135 805 717 4168 216 4168 
1533 1662 1568 1718 1345 1380 1109 1260 607 324 1139 812 718 4170 241 4170 
1465 1502 1963 2186 1419 1484 1150 1324 598 324 1130 796 701 674 227 419 
1564 1649 1458 1532 1358 1396 1092 1268 608 323 1145 830 717 688 250 4169 
1497 1759 1211 1298 1354 1382 1077 1256 612 323 4169 4169 721 4169 4169 4169 
1509 1497 1653 1849 1351 1392 1079 1300 604 323 1156 806 708 695 4170 421 
1529 1511 2320 2411 1463 1510 1137 1338 595 323 1137 800 696 662 246 413 
1501 1588 1855 2009 1351 1380 1095 1285 614 324 1140 805 722 4170 239 433 
3948 1401 1209 1300 1307 1375 1074 1261 2174 324 4169 4169 4169 4169 4169 4169 
1564 1529 1444 1552 1384 1429 1164 1283 600 324 1153 820 704 676 233 434 
1591 1513 1475 1577 1400 1400 1095 1286 602 324 1167 812 705 693 263 439 
1568 1546 1483 1559 1353 1394 1098 1266 612 323 1157 812 714 688 233 450 
1530 1495 1448 1556 1358 1422 1087 1279 600 324 1166 809 707 677 4169 435 
1550 1497 1427 1528 1353 1385 1095 1265 599 324 1148 809 719 4171 234 4171 
1494 1623 1584 1624 1380 1393 1079 1279 611 323 1163 815 710 692 4170 438 
1513 1528 1518 1609 1378 1418 1131 1259 603 323 1134 809 711 676 233 4170 
1578 1516 1435 1560 1330 1410 1149 1291 600 323 1155 820 725 671 225 437 
1593 1564 1737 1933 1362 1391 1124 1278 605 323 1145 815 718 703 235 4170 
1548 1497 1476 1619 1353 1402 1131 1257 599 323 1138 813 707 700 231 4169 
1441 1476 1402 1555 1371 1412 1166 1260 612 323 1145 810 699 693 224 4170 
1471 1589 1548 1666 1346 1377 1122 1283 611 323 1165 810 716 4170 257 487 
1572 1602 1697 1855 1388 1388 1078 1313 605 323 1161 816 709 787 4170 434 
1517 1514 1410 1538 1364 1410 1115 1271 600 324 1171 814 707 671 244 444 
1431 1530 1478 1497 1350 1400 1071 1266 623 324 1142 817 711 683 4170 4170 
1514 1495 1432 1545 1398 1410 1123 1289 541 323 1161 816 700 725 240 422 
1480 1503 1446 1506 1335 1412 1103 1269 602 324 1147 809 711 682 235 4170 
1450 1527 1536 1657 1389 1405 1111 1270 615 323 1143 810 699 694 230 460 
1502 1501 1560 1717 1382 1394 1073 1272 604 323 1149 808 703 732 4169 4169 
1449 1556 1543 1732 1310 1375 1070 1258 632 323 1155 807 4169 4169 4169 4169 
1562 1617 1475 1566 1338 1377 1133 1280 606 324 1153 827 718 4170 248 445 
1455 1528 1450 1598 1361 1410 1098 1288 632 324 1154 820 713 689 278 442 
1528 1725 1446 1560 1335 1412 1145 1282 607 324 1159 823 733 692 251 438 
1475 1553 1529 1650 1335 1385 1094 1263 606 324 1138 819 710 4170 264 4170 
1529 1703 1497 1616 1356 1397 1157 1287 612 323 1167 820 716 692 235 435 
1608 1640 1397 1556 1412 1384 1141 1286 603 324 1160 820 707 4170 254 443 
1523 1498 1444 1511 1339 1407 1114 1281 597 323 1164 829 715 711 235 423 
1644 1519 1955 2156 1518 1423 1280 1313 597 324 1154 802 695 677 223 428 
1636 1546 2127 2518 1400 1409 1278 1316 603 324 1154 799 707 691 228 433 
1596 1485 1430 1532 1342 1386 1103 1283 589 323 1167 810 717 4171 252 421 
3708 1486 1756 1785 1358 1386 1100 1285 1744 324 1135 800 710 719 240 448 
1540 1528 1419 1504 1336 1382 1084 1297 603 323 1169 819 717 4169 4169 438 
1543 1535 1488 1653 1363 1394 1095 1266 594 323 1145 811 703 688 246 4170 
1483 1482 1459 1563 1333 1389 1090 1304 599 324 1159 809 717 719 248 406 
1513 1482 1473 1554 1341 1395 1112 1284 609 323 1156 818 726 690 250 429 
1460 1537 1453 1558 1365 1383 1100 1258 613 324 1139 819 704 4170 248 4170 
1507 1954 1821 2090 1334 1424 1090 1259 620 324 1159 813 726 699 273 4170 
1534 1527 1817 1971 1335 1381 1095 1317 598 323 1156 803 715 4170 249 417 
1524 1520 1423 1566 1332 1374 1079 1286 602 324 1169 819 713 4169 4169 430 
1555 1526 1482 1601 1353 1398 1077 1295 603 323 1153 812 705 711 4170 433 
1494 1564 1463 1546 1402 1410 1199 1284 609 324 1170 823 711 720 240 427 
1478 1530 1385 1527 1397 1389 1086 1271 600 324 1149 826 701 703 4169 4169 
1518 1522 1404 1527 1366 1413 1133 1261 600 324 1146 820 713 696 237 4170 
1509 1580 1466 1637 1338 1378 1149 1286 611 324 1165 816 726 4170 235 424 
1489 1546 1453 1579 1365 1393 1121 1265 607 324 1150 820 706 728 250 4170 
1587 1498 1385 1510 1391 1385 1173 1293 595 324 1163 812 699 4170 225 428 
1531 1509 1433 1586 1333 1399 1117 1270 605 324 1163 815 714 684 239 434 
1497 1772 1500 1761 1321 1377 1085 1258 612 323 1178 812 742 4170 4170 4170 
1521 1784 1978 2117 1348 1423 1126 1285 615 324 1152 819 722 692 247 435 
1468 1577 1403 1535 1337 1403 1103 1256 606 324 0 818 720 705 240 4170 
1631 1403 1806 2139 1354 1426 1130 1280 574 324 1139 778 696 658 224 397 
1503 1547 2070 2418 1469 1414 1209 1278 608 324 1157 800 704 693 229 426 
1575 1524 1470 1570 1437 1387 1118 1274 602 324 1171 820 701 716 264 485 
1467 1730 1379 1614 1330 1378 1083 1281 620 324 1168 822 741 4170 4170 460 
1542 1518 1457 1633 1402 1418 1139 1258 601 324 1147 808 701 672 230 4170 
1700 1519 2084 2331 1452 1501 1220 1340 598 323 1153 800 701 667 225 404 
1716 1557 1767 1987 1431 1428 1134 1276 1629 324 1146 810 700 677 249 444 
1469 1777 1498 1607 1345 1377 1076 1272 617 323 1174 824 722 4170 4170 471 
1508 1538 1527 1615 1334 1383 1121 1289 605 324 1166 803 718 4170 254 421 
1484 1527 2539 2820 1555 1495 1270 1341 608 324 1137 789 692 670 220 423 
1483 1461 1444 1573 1387 1386 1092 1258 612 323 1154 817 698 4170 247 4170 
1522 1509 1486 1627 1339 1378 1116 1273 600 323 1155 808 716 4171 251 464 
1533 1562 1394 1473 1398 1398 1076 1258 599 324 1162 825 702 703 4170 4170 
1515 1543 1567 1661 1346 1383 1078 1314 609 323 1147 815 712 4170 4170 406 
1681 1423 1941 2223 1411 1399 1109 1298 578 324 1138 783 684 683 238 415 
1526 1534 1695 1799 1391 1411 1111 1288 603 324 1161 811 705 676 256 419 
1527 1518 1478 1594 1346 1399 1098 1277 599 324 1165 816 711 679 242 422 
1500 1510 1431 1581 1342 1380 1077 1297 604 324 1163 807 708 4169 4169 442 
1546 1679 1882 1950 1399 1568 1108 1262 603 324 1156 815 713 711 307 4167 
1524 1442 1796 1957 1371 1377 1076 1272 601 324 1139 802 701 4171 4171 447 
1576 1489 1419 1547 1346 1390 1110 1271 599 323 1161 818 717 717 246 468 
1495 1513 1456 1570 1317 1401 1111 1262 606 323 1152 809 4170 684 236 4170 
1529 1469 1451 1557 1384 1374 1078 1269 599 323 1155 816 701 4170 4169 4169 
1560 1471 1486 1658 1379 1405 1093 1267 589 324 1140 801 704 669 260 4171 
1504 1479 1438 1565 1342 1407 1095 1286 599 323 1167 810 713 680 243 420 
1522 1985 1911 2059 1335 1404 1100 1279 622 324 1162 819 730 702 268 457 
1559 1585 1947 2151 1424 1411 1150 1274 599 323 1159 807 702 677 232 458 
1489 1500 1391 1563 1337 1376 1115 1278 610 323 1151 807 723 4170 235 435 
1514 1542 1462 1517 1366 1391 1098 1264 607 323 1142 819 719 689 261 4170 
1616 1524 1790 1932 1386 1405 1113 1307 597 323 1157 817 708 689 244 411 
1461 1524 1657 1926 1367 1406 1160 1261 610 324 1149 802 709 687 228 4170 
1600 1716 1558 1720 1340 1386 1095 1280 604 324 1175 817 719 735 286 440 
1480 1536 1474 1611 1378 1393 1103 1278 615 323 1166 811 704 698 244 442 
1515 1537 1442 1503 1379 1376 1094 1279 604 324 1156 818 702 4170 262 453 
1576 1586 1414 1556 1379 1384 1108 1263 604 324 1158 815 708 4170 258 4170 
1575 1532 1411 1614 1377 1400 1084 1279 595 324 1171 810 701 693 4170 446 
1565 1678 2407 2632 1407 1492 1201 1334 614 324 1160 802 718 685 236 424 
1557 1639 1836 1892 1431 1375 1111 1258 602 324 1145 818 704 4170 244 4170 
1676 1534 1631 1806 1414 1419 1101 1293 603 324 1162 813 714 685 251 439 
1526 1825 1978 2093 1386 1390 1135 1264 618 324 1141 816 714 4170 248 4170 
1456 1526 1412 1550 1416 1436 1113 1288 624 324 1156 823 699 680 258 429 
1564 1531 1535 1620 1376 1395 1079 1288 601 324 1166 816 706 790 4170 450 
1530 1525 1478 1545 1348 1403 1092 1259 602 324 1154 814 713 739 255 4170 
1473 1370 1969 2023 1356 1398 1124 1283 587 323 1134 783 691 686 237 405 
1536 1720 2065 2078 1375 1422 1110 1284 611 323 1155 814 723 692 250 484 
1490 1558 1384 1532 1353 1399 1100 1292 612 323 1172 823 715 705 260 443 
1468 1525 1499 1583 1344 1389 1114 1269 609 323 1148 814 717 728 230 4170 
1486 1463 1442 1561 1351 1377 1073 1300 593 324 1159 815 711 4169 4169 426 
1463 1511 1753 1844 1383 1418 1166 1350 609 324 1134 808 714 705 228 410 
1544 1524 2405 2673 1355 1422 1174 1300 606 324 1154 801 714 684 236 434 
1494 1508 1790 1980 1377 1401 1098 1294 618 324 1159 796 709 684 257 418 
1511 1535 1584 1625 1365 1390 1072 1288 600 324 1156 810 717 705 4170 423 
1525 1510 1471 1669 1355 1389 1119 1281 594 324 1163 808 709 708 250 435 
1534 1558 1464 1535 1354 1391 1101 1279 610 324 1150 827 715 722 263 441 
1501 1615 1458 1544 1362 1399 1134 1265 611 323 1142 830 722 711 232 4170 
1512 1816 1946 2196 1552 1437 1122 1300 613 323 1164 813 705 691 251 459 
1509 1508 1467 1539 1329 1394 1122 1296 602 324 1161 812 727 694 240 430 
1582 1518 1444 1578 1360 1409 1126 1304 600 323 1151 817 708 684 239 433 
1496 1554 1431 1550 1333 1404 1130 1269 611 323 1151 818 717 684 240 4170 
1477 2046 2117 2357 1387 1374 1084 1272 622 323 1165 818 719 4170 4170 492 
1602 1540 1404 1573 1386 1417 1121 1280 601 323 1166 813 702 685 235 429 
1524 1532 1551 1585 1374 1418 1096 1287 603 324 1150 813 706 674 252 434 
1489 1500 1677 1789 1355 1400 1076 1280 605 323 1162 814 709 735 4170 462 
1550 1527 1406 1509 1369 1399 1183 1295 596 323 1161 821 709 698 234 423 
1465 1951 1430 1543 1342 1401 1124 1273 625 323 1179 834 729 757 252 474 
1672 1636 2422 2579 1496 1419 1113 1292 596 323 1156 806 702 689 254 420 
1509 1647 1899 2080 1515 1391 1250 1282 607 324 1161 810 703 732 228 458 
1552 1555 1441 1520 1342 1378 1092 1303 601 324 1154 822 717 4170 262 425 
1485 1513 1560 1683 1331 1377 1076 1274 617 324 1160 816 722 4169 4168 437 
1493 1571 1511 1610 1387 1394 1107 1259 605 324 1148 821 704 694 238 4170 
1545 1514 1457 1655 1376 1400 1124 1273 600 324 1163 821 708 722 239 452 
1531 1523 1459 1548 1413 1378 1164 1269 597 324 1135 814 698 4170 226 4170 
1568 1760 1776 1780 1323 1395 1126 1279 606 324 1149 817 4170 728 254 442 
1578 1540 1428 1505 1334 1388 1076 1267 601 324 1158 822 725 721 4169 4169 
1462 1525 1426 1622 1343 1409 1111 1282 616 324 1173 812 712 680 254 440 
1481 1508 1480 1567 1363 1393 1111 1298 612 323 1159 815 712 689 239 413 
1569 1473 1989 2182 1418 1415 1107 1332 593 323 1172 799 699 706 316 399 
1526 1512 1975 2165 1364 1420 1116 1275 604 323 1151 797 708 690 237 448 
1696 1541 2658 2897 2829 1412 1317 1392 1617 323 1136 804 687 686 222 414 
1490 1530 1432 1563 1389 1421 1083 1271 612 323 1157 819 706 698 4170 4170 
1515 1520 1485 1603 1322 1413 1076 1270 606 323 1154 812 735 680 4169 4169 
1613 1855 2674 3019 1436 1515 1199 1315 614 323 1162 810 719 680 237 424 
1494 2023 1464 1573 1359 1454 1144 1333 623 323 1178 828 731 684 248 434 
1602 1583 1988 2232 1398 1425 1238 1270 600 323 1158 806 708 695 229 466 
1483 1517 1883 2172 1463 1404 1191 1309 611 323 1154 800 702 684 238 417 
1461 1629 1495 1554 1346 1386 1207 1282 616 323 1167 823 717 4169 235 423 
1549 1531 1908 2184 1391 1377 1079 1270 597 322 1141 806 702 4168 4168 4168 
1697 1514 1764 1926 1389 1375 1111 1258 2078 324 1132 803 701 4169 241 4169 
1544 1572 1442 1583 1377 1381 1078 1260 601 324 1168 825 709 4170 4170 4170 
1606 1501 1588 1730 1333 1377 1096 1263 590 323 1148 808 719 4169 237 4169 
1572 1539 1449 1534 1352 1405 1175 1310 595 324 1160 822 713 700 224 427 
1522 1519 1577 1795 1353 1386 1146 1294 604 323 1159 805 710 4170 232 435 
1480 1492 1501 1616 1352 1419 1092 1274 602 324 1161 815 709 693 272 424 
1489 1523 1608 1815 1359 1457 1155 1263 607 323 1143 809 708 661 232 4169 
1473 1563 1496 1623 1345 1385 1091 1270 612 323 1136 819 719 4169 245 4169 
1536 1740 2152 2224 1362 1388 1106 1266 610 323 1150 812 715 791 261 4170 
1496 1515 1633 1737 1365 1383 1129 1284 602 323 1158 806 706 4170 247 449 
1496 1554 1460 1673 1348 1401 1131 1288 604 323 1167 815 735 689 225 424 
1450 1474 1453 1563 1403 1376 1104 1283 605 323 1156 811 694 4169 236 429 
1508 1611 1406 1536 1394 1410 1095 1292 606 323 1173 816 706 699 242 446 
4682 1530 1215 1299 1345 1414 1110 1276 1393 324 4169 4169 717 699 247 447 
1481 1884 1409 1531 1347 1386 1095 1261 617 323 1172 835 728 4169 264 4169 
1493 1556 1418 1526 1389 1387 1075 1262 600 323 1154 818 701 723 4169 4169 
1554 1485 1441 1487 1355 1378 1106 1267 594 323 1138 823 706 4169 248 4169 
1556 1621 1417 1529 1364 1385 1085 1264 608 324 1163 823 709 742 283 4170 
1512 1502 1398 1514 1339 1375 1072 1276 599 323 1150 815 711 4171 4171 4171 
1505 1700 1654 1959 1369 1427 1237 1314 619 323 1172 812 722 685 236 426 
1528 1419 1405 1520 1367 1384 1081 1280 585 324 1156 803 691 4171 3068 435 
1537 1500 1621 1677 1351 1419 1092 1281 606 323 1154 806 704 668 242 421 
1523 1487 1489 1560 1348 1373 1074 1311 1425 324 1144 812 704 4169 4169 421 
1554 1492 2070 2313 1403 1405 1101 1270 604 323 1139 799 703 691 230 468 
1512 1495 1448 1548 1356 1397 1100 1266 602 323 1156 815 708 704 261 4170 
1547 1503 1423 1550 1357 1410 1092 1276 597 323 1165 815 708 722 268 449 
1582 1493 1783 1941 1415 1405 1087 1281 594 324 1151 802 696 677 267 435 
1514 1508 1468 1670 1366 1378 1105 1276 600 324 1165 815 711 4169 259 433 
1558 1542 1470 1647 1427 1405 1129 1298 602 323 1161 816 702 685 240 472 
1473 1517 1770 1983 1354 1384 1087 1267 612 323 1144 810 703 4169 257 4169 
1460 1743 1824 1950 1341 1404 1111 1291 623 323 1164 817 737 717 247 422 
1563 1541 1607 1722 1355 1415 1121 1265 602 324 1150 819 717 687 238 4170 
1496 1526 1474 1592 1357 1420 1127 1260 599 323 1157 809 706 690 238 4170 
1521 1460 1437 1504 1395 1403 1077 1274 595 323 1167 822 700 686 4169 443 
1467 1550 1450 1609 1346 1405 1092 1260 613 323 1153 818 714 687 244 4170 
1514 1342 1521 1654 4813 1424 1153 1276 613 323 1155 825 690 1816 243 452 
1501 1513 1437 1544 1353 1391 1138 1287 603 323 1168 818 713 689 256 430 
1469 1515 1438 1547 1332 1375 1133 1263 611 323 1146 810 720 4169 228 4169 
1645 1509 1463 1528 1344 1415 1104 1299 588 323 1156 813 708 681 242 412 
1520 1875 1741 1861 1387 1433 1151 1290 620 323 1155 822 716 701 242 429 
1531 1487 1477 1559 1448 1378 1113 1263 602 324 1146 812 699 4169 234 4169 
1498 1620 2066 2101 1372 1399 1148 1275 603 323 1161 805 711 697 235 463 
1464 1583 1486 1588 1391 1391 1150 1272 614 323 1167 818 707 694 240 442 
1477 1464 1922 2085 1326 1404 1092 1258 596 324 1132 794 717 675 244 4170 
1508 1719 1722 1826 1495 1405 1183 1327 620 324 1165 816 705 713 238 429 
1554 1502 1410 1524 1362 1397 1105 1262 603 323 1152 814 710 685 239 4170 
1528 2558 1840 2097 1364 1429 1079 1270 623 323 1167 826 731 700 4170 4170 
1613 1483 1486 1647 1348 1400 1094 1270 597 323 1147 814 708 687 249 446 
1571 1522 1396 1498 1343 1383 1080 1284 600 323 1165 821 716 4169 4169 436 
1521 1551 1463 1551 1378 1383 1074 1284 607 323 1150 820 706 4169 4169 431 
1675 1772 1903 2095 1469 1455 1139 1299 607 323 1167 815 711 688 240 438 
1549 1516 1450 1572 1401 1408 1097 1275 599 323 1166 812 704 680 251 456 
1524 1764 1410 1535 1316 1418 1099 1258 614 323 1153 826 4170 691 251 4170 
1548 1503 1414 1593 1369 1383 1157 1284 599 323 1141 809 700 4169 228 439 
2085 1443 2060 2349 1369 1454 1101 1306 1144 323 1134 793 715 666 239 414 
1580 1535 1465 1550 1350 1411 1129 1287 603 324 1162 814 712 685 232 418 
1537 1494 1440 1504 1380 1407 1086 1286 602 323 1174 812 710 685 4169 429 
1483 1542 1453 1594 1359 1410 1145 1273 606 324 1150 818 710 677 233 4170 
1485 1517 1401 1505 1358 1416 1084 1302 603 324 1165 818 708 697 4170 422 
1492 1514 1378 1531 1317 1405 1074 1269 608 323 1155 815 752 696 4169 4169 
1778 1508 1448 1541 1390 1391 1096 1279 1613 323 1156 816 702 701 256 476 
1532 1502 1410 1509 1334 1386 1078 1260 599 323 1154 822 716 4169 4169 4169 
1526 1543 1476 1516 1350 1393 1160 1284 602 323 1168 819 713 729 238 447 
1455 1515 1449 1581 1353 1378 1071 1260 607 323 1145 811 703 4169 4169 4169 
1556 1577 1457 1460 1354 1397 1113 1282 609 324 1171 825 719 697 242 454 
1585 1750 2238 2405 1399 1411 1185 1295 608 324 1166 811 720 688 238 436 
1495 1483 1407 1550 1334 1385 1099 1260 594 324 1135 808 729 4169 244 4169 
1565 1542 1551 1683 1371 1405 1121 1271 599 324 1163 816 704 702 238 454 
1496 1542 1475 1586 1333 1382 1074 1261 604 323 1146 813 716 4169 4169 4169 
1616 1590 1834 1975 1385 1387 1092 1311 601 323 1158 809 708 4169 248 430 
1445 1725 1609 1701 1349 1392 1079 1313 627 323 1155 819 718 716 4169 433 
1496 1553 1434 1535 1386 1379 1170 1285 606 323 1167 815 703 4171 253 423 
1625 1524 1434 1539 1351 1397 1175 1263 598 323 1151 815 723 690 226 4171 
1506 1542 1666 1861 1389 1425 1250 1291 612 323 1160 805 704 693 218 440 
1507 1422 2861 3158 3927 1376 1133 1259 594 324 1135 784 3794 711 225 460 
1505 1525 1464 1541 1342 1437 1114 1276 605 323 1150 817 718 672 237 444 
1481 1500 1480 1609 1390 1377 1097 1263 606 323 1148 813 699 4170 247 4170 
1461 1718 1854 2177 1342 1378 1087 1278 620 323 1161 813 724 4170 4170 452 
1581 1707 1476 1571 1327 1384 1087 1309 601 324 1172 818 737 4171 264 418 
1487 1528 1574 1615 1384 1389 1103 1266 607 324 1150 815 708 700 242 4170 
1640 1556 1514 1636 1332 1382 1121 1284 599 324 1167 812 717 4170 248 438 
1504 1750 1653 1809 1332 1381 1085 1282 611 323 1165 815 733 4170 4170 442 
1469 1478 1510 1639 1393 1414 1143 1287 602 324 1148 800 695 680 219 426 
1465 1562 1670 1866 1406 1386 1075 1267 612 324 1151 807 705 725 4169 4169 
1501 1889 1522 1710 1342 1394 1076 1286 549 323 1172 817 734 696 4170 456 
1539 1629 1768 2065 1407 1411 1154 1317 602 323 1163 800 705 685 241 435 
1497 1492 1443 1599 1343 1377 1092 1288 597 323 1165 806 704 4170 252 436 
1489 1544 1527 1642 1329 1386 1110 1298 610 323 1166 815 736 4170 267 427 
3701 1516 1446 1538 1353 1381 1137 1303 1347 323 1135 813 707 4170 233 413 
4709 1573 1214 1296 1305 1395 1076 1272 1438 323 4170 4170 4170 745 4170 454 
1582 1525 2114 2322 1378 1389 1091 1278 603 324 1160 802 705 727 266 439 
1474 1486 1428 1573 1357 1389 1119 1284 598 323 1150 814 702 714 259 432 
1522 1844 2346 2602 1469 1417 1229 1293 614 323 1162 814 709 687 241 441 
1536 1620 1535 1596 1382 1378 1090 1288 611 323 1168 820 706 4170 263 433 
1520 1626 1452 1593 1376 1434 1117 1284 607 323 1173 817 713 674 242 443 
1505 1634 1418 1532 1324 1397 1093 1292 609 324 1173 819 736 694 280 426 
1536 1568 1884 2064 1382 1378 1125 1281 608 323 1151 807 702 4170 248 459 
1476 1733 1516 1580 1343 1391 1090 1279 616 323 1171 825 726 720 4170 469 
1499 1857 1428 1521 1374 1393 1127 1288 620 324 1171 837 721 711 239 425 
1605 1512 1694 1806 1364 1396 1105 1308 535 324 1159 805 704 695 246 431 
1637 1542 1905 2094 1413 1394 1116 1287 599 323 1154 805 709 703 241 477 
1623 1524 2298 2575 1473 1527 1165 1383 596 323 1135 787 695 663 226 403 
1603 1548 1477 1598 1341 1382 1113 1288 599 322 1161 818 717 4169 246 415 
1539 1485 1422 1526 1343 1402 1139 1303 592 323 1155 815 706 697 245 434 
1500 1516 1433 1545 1345 1374 1081 1262 600 324 1155 809 719 4169 4169 4169 
1543 1699 1451 1538 1354 1397 1101 1271 610 323 1163 826 718 722 255 4170 
1528 1596 1508 1599 1369 1378 1092 1281 610 323 1162 821 711 4170 266 538 
1481 1505 1418 1533 1389 1431 1142 1263 607 324 1145 822 697 673 241 4170 
1514 1535 1460 1511 1389 1426 1121 1281 613 323 1165 825 706 681 238 423 
1473 1529 1548 1691 1345 1383 1076 1280 616 323 1160 810 713 4170 4170 454 
1498 1532 1431 1522 1372 1397 1125 1305 609 324 1168 817 711 696 232 412 
1498 1540 1898 2176 1339 1415 1086 1282 608 323 1165 798 717 692 259 448 
1478 1543 1467 1574 1329 1404 1114 1258 602 324 1154 817 728 704 242 4170 
1492 1596 1919 2171 2294 1390 1152 1292 613 324 1157 806 691 725 234 468 
1488 1507 1733 1886 1379 1388 1117 1270 609 323 1158 812 707 707 244 465 
1468 1521 1415 1519 1354 1397 1117 1280 609 323 1169 832 714 696 246 445 
1511 1547 1417 1552 1340 1394 1140 1259 600 323 1160 821 722 690 245 4170 
1489 1545 1423 1601 1377 1379 1097 1275 606 323 1172 815 706 4170 267 431 
1515 1794 2086 2195 1365 1413 1170 1256 619 323 1150 819 720 719 241 4170 
1484 1542 1458 1608 1408 1380 1120 1286 608 323 1168 813 707 4170 237 429 
1586 1522 1429 1535 1391 1377 1154 1271 600 323 1160 812 702 4169 230 437 
1552 1564 1499 1557 1365 1382 1113 1292 604 323 1165 825 720 4170 245 423 
1497 1510 1498 1603 1338 1404 1106 1279 600 323 1159 818 723 701 251 429 
1485 1735 1884 2081 1418 1436 1188 1324 621 323 1161 822 719 684 238 432 
1557 1485 1537 1603 1349 1375 1099 1259 590 324 1147 810 705 4170 279 4170 
1770 1595 1651 1769 1366 1410 1137 1294 1619 323 1150 808 713 679 247 420 
1515 1500 1994 2242 1331 1454 1114 1278 605 323 1149 800 718 668 246 430 
1583 1545 1502 1699 1366 1395 1093 1303 604 323 1168 814 708 696 273 426 
1476 1501 1492 1526 1354 1396 1122 1263 603 323 1143 817 708 682 238 4170 
1636 1537 1412 1513 1335 1378 1102 1281 595 323 1201 816 712 4171 422 438 
1526 1526 1480 1587 1371 1390 1132 1290 601 323 1165 809 699 703 235 445 
1584 1562 1484 1575 1340 1377 1114 1287 601 323 1164 819 715 4170 251 470 
1556 1504 1454 1579 1342 1403 1111 1258 593 323 1148 807 715 680 238 4170 
1606 1460 1408 1605 1339 1389 1143 1258 588 323 1161 807 711 685 244 4170 
1488 1416 1469 1603 1412 1404 1144 1277 593 323 1147 795 690 672 222 427 
1498 1569 1380 1513 1327 1394 1099 1286 603 323 1175 818 734 707 274 437 
1515 1526 1412 1520 1346 1405 1082 1289 596 323 1164 811 707 711 4170 424 
1572 1551 1649 1841 1374 1407 1101 1297 601 323 1160 805 710 704 239 425 
1552 1540 1541 1583 1394 1399 1090 1259 603 323 1155 818 710 707 261 4168 
1472 1564 1407 1534 1351 1381 1092 1275 613 323 1150 828 712 4169 272 559 
1559 1505 1726 1847 1555 1402 1136 1300 599 323 1152 804 689 713 229 423 
1500 1502 1788 2002 1335 1388 1103 1271 603 323 1156 795 712 711 243 455 
1539 1447 1849 2036 1403 1435 1158 1278 598 323 1153 797 695 677 220 439 
1579 1526 1452 1607 1338 1405 1144 1298 594 324 1162 815 739 742 228 417 
1537 1654 1609 1760 1320 1403 1095 1260 609 323 1155 820 4169 712 248 4169 
1475 1735 1897 2055 1394 1463 1139 1316 622 323 1166 817 712 689 242 454 
1533 1519 1457 1543 1341 1434 1097 1286 598 323 1169 815 717 686 253 438 
1488 1543 1450 1597 1333 1394 1092 1290 601 323 1167 818 723 690 268 422 
1546 1556 1490 1650 1352 1388 1087 1259 605 323 1156 821 714 789 261 4171 
1533 1614 1490 1643 1378 1398 1127 1278 605 322 1174 816 710 697 259 437 
1563 1558 1459 1546 1384 1425 1076 1276 604 323 1164 823 704 685 4171 478 
1509 1530 1440 1532 1333 1399 1150 1300 600 323 1168 825 727 712 238 435 
1631 1483 1408 1556 1343 1376 1127 1260 596 323 1154 812 712 4170 232 4170 
1689 1647 1894 2114 1351 1428 1180 1287 604 323 1162 809 714 689 241 439 
1500 1679 1489 1517 1350 1409 1095 1266 614 323 1158 822 725 708 266 4170 
1551 1495 1409 1547 1386 1399 1160 1279 600 323 1159 813 701 693 224 429 
1512 2211 2826 3253 1436 1444 1194 1323 618 323 1164 811 723 701 247 437 
1453 2022 1788 2087 1480 1427 1215 1343 623 323 1174 821 717 692 252 435 
1530 1538 1444 1586 1398 1411 1076 1323 596 323 1167 808 701 682 4170 418 
1544 1513 1462 1602 1384 1398 1141 1262 603 323 1154 815 702 711 248 4169 
1523 1733 2126 2298 1346 1382 1105 1274 612 323 1148 810 727 4169 241 4169 
1561 1627 2021 2401 1487 1462 1231 1300 612 323 1163 808 708 697 232 422 
1485 1479 1420 1526 1373 1390 1077 1277 599 323 1156 814 696 704 4170 452 
1523 1455 1445 1527 1379 1384 1108 1279 590 323 1150 809 697 4170 229 416 
1612 1476 1448 1623 1375 1377 1074 1274 591 323 1159 805 705 4169 4169 435 
1648 1531 2472 2781 1418 1428 1188 1295 605 323 1152 800 702 693 225 431 
1695 1903 2841 3151 1458 1396 1148 1296 1642 323 1149 809 713 693 250 428 
1496 1519 1614 1824 1353 1390 1075 1278 604 324 1155 807 713 709 4171 436 
1487 1639 1519 1562 1405 1377 1126 1268 611 324 1142 818 709 4169 239 4169 
1558 1476 1553 1603 1339 1397 1121 1279 597 324 1147 806 711 702 229 565 
1591 1765 2009 2096 1446 1426 1116 1386 606 324 1164 819 711 692 257 431 
1559 1622 1960 2074 1374 1375 1074 1266 601 324 1147 802 706 4170 4170 4170 
1469 1546 2455 2901 1349 1400 1086 1259 606 323 1136 794 713 714 260 4170 
1528 1575 1427 1577 1355 1419 1096 1278 600 323 1165 812 713 683 245 428 
1541 1556 1469 1521 1345 1385 1106 1266 606 323 1154 823 711 4169 251 4169 
1484 2766 1448 1538 1370 1393 1141 1295 634 323 1189 847 732 707 260 448 
1496 1510 1502 1570 1382 1377 1109 1299 605 323 1156 816 706 4169 95 442 
1551 1570 1537 1641 1342 1401 1129 1260 600 323 1140 818 726 684 239 4170 
1505 1533 1411 1536 1354 1382 1087 1283 603 323 1167 820 716 4170 250 419 
1513 1502 1404 1527 1363 1421 1097 1264 600 324 1153 816 706 676 237 4169 
1510 2159 1924 2010 1393 1405 1113 1298 622 323 1171 815 727 706 257 434 
1508 1487 1406 1516 1367 1390 1111 1272 602 323 1156 808 704 707 232 4169 
1540 1498 1461 1536 1333 1389 1117 1274 594 323 1162 815 725 717 232 459 
1539 1496 1421 1610 1378 1427 1081 1271 602 323 1154 811 708 676 4169 4169 
1464 1539 1516 1583 1335 1400 1118 1268 616 323 1145 816 719 683 243 4169 
1651 1492 1924 2095 1397 1418 1136 1370 591 323 1150 797 706 693 230 398 
1577 1655 1465 1551 1395 1375 1075 1269 612 323 1163 824 711 4170 4170 4170 
1514 1874 1448 1567 1338 1378 1087 1284 616 323 1186 828 737 4169 4169 446 
1507 1501 1408 1535 1355 1410 1082 1269 602 323 1158 818 706 679 4170 4170 
1480 1500 1466 1510 1318 1387 1120 1269 604 323 1150 813 4169 738 237 4169 
1460 1473 1622 1785 1363 1405 1262 1297 608 323 1154 804 710 680 212 406 
1490 1490 1405 1555 1319 1404 1145 1298 614 323 1169 810 744 680 235 434 
1469 1534 1497 1641 1757 1414 1130 1295 616 323 1163 815 693 682 235 435 
1569 1506 1447 1640 1365 1421 1135 1257 600 323 1152 810 703 673 230 4170 
1520 1522 1621 1684 1364 1412 1165 1282 604 323 1158 809 710 710 231 466 
1488 1617 1414 1578 1368 1397 1116 1260 614 323 1157 823 706 711 246 4169 
1643 1498 1446 1538 1358 1418 1151 1296 594 323 1155 812 708 676 237 430 
1542 1541 1449 1538 1589 1384 1079 1292 607 323 1169 818 691 4170 4170 436 
1523 1524 1457 1566 1349 1377 1076 1284 598 323 1162 817 714 4169 4169 435 
1529 1544 1451 1543 1358 1398 1118 1290 605 323 1165 817 704 688 242 425 
1521 1535 1465 1589 1341 1389 1112 1300 603 323 1167 812 711 4169 242 425 
1489 1502 1458 1568 1332 1391 1153 1258 600 323 1155 809 714 714 237 4170 
1468 1403 1470 1591 1340 1377 1096 1275 594 323 1156 793 698 4170 251 449 
1564 1535 1444 1532 1341 1378 1084 1280 596 322 1167 811 707 4169 4169 450 
1484 1487 1405 1488 1344 1397 1094 1270 602 323 1167 814 710 705 238 459 
1470 1532 1442 1524 1339 1420 1139 1293 613 323 1167 811 720 688 238 447 
1837 1567 1475 1583 1326 1385 1082 1277 1611 323 1156 815 723 712 4170 461 
1624 1561 1423 1607 1379 1397 1127 1293 603 323 1170 812 708 713 237 424 
1519 1533 1434 1566 1356 1419 1096 1294 604 323 1194 821 726 685 340 429 
1550 1522 1570 1799 1338 1390 1140 1271 598 323 1143 807 712 694 224 4169 
1576 1499 2141 2203 4056 1423 1115 1308 600 323 1147 803 1785 1806 241 431 
1553 1786 1675 1922 1378 1378 1210 1281 611 323 1170 822 721 4169 239 436 
1540 1509 1416 1508 1365 1400 1126 1279 598 323 1163 816 707 694 242 456 
1525 1531 1468 1519 1351 1374 1079 1268 600 323 1147 822 715 4169 4169 4169 
1519 1514 1915 2098 1697 1389 1208 1295 598 323 1149 798 692 4169 223 434 
1548 1613 1506 1562 1350 1391 1113 1292 604 324 1170 822 711 712 252 447 
1538 2164 2165 2373 1392 1394 1073 1262 621 323 1085 814 717 739 4170 4170 
1606 1519 1402 1507 1351 1399 1094 1284 598 323 1149 817 710 715 244 448 
1486 1453 1563 1788 1354 1380 1105 1270 601 324 1146 796 712 4170 227 439 
1533 1538 1474 1609 1342 1409 1125 1264 603 323 1149 815 723 684 229 4170 
1533 1641 1426 1534 1375 1391 1111 1281 1395 323 1166 819 714 702 245 449 
1521 1965 1892 2141 1354 1409 1137 1276 617 324 1170 817 730 707 241 452 
1576 1454 1465 1519 1322 1388 1625 1260 589 324 1142 809 715 4170 200 4170 
1487 1546 1940 2270 1373 1480 1364 1283 616 324 1155 801 718 665 211 418 
1530 1847 1476 1556 1366 1396 1091 1279 617 323 1176 828 724 698 269 470 
1485 1875 1682 1894 1391 1379 1102 1263 629 323 1164 818 715 4170 276 4170 
1542 2008 1445 1496 1359 1409 1076 1269 613 323 1173 835 725 694 4170 4170 
1572 1514 1478 1574 1344 1379 1093 1326 597 323 1160 815 721 4170 254 410 
1513 1514 1754 2073 1325 1390 1170 1284 602 323 1153 800 721 699 226 450 
1580 2015 1917 2182 1386 1392 1127 1263 616 324 1162 816 728 720 260 4170 
1544 1689 1414 1505 1368 1438 1095 1261 614 323 1164 828 710 681 290 4170 
1543 1551 1474 1546 1382 1375 1089 1259 598 323 1157 820 713 4170 266 4170 
1550 1528 1418 1476 1359 1378 1109 1300 600 323 1165 820 712 4170 243 429 
1539 1570 1521 1728 1367 1407 1113 1267 603 323 1151 811 708 695 230 4170 
1490 1761 1520 1659 1340 1403 1133 1295 617 323 1171 823 736 689 255 426 
1747 2195 2267 2532 1356 1406 1157 1303 1638 322 1155 818 729 751 244 451 
1482 1487 1452 1514 1358 1377 1083 1295 596 323 1162 816 710 4170 4170 423 
1521 1520 1700 1822 1327 1378 1111 1279 604 324 1151 805 719 4170 241 455 
1600 1470 1528 1744 1369 1378 1119 1262 592 324 1151 808 703 4170 230 4170 
1569 1502 1444 1618 1356 1404 1091 1258 592 324 1153 812 713 708 257 4170 
1577 1679 1427 1496 1358 1384 1137 1285 607 324 1173 820 730 4170 245 443 
1536 1497 1505 1628 1341 1428 1077 1274 599 324 1148 809 713 681 4169 4169 
1559 1517 2098 2101 1353 1384 1178 1300 601 323 1147 799 713 4169 240 421 
1604 1534 1924 2204 1397 1437 1215 1324 597 323 1154 795 704 689 230 415 
1529 1504 1549 1669 1353 1388 1158 1257 602 323 1144 808 715 706 230 4169 
1611 2008 2177 2375 1413 1423 1128 1315 611 323 1168 815 717 706 253 442 
1497 1409 1394 1535 1394 1415 1118 1262 593 323 1136 795 689 654 220 4170 
1613 1657 1747 1952 1368 1389 1100 1260 606 324 1153 810 710 704 278 4170 
1531 2014 2018 2163 1437 1441 1113 1279 617 323 1175 818 714 690 277 457 
1518 1626 1426 1546 1346 1403 1099 1303 603 323 1173 817 714 698 268 427 
1508 1481 1509 1595 1380 1378 1094 1262 598 323 1138 805 703 4170 255 4170 
1468 1521 1448 1517 1394 1418 1095 1260 615 324 1160 822 703 684 281 4170 
1644 1528 1489 1627 1344 1393 1094 1271 599 323 1164 809 714 695 294 460 
1513 1561 1442 1561 1389 1385 1116 1283 601 324 1160 816 706 4170 248 431 
1510 1507 1528 1602 1341 1399 1076 1286 602 323 1164 812 714 680 4170 432 
1504 1774 1740 1966 1356 1404 1102 1303 615 323 1176 816 719 715 260 434 
1509 1583 1662 1880 1401 1414 1086 1275 600 323 1146 804 704 684 4169 486 
1598 1512 1453 1538 1394 1415 1114 1290 602 324 1157 812 700 685 243 423 
1640 1780 1790 1939 1367 1401 1164 1268 614 324 1156 819 724 704 245 4170 
1532 1488 1751 1775 1367 1413 1118 1339 602 324 1159 813 714 671 249 418 
1450 1583 1539 1640 1420 1410 1149 1297 617 323 1170 821 706 682 236 425 
1571 1478 1571 1745 1378 1402 1108 1275 596 323 1159 802 702 677 261 425 
1519 1586 2208 2677 1403 1439 1128 1293 617 324 1158 800 712 687 236 430 
1601 1564 1463 1575 1357 1378 1096 1259 600 324 1156 819 710 4170 257 4170 
1525 1557 1405 1530 1380 1382 1087 1270 607 324 1162 821 704 4170 276 4170 
1472 1645 1485 1557 1367 1395 1076 1288 611 323 1176 822 711 690 4168 453 
1557 1532 1445 1617 1386 1390 1140 1269 599 324 1153 810 703 710 227 4169 
1584 1523 1452 1590 1376 1380 1128 1265 596 324 1141 812 706 4170 228 4170 
1512 1595 1993 2255 1383 1395 1124 1277 603 324 1161 805 707 693 254 447 
1481 1538 1557 1612 1327 1419 1128 1295 609 324 1162 816 723 672 237 414 
1540 1538 1488 1543 1401 1413 1076 1260 603 323 1158 820 707 701 4170 4170 
1697 1682 1919 1995 1461 1487 1195 1265 601 323 1151 809 706 686 239 4170 
1505 1631 1448 1572 1383 1403 1082 1273 606 323 1173 815 705 708 4170 459 
1448 1571 1412 1502 1401 1396 1077 1291 617 323 1170 819 699 701 4170 440 
1478 1589 1517 1608 1342 1410 1077 1286 620 323 1168 816 719 687 4170 441 
1468 1689 1440 1531 1351 1375 1077 1261 621 323 1159 829 718 4170 4170 4170 
1529 1512 2002 2099 1411 1395 1121 1256 603 323 1141 801 699 691 229 4169 
1511 1763 2118 2298 1402 1397 1139 1277 611 323 1156 814 710 727 247 514 
1536 1490 1529 1623 1322 1382 1076 1284 600 323 1161 805 725 4169 4169 443 
1547 1511 2448 2956 1354 1383 1148 1274 604 323 1153 792 710 4170 233 447 
1517 1609 1442 1516 1386 1399 1102 1261 602 323 1159 826 705 698 248 4170 
1480 1532 1532 1650 1349 1381 1129 1283 604 324 1163 810 711 4170 235 444 
1452 1535 1785 2054 1391 1380 1117 1261 610 324 1139 805 704 4171 241 4171 
1605 1555 1501 1618 1391 1379 1114 1276 598 323 1154 817 703 4170 271 450 
1465 1494 1464 1540 1334 1391 1118 1261 604 323 1148 819 709 684 227 4169 
1499 1522 1461 1487 1425 1379 1074 1274 608 323 1173 817 701 4169 4169 468 
1545 1422 1910 2097 1420 1428 1200 1354 588 323 1140 789 686 665 212 390 
1528 1506 1532 1677 1352 1387 1148 1279 602 323 1158 813 712 4170 230 445 
1536 1507 1450 1540 1325 1426 1134 1279 599 323 1146 812 730 691 234 428 
1580 1535 1407 1539 1366 1399 1095 1279 600 323 1169 816 707 687 245 438 
1514 1498 1640 1805 1374 1380 1097 1284 603 323 1160 804 704 4170 251 442 
1542 1656 1406 1516 1388 1422 1137 1270 610 323 1163 828 710 704 234 4170 
1534 1770 1661 1798 1416 1390 1113 1299 613 323 1171 820 710 726 246 440 
1532 1616 1386 1535 1399 1376 1076 1309 603 324 1157 820 704 4171 4171 429 
1715 1750 1843 2094 1341 1387 1118 1282 1635 324 1154 809 726 775 249 457 
1525 1531 1379 1550 1367 1385 1077 1270 602 323 1157 819 706 4169 4169 4169 
1550 1530 1430 1570 1332 1393 1083 1273 597 323 1165 810 727 690 4170 496 
1605 1652 1461 1564 1381 1386 1102 1297 612 323 1171 825 710 4170 259 435 
1530 1496 1495 1607 1353 1378 1109 1263 596 323 1145 813 705 4170 233 4170 
1513 1501 1529 1614 1343 1411 1076 1287 599 323 1157 810 707 698 4170 431 
1473 1483 1406 1523 1381 1382 1123 1261 606 323 1154 818 697 4169 242 4169 
1523 1515 1568 1716 1349 1379 1077 1304 599 323 1152 807 710 4170 4170 430 
1462 1522 1416 1519 1346 1378 1099 1310 608 324 1168 816 716 4171 258 445 
1565 1771 1428 1549 1339 1389 1098 1264 611 323 1157 830 727 707 253 4170 
1524 1529 2400 2775 1402 1401 1126 1307 607 323 1134 794 699 703 251 426 
1636 1766 1939 2249 1410 1461 1147 1340 616 323 1160 815 719 679 244 434 
1601 1515 1585 1766 1397 1426 1152 1267 596 323 1141 806 701 678 238 4170 
1554 1556 1460 1489 1370 1413 1084 1292 596 324 1167 820 712 681 4170 437 
1484 1553 1506 1647 1350 1399 1120 1286 608 324 1156 805 713 693 233 428 
1559 1519 1442 1560 1373 1418 1094 1267 597 323 1151 809 701 672 242 4169 
1585 1487 1399 1587 1348 1376 1158 1271 596 323 1167 808 710 4170 223 437 
1604 1528 1452 1577 1318 1393 1090 1270 597 323 1146 813 4169 704 4169 4169 
1464 1500 1486 1617 1388 1391 1092 1285 607 323 1176 813 702 713 293 423 
1498 1617 1894 1983 1409 1439 1185 1303 616 323 1167 808 713 696 233 449 
1521 1491 1396 1548 1350 1391 1095 1270 591 324 1149 818 704 753 232 4170 
1561 1482 1428 1534 1338 1409 1101 1291 593 323 1156 813 717 685 229 420 
1585 1607 1469 1625 1376 1406 1084 1275 601 323 1154 815 706 688 4170 4171 
1612 1532 1472 1527 1358 1387 1089 1295 595 323 1149 812 705 4170 275 434 
1526 1500 1430 1539 1346 1389 1139 1278 599 323 1165 811 705 704 228 437 
1510 1611 1450 1539 1365 1399 1083 1323 610 323 1172 819 715 696 4170 420 
1502 1521 1476 1566 1368 1414 1150 1285 603 323 1157 816 704 672 224 444 
1539 1516 1506 1629 1335 1401 1098 1274 595 323 1165 811 722 682 271 453 
1491 1537 1568 1696 1366 1424 1111 1265 608 323 1150 807 711 691 256 4170 
1510 1517 1559 1650 1352 1397 1087 1279 598 323 1147 812 707 713 4170 533 
1487 1513 1443 1556 1382 1378 1075 1284 604 324 1150 819 699 4170 4170 443 
1510 2311 1557 1745 1405 1398 1137 1285 619 324 1184 830 721 701 272 444 
1538 1519 1430 1554 1319 1378 1122 1275 609 323 1177 818 4170 4170 235 444 
1581 1496 1426 1550 1353 1391 1083 1276 594 323 1168 812 707 699 4170 434 
1554 1476 1459 1531 1339 1433 1127 1278 594 323 1155 809 712 668 225 431 
1511 1527 1773 1903 1335 1409 1111 1316 600 323 1155 808 723 688 250 430 
1525 1667 1440 1537 1335 1375 1124 1269 610 323 1155 831 731 4170 240 4170 
1496 1614 1445 1485 1385 1383 1133 1259 609 323 1151 826 712 4170 228 4170 
1476 1594 1452 1581 1357 1379 1120 1256 610 323 1151 813 715 4170 232 4170 
1517 1546 1521 1587 1417 1377 1107 1271 600 323 1163 819 701 4170 245 472 
1549 1588 1446 1579 1333 1377 1099 1259 599 323 1141 817 714 4170 240 4170 
1560 1513 1416 1567 1384 1425 1167 1297 599 324 1159 815 702 679 233 434 
1502 1514 1782 1846 1361 1410 1097 1280 606 324 1173 807 707 684 287 455 
1544 1502 1406 1539 1333 1400 1104 1263 596 324 1148 821 730 695 243 4170 
1542 1620 1532 1663 1343 1397 1077 1261 603 324 1151 814 712 712 4170 4170 
1483 1475 1452 1540 1336 1390 1099 1277 599 324 1166 815 710 698 259 442 
1520 1556 1430 1506 1364 1383 1104 1286 598 324 1171 820 704 4170 236 439 
1631 1537 1615 1819 1388 1377 1089 1271 600 324 1157 810 702 4170 282 451 
1506 1550 1473 1639 1350 1387 1114 1278 606 323 1163 814 710 730 250 421 
1541 1504 1569 1617 1388 1396 1092 1317 600 323 1158 808 702 721 242 407 
1497 1499 1482 1585 1355 1402 1089 1263 607 324 1146 813 710 727 258 4170 
1695 1483 1480 1594 1360 1420 1133 1269 588 323 1158 809 704 677 228 443 
1440 1581 1516 1589 1350 1454 1124 1276 618 323 1160 822 722 689 240 504 
1553 1548 1481 1593 1410 1378 1090 1272 598 323 1152 817 698 4170 273 4170 
1532 1610 1483 1601 1380 1388 1075 1308 608 323 1171 819 712 696 4170 432 
1777 1512 2306 2391 1462 1422 1150 1298 1636 323 1132 800 695 684 228 430 
1533 1490 1509 1622 1390 1401 1133 1302 597 323 1157 809 702 711 235 419 
1538 1532 1398 1535 1348 1402 1095 1279 601 324 1159 817 714 677 256 424 
1544 1531 1423 1547 1335 1399 1089 1294 605 323 1166 818 735 704 4170 453 
1491 1420 1477 1549 1377 1436 1071 1261 594 323 1136 813 689 664 4171 4171 
1543 1815 1390 1549 1356 1416 1094 1263 609 323 1148 822 717 699 262 4170 
1569 1657 1840 1882 1328 1400 1090 1259 609 323 1151 812 736 714 272 4170 
1521 1493 1481 1574 1346 1383 1080 1287 598 323 1162 812 709 4170 4170 441 
1512 1765 1422 1540 1323 1393 1099 1309 611 323 1174 828 741 696 250 439 
1555 1789 1694 1871 1390 1389 1131 1280 610 323 1161 815 713 749 238 444 
1557 1562 1425 1581 1374 1411 1076 1277 598 323 1170 815 706 672 4169 458 
1565 1515 1446 1564 1332 1398 1115 1284 603 324 1170 815 742 690 269 453 
1491 1546 1457 1477 1341 1382 1074 1262 609 323 1153 821 720 4169 4169 4169 
1625 1574 1832 2118 1373 1432 1241 1285 600 323 1155 800 708 694 217 421 
1569 1534 1486 1543 1385 1380 1106 1281 601 323 1166 813 704 4170 247 504 
1480 1446 1474 1534 1347 1380 1084 1273 599 323 1142 809 702 4170 4170 444 
1489 1565 1452 1554 1349 1395 1089 1327 613 323 1166 815 713 705 252 425 
1637 1487 1451 1540 1334 1397 1080 1286 591 323 1160 822 713 691 4170 431 
1513 1550 2313 2587 4226 1397 1140 1298 607 323 1150 801 2927 1809 232 433 
1566 1536 1599 1879 1418 1431 1123 1292 598 323 1158 801 703 688 239 437 
1564 1513 1441 1527 1346 1430 1073 1282 595 323 1168 818 708 1887 4170 465 
1503 1778 1440 1627 1334 1389 1103 1280 623 323 1182 820 730 741 260 471 
1584 1494 1412 1543 1340 1426 1073 1274 593 323 1164 814 733 672 4170 442 
1541 1410 1501 1695 1339 1398 1170 1278 573 323 1135 789 695 671 213 422 
1524 1517 1519 1627 1369 1381 1143 1291 601 323 1159 810 705 4170 229 413 
1464 1524 1441 1555 1375 1388 1078 1274 607 323 1154 816 705 762 4170 4170 
1569 1511 1451 1567 1402 1379 1096 1269 595 323 1204 816 695 4170 586 471 
1657 1551 2007 2238 1446 1455 1182 1367 601 323 1156 803 707 685 230 430 
1495 1525 1471 1557 1362 1415 1077 1284 613 323 1162 816 707 678 4171 451 
1514 1532 1417 1514 1358 1408 1074 1264 603 323 1153 818 709 692 4169 4169 
1481 1611 1803 1976 1407 1439 1228 1315 613 323 1163 813 711 684 230 423 
1438 1503 2332 2364 1330 1402 1111 1287 617 323 1141 796 735 695 239 432 
1560 1511 1445 1501 1379 1375 1119 1268 603 323 1152 819 707 4170 256 4170 
1547 1541 1540 1755 1326 1387 1095 1301 604 323 1160 811 737 719 248 436 
1564 1574 1451 1555 1340 1387 1121 1288 607 324 1166 815 716 728 254 436 
1564 1512 1488 1519 1394 1407 1077 1266 594 323 1149 817 700 677 4170 4170 
1659 1555 1910 2112 1398 1419 1181 1310 602 324 1159 803 706 689 236 436 
1540 1691 1474 1611 1322 1410 1108 1270 610 323 1159 824 760 688 243 4170 
1670 1451 2006 2203 1510 1394 1108 1295 586 323 1149 792 685 689 261 438 
1620 1583 1452 1534 1394 1395 1076 1276 596 323 1171 811 701 706 4169 498 
1590 1536 1437 1594 1358 1401 1092 1268 597 323 1153 815 705 698 254 4171 
1523 1506 1542 1668 1377 1390 1101 1259 602 323 1146 813 701 692 232 4170 
1520 1502 1459 1609 1398 1394 1098 1273 603 323 1152 815 706 683 254 4170 
1609 1535 1494 1581 1380 1429 1100 1274 604 323 1166 810 712 679 253 430 
1490 1538 1429 1589 1386 1401 1120 1286 606 323 1174 814 704 678 240 439 
1575 1540 1595 1722 1341 1378 1160 1260 599 323 1126 813 720 4169 232 4169 
1537 1927 1688 1794 1361 1384 1101 1278 617 323 1169 822 724 4169 249 457 
1509 1520 1704 1984 1359 1390 1096 1276 610 323 1158 809 711 772 269 4170 
1577 1543 1421 1549 1353 1417 1121 1278 601 323 1171 817 717 683 241 448 
1524 1509 1418 1545 1378 1428 1129 1296 602 323 1166 815 716 681 237 437 
1550 1500 2310 2626 1348 1407 1164 1323 602 323 1147 795 716 687 222 428 
1519 1533 1441 1514 1367 1411 1079 1263 608 323 1156 817 708 690 4169 4169 
1545 1531 1418 1532 1336 1394 1079 1265 599 323 1160 823 709 692 3827 4169 
1592 1778 1603 1762 1502 1429 1141 1314 611 323 1163 818 707 690 238 427 
1500 1571 1435 1503 1417 1407 1073 1268 609 323 1165 821 707 727 4169 4169 
1508 1776 1399 1549 1357 1380 1098 1267 609 323 1167 830 719 4170 251 4170 
1543 1497 1403 1499 1348 1398 1119 1276 605 323 1167 818 709 713 236 461 
1539 1532 1434 1580 1402 1451 1083 1267 595 323 1158 808 697 679 4169 4169 
1500 1531 1771 1914 1377 1389 1104 1257 599 323 1143 796 706 704 247 4170 
1528 1547 1802 1962 1337 1390 1129 1288 605 323 1167 805 717 694 283 455 
1574 1527 1500 1645 1399 1381 1116 1264 599 323 1161 815 705 4170 280 4170 
1568 1699 1613 1729 1374 1375 1130 1274 607 323 1173 815 715 4169 261 442 
1519 1623 1540 1694 1402 1397 1099 1303 612 323 1170 809 708 737 274 425 
1470 1551 1570 1609 1379 1410 1104 1260 615 323 1153 811 703 693 251 4171 
1541 1590 1514 1504 1358 1397 1105 1258 606 323 1152 829 716 735 245 4170 
1462 1550 1480 1650 1363 1405 1099 1287 606 323 1170 819 708 679 260 441 
1514 1565 1457 1566 1364 1378 1129 1284 606 323 1167 818 712 4170 237 471 
1475 1619 1442 1550 1357 1378 1095 1260 610 324 1164 814 720 4170 273 4170 
1501 1631 1477 1570 1338 1392 1138 1270 615 323 1169 819 742 732 242 464 
1543 1554 1485 1540 1398 1391 1090 1258 604 323 1156 815 702 773 255 4170 
1492 1548 1426 1573 1359 1397 1099 1273 603 323 1157 811 709 693 289 4171 
1515 1527 1485 1624 1348 1377 1111 1276 598 323 1159 814 710 4169 237 483 
1502 1775 1707 1901 1332 1410 1078 1310 615 322 1173 815 729 699 4170 439 
1467 1969 2047 2203 1350 1432 1108 1278 625 323 1167 816 725 714 264 462 
1552 1515 1518 1597 1363 1402 1120 1304 601 323 1159 815 712 691 227 420 
1512 1527 1459 1595 1360 1394 1094 1317 600 323 1178 821 713 690 291 438 
1542 1495 1622 1673 1378 1395 1105 1279 593 323 1154 807 702 707 244 427 
1526 1500 1638 1762 1717 1387 1101 1278 600 324 1155 808 687 724 265 451 
1549 1520 1652 1729 1349 1406 1093 1298 604 324 1160 806 704 681 258 439 
1550 1535 1474 1506 1370 1390 1157 1293 597 324 1164 819 713 710 229 456 
1462 1566 1742 1715 1375 1398 1113 1284 610 324 1159 813 722 832 235 451 
1467 1509 1432 1457 1345 1415 1107 1293 614 323 1163 829 721 683 258 434 
1477 1519 1547 1701 1349 1379 1076 1261 611 322 1148 803 706 4171 4171 4171 
1509 1885 1750 1836 1356 1408 1134 1272 620 323 1168 821 721 695 251 436 
1558 1575 1450 1511 1368 1416 1130 1257 603 323 1157 818 708 689 249 4169 
1495 1492 1449 1551 1335 1430 1145 1271 604 323 1148 812 750 665 229 4169 
1643 1558 1440 1510 1387 1386 1118 1261 598 323 1153 821 707 4170 243 4170 
1524 1505 1416 1590 1352 1399 1120 1259 603 323 1154 810 702 714 223 4170 
1485 1462 1409 1504 1410 1395 1079 1294 600 323 1171 811 694 692 4170 438 
1530 1529 1466 1586 1346 1416 1124 1271 601 324 1153 815 715 684 233 459 
1473 1577 1608 1746 1381 1389 1133 1281 603 323 1160 810 706 705 239 469 
1520 1578 1442 1492 1361 1416 1148 1259 607 323 1155 829 713 685 231 4169 
1605 1570 2108 2323 1406 1402 1120 1280 599 322 1155 806 705 729 243 432 
1513 1517 1572 1686 1345 1441 1104 1284 598 322 1154 807 770 671 238 434 
1529 1534 1431 1507 1391 1428 1140 1257 598 323 1157 815 700 672 228 4170 
1510 1533 1402 1532 1327 1380 1144 1272 604 323 1151 818 729 4170 237 4170 
1508 1522 1459 1543 1334 1389 1117 1292 607 323 1166 815 723 735 231 435 
1500 1532 1424 1535 1343 1387 1138 1274 608 323 1172 820 720 706 236 437 
1500 1599 1649 1755 1352 1385 1076 1301 602 323 1162 815 709 4170 4170 433 
1528 1517 1647 1751 1350 1410 1115 1279 602 323 1156 804 710 697 255 436 
4949 1527 1559 1653 1324 1374 1093 1265 4169 323 1131 808 758 4169 282 4169 
1619 1483 1649 1895 1337 1439 1132 1348 596 323 1153 797 726 671 218 414 
1565 1485 1451 1568 1358 1391 1094 1274 597 323 1165 811 718 712 248 454 
1527 1542 1394 1549 1327 1394 1128 1276 611 323 1168 812 725 698 225 430 
1528 1501 1410 1569 1380 1385 1138 1300 597 323 1165 809 703 4170 227 437 
1506 1509 1442 1525 1334 1391 1122 1275 600 323 1164 815 716 704 252 426 
1549 1585 1648 1909 1341 1423 1198 1295 606 323 1165 808 727 695 229 429 
1473 1535 1463 1602 1340 1399 1120 1315 602 323 1167 814 724 687 256 420 
1512 1499 1724 1935 1384 1410 1194 1295 603 323 1156 798 702 677 216 435 
1517 1472 1437 1502 1317 1399 1093 1278 603 323 1165 812 4169 672 253 437 
1520 1530 1466 1543 1376 1380 1136 1258 602 323 1149 822 704 4170 238 4169 
1565 1480 1583 1737 1359 1379 1121 1305 591 323 1151 794 705 4170 231 429 
1555 1516 1898 2049 1394 1438 1149 1362 601 323 1159 807 703 679 254 407 
1442 1519 1654 1877 1340 1390 1103 1263 638 283 1112 764 673 698 210 4169 
1441 1512 1907 2186 1358 1418 1235 1337 612 323 1151 796 707 674 222 403 
1494 1567 1414 1545 1355 1391 1098 1297 609 323 1168 815 711 716 253 458 
1490 1486 1656 1761 1367 1378 1090 1278 601 323 1195 808 704 4169 351 442 
1488 1770 2655 2954 1330 1442 1212 1319 610 323 1155 805 742 687 235 434 
1576 1603 1429 1498 1361 1384 1092 1269 603 323 1171 820 708 4169 247 459 
1522 1494 1308 1425 1335 1391 1111 1276 603 323 1172 823 707 723 236 452 
1558 1504 1439 1620 1365 1420 1106 1286 600 323 1157 811 702 673 231 441 
1490 1497 1456 1585 1355 1451 1077 1276 602 322 1166 812 702 671 4170 438 
1459 1540 1447 1555 1392 1378 1169 1286 609 323 1165 818 703 4170 228 428 
1552 1530 1462 1516 1349 1405 1087 1273 596 323 1161 815 708 697 4170 448 
1558 1486 1675 1763 1342 1395 1108 1272 592 324 1152 805 708 721 246 470 
1540 1679 1850 1923 1339 1416 1078 1307 606 324 1148 815 725 675 4170 432 
1625 1615 1788 1952 1411 1384 1224 1284 603 324 1160 809 708 4169 232 450 
1524 1517 1450 1559 1468 1428 1087 1295 598 323 1165 813 701 698 4170 437 
1542 1563 1424 1527 1347 1388 1110 1279 597 324 1160 820 713 750 240 439 
2076 1418 1653 1778 1348 1374 1119 1318 1577 323 1125 795 693 4170 222 399 
1485 2196 1812 1984 1368 1404 1097 1261 629 323 1163 820 723 700 261 4171 
1532 1563 1995 2084 2135 1409 1133 1301 605 323 1151 805 687 700 239 442 
1529 1497 1449 1518 1330 1416 1098 1269 601 323 1148 821 726 688 238 4171 
1586 1764 1647 1706 1474 1385 1173 1322 609 323 1170 819 711 4170 249 418 
1576 1858 1397 1531 1349 1378 1182 1308 610 323 1182 835 724 4170 238 440 
1529 1527 1448 1576 1337 1410 1102 1280 604 323 1167 816 712 680 239 433 
1551 1653 1427 1543 1360 1396 1078 1297 610 323 1172 825 714 712 4170 435 
1543 1497 2010 2202 1426 1419 1197 1359 601 323 1152 799 702 670 226 401 
1503 1574 1675 1954 1402 1438 1153 1304 609 323 1165 804 710 677 250 423 
1508 1495 1583 1709 1357 1438 1110 1276 595 323 1159 803 705 675 278 485 
1527 1562 1502 1615 1380 1413 1126 1262 605 323 1154 810 706 695 251 4171 
1512 1512 1503 1571 1378 1410 1077 1319 601 323 1162 813 705 684 4169 423 
1485 1767 1529 1632 1339 1377 1126 1271 613 323 1160 817 735 4169 256 4169 
1514 1522 1674 1836 1385 1410 1228 1290 608 323 1162 805 715 681 230 455 
1558 1497 2088 2338 1453 1411 1109 1295 598 323 1154 797 696 678 252 429 
1619 1524 1531 1645 1406 1388 1095 1266 598 323 1152 813 699 698 252 4169 
1493 1501 2173 2368 2733 1409 1124 1314 601 323 1147 804 682 703 240 418 
1522 1552 1424 1494 1349 1404 1112 1280 604 323 1167 816 716 700 239 456 
1520 1508 1410 1542 1361 1380 1079 1275 595 323 1170 814 708 4170 4170 442 
1484 1566 1446 1586 1395 1439 1141 1276 613 323 1169 816 706 685 231 442 
1446 1538 1858 1930 1363 1381 1177 1266 622 323 1148 805 709 4171 244 4171 
1499 1606 1497 1585 1343 1380 1079 1292 604 323 1170 823 718 4171 4170 443 
1476 1487 1604 1624 1321 1406 1106 1283 600 323 1151 810 4170 674 235 426 
1459 1501 1471 1614 1330 1418 1112 1293 616 323 1167 816 730 680 235 422 
1485 1498 1593 1684 1378 1396 1078 1268 595 323 1148 807 700 687 4170 4170 
1476 1588 1425 1603 1375 1403 1101 1263 613 323 1159 820 712 707 263 4171 
1801 2009 1981 2302 1423 1427 1144 1314 1652 323 1161 814 713 688 253 452 
1536 1793 2015 2185 1393 1398 1102 1317 610 323 1163 812 711 705 243 434 
1555 1535 1466 1568 1378 1387 1100 1311 600 323 1169 814 701 711 265 418 
1503 1519 1501 1623 1357 1415 1093 1272 605 323 1164 810 708 675 263 478 
4746 1470 1553 1692 1306 1372 1071 1257 1445 323 1113 813 4170 4170 4170 4170 
1457 1540 1431 1550 1333 1375 1073 1269 600 323 1159 811 719 4170 4170 4170 
1541 1574 1449 1519 1332 1380 1149 1268 604 323 1149 817 725 4170 227 4170 
1591 1607 1494 1595 1416 1425 1093 1273 599 323 1193 821 701 682 249 894 
1563 1527 1483 1566 1381 1377 1076 1321 597 323 1160 819 709 4170 4170 437 
1531 1679 1720 1922 1404 1379 1113 1288 612 323 1150 808 709 4170 250 452 
1482 1507 1625 1794 1349 1390 1135 1265 604 323 1143 813 711 695 233 4170 
1516 1568 1468 1595 1344 1398 1138 1285 605 323 1168 816 721 699 240 460 
1570 1508 1413 1497 1343 1421 1114 1261 605 323 1160 821 712 680 268 4171 
1506 1490 1456 1581 1359 1376 1082 1287 594 323 1142 809 708 4171 4171 434 
1522 1467 1718 1824 1406 1396 1095 1304 596 323 1156 800 696 706 252 416 
1537 1844 2063 2162 1364 1408 1108 1292 612 323 1161 815 731 700 254 454 
6091 1471 2540 3033 1446 1443 1143 1317 2014 323 1121 788 696 677 228 408 
1527 1575 1753 1921 1385 1378 1096 1286 599 323 1153 811 702 4170 253 462 
1568 1980 1616 1762 1399 1405 1076 1301 612 323 1177 825 715 694 4170 450 
1472 1426 1647 1810 1346 1410 1093 1267 594 324 1134 793 706 680 239 4169 
1473 1569 1421 1534 1397 1388 1089 1262 631 323 1163 819 705 704 283 4171 
1520 1476 1781 1895 1341 1389 1195 1268 601 323 1135 793 712 708 223 4170 
1482 1503 1442 1635 1381 1418 1095 1260 601 323 1149 810 698 678 254 4170 
1516 1527 1430 1559 1355 1433 1092 1262 604 323 1157 811 712 674 265 4170 
1501 1526 1434 1499 1359 1378 1122 1273 598 323 1169 826 708 4170 231 452 
1546 1543 1542 1690 1378 1397 1075 1283 598 323 1163 806 705 698 4171 446 
1530 1502 1520 1580 1366 1394 1117 1272 599 323 1159 810 715 678 263 451 
1604 1526 1461 1574 1364 1377 1149 1260 596 323 1148 811 711 4171 231 4171 
1498 1510 1436 1519 1368 1438 1091 1295 602 323 1164 811 702 677 262 448 
1455 1696 1446 1578 1382 1404 1170 1327 626 323 1175 829 717 697 233 433 
1509 1535 1402 1573 1347 1415 1120 1280 609 323 1177 819 721 682 237 448 
1537 1709 1474 1565 1375 1377 1087 1286 610 323 1175 821 720 4171 276 424 
1627 1572 1836 1957 1386 1406 1132 1295 597 323 1155 808 706 691 252 441 
1542 1485 1504 1517 1368 1391 1097 1274 598 323 1145 813 696 716 244 502 
1534 1500 1478 1566 1366 1430 1082 1276 598 323 1167 815 714 682 4170 441 
1617 1524 1715 1842 1401 1417 1122 1269 596 323 1155 805 703 691 239 467 
1523 1498 1438 1497 1371 1378 1119 1302 598 323 1164 813 710 4170 234 427 
1453 1591 1428 1530 1336 1436 1124 1272 609 323 1170 816 715 672 250 444 
1564 1538 1558 1606 1355 1393 1102 1258 564 323 1146 814 710 685 242 4170 
1532 1618 1604 1746 1375 1435 1083 1290 606 323 1167 813 709 681 4170 436 
1435 1582 1217 1298 1320 1378 1098 1264 625 323 4171 4171 744 4171 244 4171 
1497 1516 1995 2236 1369 1399 1101 1287 610 323 1150 798 703 704 243 441 
1535 1471 1545 1703 1373 1686 1141 1263 598 323 1144 801 700 673 230 4170 
1455 1502 1417 1530 1343 1382 1129 1261 619 323 1152 817 714 4171 240 4170 
1494 1868 1428 1530 1333 1407 1106 1267 609 323 1163 831 740 698 246 4170 
1563 1655 1438 1501 1408 1412 1076 1279 608 323 1178 823 709 698 4170 445 
1469 1706 1493 1564 1418 1377 1194 1261 616 323 1155 823 713 4169 239 4169 
1517 1612 1421 1464 1371 1423 1097 1289 606 323 1177 825 710 677 257 436 
1577 1486 1455 1569 1370 1398 1118 1273 586 323 1156 810 699 691 231 447 
1466 1498 1409 1542 1364 1377 1102 1282 613 323 1161 809 707 4171 240 458 
1553 1530 1504 1584 1365 1380 1111 1272 600 323 1157 810 707 4170 241 610 
1548 1756 1449 1565 1377 1378 1082 1261 610 323 1163 825 711 4170 4170 4170 
1493 1568 1501 1565 1356 1386 1099 1287 623 323 1166 819 735 4170 242 432 
1522 1517 1438 1549 1357 1377 1084 1279 597 323 1163 821 707 4170 4170 450 
1495 1517 1462 1530 1353 1374 1074 1263 608 323 1155 817 707 4170 4170 4170 
1593 1928 1417 1510 1372 1384 1116 1292 610 322 1177 833 719 4170 250 435 
1495 1480 1526 1635 1383 1380 1101 1285 599 323 1162 806 698 4170 235 441 
1530 1537 1460 1562 1332 1394 1097 1272 604 323 1165 810 729 690 243 436 
1591 1534 1427 1519 1346 1402 1101 1288 603 324 1163 815 714 705 242 450 
1453 1494 1403 1552 1365 1419 1076 1295 621 323 1169 814 706 726 4169 446 
1505 1607 1727 1893 1332 1389 1076 1279 611 323 1166 806 728 707 4170 442 
1750 1487 2185 2438 3866 1439 1217 1336 1607 323 1132 793 3793 1806 222 410 
1568 1511 1410 1531 1334 1442 1136 1286 601 323 1162 817 716 674 223 430 
1543 1492 1461 1609 1378 1425 1092 1292 603 323 1162 812 702 669 239 429 
1463 1514 1474 1548 1344 1378 1104 1274 612 323 1162 821 712 4171 242 489 
1514 1589 1655 1798 1373 1379 1154 1285 608 323 1158 811 711 4169 235 427 
1590 1538 1901 2026 1388 1382 1115 1287 604 323 1158 807 705 4170 247 431 
1524 1504 1770 1943 1352 1393 1102 1281 599 323 1151 802 716 683 241 420 
1496 1437 1615 1826 1417 1392 1125 1271 595 323 1132 797 689 717 216 4170 
1521 1754 2308 2477 1367 1423 1119 1284 610 323 1145 811 719 687 254 428 
1605 1502 2098 2289 1547 1429 1119 1274 598 322 1148 803 693 677 236 446 
1534 1519 1430 1580 1376 1400 1077 1298 602 323 1169 816 703 685 4170 427 
1465 1519 1457 1545 1382 1392 1188 1258 604 323 1148 819 704 713 242 4170 
1590 1636 1586 1775 1372 1431 1106 1279 602 323 1170 813 709 680 255 446 
1568 1530 1449 1562 1347 1403 1156 1277 596 323 1168 819 713 683 227 438 
1573 1560 1560 1649 1374 1387 1112 1275 601 323 1166 817 712 4170 250 423 
1525 1554 1446 1454 1380 1410 1115 1284 603 323 1169 829 714 691 245 447 
1516 1492 1426 1546 1379 1423 1088 1318 598 323 1156 815 706 688 4169 421 
1556 1524 1511 1570 1345 1386 1170 1271 599 323 1158 810 708 4170 225 464 
1542 1532 1472 1586 1326 1402 1198 1277 605 324 1165 813 723 697 230 424 
1485 1534 1479 1526 1348 1392 1105 1280 605 324 1162 818 713 708 239 462 
1552 1583 1451 1498 1345 1397 1112 1273 599 324 1169 821 714 684 252 456 
1589 1557 1517 1813 1349 1418 1086 1262 598 323 1152 810 713 674 4170 4170 
1508 1577 1588 1659 1325 1414 1109 1275 609 323 1161 819 750 703 244 453 
1571 1506 1772 2017 1355 1380 1102 1294 592 323 1155 799 716 4170 265 423 
1555 1551 1834 1987 1350 1378 1128 1277 606 323 1157 812 711 4170 232 431 
1559 1530 1471 1498 1322 1395 1090 1273 601 323 1176 814 735 689 275 476 
1456 1514 1821 1941 1364 1431 1222 1271 610 323 1154 799 713 670 215 463 
1533 1514 1508 1575 1399 1380 1077 1285 604 323 1161 816 703 4170 4170 439 
1470 1531 1421 1554 1347 1403 1073 1262 604 323 1156 817 709 700 4170 4170 
1441 1502 1497 1558 1329 1404 1075 1271 618 323 1151 815 716 684 4171 4171 
1543 1502 1480 1568 1342 1404 1109 1268 596 323 1145 807 707 686 238 4170 
1548 1504 1417 1522 1330 1395 1117 1285 593 323 1165 824 735 685 242 432 
1551 1589 1428 1582 1348 1398 1106 1279 606 323 1169 817 711 688 243 445 
1465 1529 1877 2029 1341 1391 1106 1265 613 322 1143 805 719 684 241 4170 
1483 1535 1454 1550 1367 1385 1073 1268 604 323 1141 814 704 4170 4170 4170 
1547 1487 1372 1526 1341 1387 1094 1277 597 323 1171 813 712 746 255 512 
1468 1366 1493 1641 1346 1404 1122 1285 563 323 1105 772 667 648 217 396 
1445 1470 1477 1536 1347 1383 1106 1291 620 323 1152 809 699 4170 249 423 
1534 1859 1459 1659 1375 1380 1108 1280 612 322 1153 826 714 4168 12 847 
1545 1589 1821 1917 1359 1381 1097 1302 605 323 1159 809 710 4170 252 438 
1486 1429 1447 1531 1351 1389 1094 1278 588 322 1153 798 693 722 245 461 
1537 1694 1799 1932 1336 1394 1109 1258 608 323 1155 816 744 690 252 4169 
1551 1444 2176 2317 1410 1484 1161 1304 597 323 1142 794 707 671 226 410 
1533 1521 1428 1562 1403 1430 1093 1262 603 323 1158 810 698 681 257 4169 
1530 1487 1514 1580 1366 1398 1106 1284 595 323 1160 796 706 704 238 435 
1519 1506 1894 2005 1341 1450 1103 1263 605 323 1140 803 717 689 243 4169 
1478 1518 1478 1605 1394 1405 1088 1272 614 323 1163 808 695 700 271 442 
1536 1517 1459 1583 1557 1382 1082 1271 598 323 1164 814 690 4170 4170 476 
1572 1409 1509 1587 1351 1378 1131 1259 584 323 1120 797 701 4170 226 4170 
1482 1530 1435 1567 1384 1382 1100 1282 609 323 1167 812 705 4170 247 450 
1541 1563 1442 1547 1350 1400 1073 1266 598 323 1141 819 704 687 4171 4171 
1494 1682 2349 2611 1364 1384 1103 1319 614 323 1159 805 725 4169 264 426 
1583 1524 1530 1579 1362 1396 1130 1278 600 323 1151 808 708 677 231 503 
1451 1542 1399 1583 1378 1402 1133 1270 608 323 1158 812 706 699 238 504 
1620 1481 1415 1551 1381 1415 1095 1289 591 323 1176 808 702 664 282 430 
1491 1645 1463 1551 1404 1374 1074 1287 611 322 1156 826 712 4171 4171 435 
1505 1582 1443 1546 1392 1420 1116 1256 605 323 1149 820 702 680 232 4169 
1517 1442 2132 2473 1380 1378 1103 1265 600 323 1140 794 706 4171 235 4171 
1486 1747 1396 1550 1341 1393 1081 1278 609 322 1184 823 719 703 4169 469 
1519 1527 1388 1532 1357 1393 1079 1275 599 323 1170 818 709 683 4169 452 
1600 1607 2133 2330 1476 1427 1111 1331 604 323 1160 802 704 698 258 431 
1565 1532 1807 2161 1370 1387 1078 1290 597 323 1156 804 703 708 4171 432 
1517 1567 1448 1572 1354 1379 1130 1282 600 323 1169 819 712 4169 228 453 
1590 1509 1609 1833 3730 1393 1132 1276 601 323 1157 810 3802 1818 237 448 
1542 1535 1438 1559 1420 1405 1079 1286 607 322 1168 821 709 677 4169 442 
1479 1491 1394 1543 1353 1383 1078 1302 604 323 1161 817 709 4169 4169 434 
1527 1518 1491 1618 1330 1398 1091 1266 602 323 1159 806 714 697 268 4170 
1618 1494 1644 1780 1393 1446 1188 1327 599 323 1156 806 706 678 226 417 
1487 1567 1402 1523 1380 1395 1106 1259 605 323 1157 826 708 721 240 4169 
1524 1485 1412 1571 1344 1377 1095 1273 595 323 1167 810 717 4171 248 517 
1570 1489 1372 1535 1338 1406 1114 1277 598 323 1176 811 708 695 232 442 
1536 1568 1489 1594 1374 1435 1103 1276 605 323 1159 813 707 677 232 465 
1552 1478 1436 1541 1366 1410 1137 1302 585 323 1156 814 706 691 223 425 
1506 1491 1467 1555 1371 1388 1091 1294 605 322 1162 815 704 729 237 426 
1560 1490 1873 2089 1455 1496 1277 1309 593 323 1141 795 696 668 216 409 
1547 1565 1432 1522 1375 1394 1093 1279 603 323 1170 817 705 716 251 442 
1501 1960 2003 2158 1352 1380 1108 1258 618 323 1150 818 729 4170 249 4170 
1517 1679 1209 1297 1306 1374 1073 1257 1270 316 4169 4169 4169 4169 4169 4169 
1552 1516 1464 1550 1359 1400 1102 1275 598 323 1163 811 703 690 245 442 
1510 1547 1445 1527 1358 1395 1110 1324 604 323 1169 819 711 701 234 421 
1508 1492 1428 1563 1353 1376 1099 1257 597 323 1149 814 709 4170 252 4170 
1544 1495 1496 1581 1327 1377 1129 1278 600 323 1160 808 729 4170 231 446 
1514 1491 1686 1897 1330 1424 1079 1277 599 322 1144 802 727 683 4170 443 
1548 1782 1653 1823 1407 1434 1116 1292 621 323 1170 821 717 694 241 450 
1500 1678 1428 1559 1366 1385 1102 1267 609 323 1156 824 714 738 248 4170 
1557 2121 1993 2054 1390 1417 1092 1294 613 323 1155 822 721 706 261 433 
1457 1715 1474 1554 1366 1380 1113 1273 622 323 1168 829 720 4169 238 444 
1556 1525 1983 2053 1369 1415 1168 1289 601 323 1152 802 714 692 237 431 
1550 1530 1626 1743 1365 1398 1074 1275 602 323 1162 810 705 697 4170 466 
1533 1469 1482 1535 1383 1405 1106 1282 596 323 1156 809 699 671 235 417 
1573 1528 1412 1556 1352 1381 1107 1278 594 323 1166 815 714 4170 234 431 
1513 1590 1414 1530 1348 1405 1074 1273 605 323 1172 825 714 682 4169 447 
1635 1518 1909 2046 1361 1386 1133 1266 597 322 1143 805 714 727 231 4170 
1604 1317 1686 1931 1396 1376 1084 1260 597 322 1153 798 699 4170 4170 4170 
1637 1484 1433 1555 1334 1434 1095 1358 596 322 1162 809 720 672 243 396 
1512 1440 1888 2043 1356 1468 1167 1317 588 323 1140 794 710 654 211 404 
1502 1956 1910 2017 1405 1425 1096 1265 616 323 1159 816 714 688 265 4171 
1577 1505 1647 1890 1416 1421 1083 1290 598 323 1154 804 698 681 4170 447 
1520 1530 1460 1523 1330 1388 1102 1290 601 323 1150 814 719 723 257 413 
1554 1513 1554 1615 1342 1400 1094 1261 599 322 1154 812 709 700 294 4170 
1480 1542 1454 1542 1391 1390 1090 1264 607 323 1152 820 701 721 250 4169 
1550 1509 1397 1533 1382 1407 1088 1275 603 323 1171 818 703 673 270 431 
1504 1540 1511 1707 1363 1403 1100 1270 599 323 1160 808 708 679 234 457 
1496 1535 1372 1534 1350 1376 1079 1284 599 323 1164 810 708 4170 4170 431 
1554 1530 1425 1532 1367 1381 1074 1276 598 324 1168 818 712 4170 4170 441 
1541 1544 1661 1825 1363 1399 1108 1295 602 323 1156 805 703 692 226 407 
1471 1521 1382 1516 1343 1377 1075 1281 604 323 1176 814 713 4170 4170 443 
1601 1969 2120 2405 1375 1427 1127 1272 612 323 1166 812 726 698 248 460 
1509 1570 1424 1539 1397 1400 1117 1317 620 323 1182 830 716 724 261 448 
3806 1528 2252 2348 1376 1487 1116 1354 1824 323 1136 801 715 673 245 422 
1458 1628 2335 2650 1364 1459 1142 1270 614 323 1151 804 705 672 236 474 
1554 1530 1460 1535 1348 1397 1110 1301 600 323 1162 817 708 729 249 434 
1511 1488 1770 1965 1355 1385 1121 1294 597 323 1157 802 712 4170 235 438 
1507 1579 1535 1666 1338 1432 1111 1297 614 322 1166 814 718 677 245 438 
1913 1649 1967 2106 1449 1409 1190 1300 1601 322 1146 814 707 713 240 426 
1663 1486 2066 2282 1353 1434 1114 1290 582 323 1142 799 707 667 229 417 
1532 1734 1740 1859 1411 1389 1077 1281 604 322 1159 816 708 716 4169 442 
1500 1564 1522 1590 1344 1394 1128 1266 605 323 1147 821 713 712 231 4169 
1470 1583 1439 1517 1356 1390 1087 1263 606 324 1158 816 712 701 252 4170 
