1468 1534 2062 2531 1313 1374 1075 1260 638 339 1149 819 4173 4173 4173 4173 
1490 1473 1514 1706 1307 1373 1078 1261 621 339 1149 816 4173 4173 4173 4173 
1508 1543 1562 1769 1309 1374 1078 1262 631 339 1170 818 4174 4174 4174 4174 
1482 1486 1384 1491 1307 1373 1077 1260 633 339 1158 833 4172 4172 4172 4172 
1522 1602 2396 2534 1315 1373 1073 1270 627 339 1151 820 4172 4172 4172 4172 
1537 1501 1393 1505 1307 1373 1077 1263 623 339 1163 825 4172 4172 4171 4171 
1522 1539 1444 1502 1309 1375 1077 1261 629 339 1164 842 4172 4172 4172 4172 
1532 1546 1420 1622 1308 1374 1079 1262 625 339 1173 826 4173 4172 4172 4172 
1501 1505 1380 1558 1310 1374 1075 1261 629 339 1183 834 4172 4172 4172 4172 
1532 1522 1537 1677 1303 1373 1081 1262 628 339 1152 825 4172 4172 4172 4172 
1486 1777 1751 1813 1306 1373 1080 1263 644 339 1159 834 4174 4174 4174 4174 
1504 1681 1666 1829 1305 1374 1078 1261 639 339 1163 828 4172 4172 4172 4172 
1446 1611 1432 1530 1314 1374 1075 1260 646 339 1164 844 4172 4172 4172 4172 
1505 1568 1476 1601 1313 1374 1076 1260 629 339 1155 831 4172 4172 4172 4172 
1444 1490 1411 1532 1299 1375 1087 1264 634 339 1161 829 4172 4172 4172 4172 
1538 1498 1687 1920 1309 1373 1075 1261 626 339 1168 820 4173 4173 4173 4173 
1514 1554 1418 1571 1302 1373 1081 1262 634 339 1177 829 4172 4172 4172 4172 
1529 1583 1559 1737 1309 1375 1080 1263 633 339 1156 825 4171 4171 4171 4171 
1516 1499 1427 1578 1308 1375 1078 1263 624 339 1184 831 4173 4173 4173 4173 
1502 1530 1423 1538 1305 1375 1081 1262 627 339 1159 833 4171 4171 4171 4171 
1456 1519 1420 1535 1311 1375 1090 1260 639 339 1173 828 4172 4172 266 4172 
1500 1511 1421 1657 1310 1375 1081 1263 622 338 1166 820 4173 4173 4173 4173 
1523 1501 1697 1895 1308 1372 1076 1260 627 339 1152 821 4172 4172 4172 4172 
1461 1483 1491 1578 1312 1374 1074 1260 635 339 1154 826 4171 4171 4171 4171 
1602 1472 1488 1687 1304 1377 1103 1262 621 339 1152 820 4173 4173 262 4173 
1547 1474 1422 1539 1307 1374 1073 1260 629 339 1163 828 4173 4173 4173 4173 
1528 1465 1449 1558 1307 1375 1079 1262 621 338 1150 818 4172 4172 4171 4171 
1532 1468 1680 1798 1309 1377 1075 1262 619 339 1146 816 4173 4173 4173 4173 
1586 1480 1423 1547 1317 1375 1074 1260 615 339 1155 825 4171 4171 4171 4171 
1522 1509 1462 1571 1309 1375 1081 1263 626 339 1155 821 4171 4171 4171 4171 
1485 1485 1453 1600 1315 1374 1078 1260 622 338 1154 823 4172 4172 4172 4172 
1557 1628 1476 1591 1309 1374 1075 1262 629 339 1165 837 4173 4173 4173 4173 
1486 1650 1215 1299 1309 1375 1079 1260 635 339 4172 4172 4172 4172 4172 4172 
1627 1499 1473 1627 1315 1374 1074 1262 612 339 1152 820 4172 4172 4172 4172 
1518 1475 1434 1581 1310 1374 1074 1260 630 338 1174 830 4171 4171 4171 4171 
1639 1500 1915 2116 1316 1375 1077 1260 616 338 1143 814 4171 4171 4171 4171 
1485 1576 1404 1581 1311 1373 1075 1258 636 339 1132 837 4172 4172 4172 4172 
1547 1478 1458 1660 1308 1374 1078 1261 623 339 1173 827 4172 4172 4172 4172 
1563 1751 1476 1646 1309 1375 1077 1262 641 339 1169 833 4171 4171 4171 4171 
1549 1486 2450 2537 1306 1376 1082 1261 623 339 1148 813 4171 4171 4171 4171 
1562 1511 1423 1584 1306 1375 1082 1263 624 338 1165 824 4173 4173 4173 4173 
1459 1614 1443 1597 1309 1373 1076 1260 642 338 1177 831 4171 4171 4171 4171 
1550 1511 1405 1593 1308 1374 1079 1263 625 339 1163 826 4173 4173 4173 4173 
1566 1509 1442 1547 1317 1375 1075 1262 629 339 1177 836 4172 4172 4172 4172 
1565 1494 1513 1682 1308 1376 1080 1262 622 339 1166 822 4172 4172 4172 4172 
1511 1541 1462 1709 1310 1384 1077 1262 636 339 1168 824 4172 4172 4172 4172 
1469 1509 1398 1569 1308 1375 1080 1262 627 338 1177 823 4172 4172 4172 4172 
1530 1718 1442 1634 1310 1376 1079 1263 639 339 1169 833 4172 4172 4172 4172 
1521 1497 1426 1546 1307 1374 1079 1262 626 339 1176 828 4172 4172 4172 4172 
1485 1535 1430 1639 1309 1377 1079 1265 628 339 1158 830 4172 4172 4172 4172 
1499 1506 1438 1533 1303 1374 1079 1261 632 339 1166 825 4172 4172 4172 4172 
1505 1502 1460 1580 1302 1376 1081 1266 628 339 1174 830 4172 4172 4172 4172 
1472 1475 1464 1579 1314 1374 1078 1262 628 339 1159 820 4172 4172 4172 4172 
1514 1511 1447 1585 1309 1376 1100 1262 637 339 1165 831 4172 4172 262 4172 
1500 1522 1397 1529 1306 1374 1076 1261 634 339 1148 824 4171 4171 4171 4171 
1573 1554 1405 1587 1307 1375 1101 1259 626 338 1162 832 4171 4171 256 4171 
1579 1505 1515 1716 1307 1374 1075 1262 623 339 1172 823 4173 4173 4173 4173 
1473 1455 1422 1559 1307 1373 1078 1262 621 339 1156 829 4172 4172 4172 4172 
1500 1462 1406 1528 1311 1374 1073 1260 625 339 1160 827 4171 4171 4171 4171 
1480 1484 1466 1635 1313 1374 1073 1261 622 339 1172 819 4172 4172 4172 4172 
1488 1497 1670 1860 1307 1374 1078 1261 629 339 1150 820 4171 4171 4171 4171 
1536 1659 1406 1559 1307 1377 1074 1260 634 339 1171 843 4171 4171 4171 4171 
1540 1419 1650 1792 1309 1375 1077 1260 616 339 1136 812 4172 4172 4172 4172 
1542 1492 1395 1553 1309 1374 1082 1263 622 339 1172 824 4172 4172 4172 4172 
1498 1610 1503 1640 1307 1373 1076 1260 624 339 1159 830 4172 4172 4172 4172 
1564 1474 1461 1609 1314 1373 1077 1260 620 339 1154 824 4172 4172 4172 4172 
2215 1556 1445 1685 1306 1372 1079 1258 1603 339 1149 824 4172 4172 4172 4172 
1523 1763 2232 2657 1313 1375 1073 1262 636 339 1149 820 4171 4171 4171 4171 
1544 1512 1436 1594 1316 1374 1083 1271 621 339 1156 824 4170 4170 4170 4170 
1506 1488 1483 1714 1309 1376 1079 1263 625 339 1156 826 4172 4172 4172 4172 
1502 1495 1395 1605 1311 1375 1077 1262 624 339 1177 829 4171 4171 4171 4171 
1546 1516 1423 1583 1312 1375 1080 1263 623 338 1163 826 4171 4171 4171 4171 
1495 1469 1584 1753 1308 1375 1079 1262 615 338 1163 815 4172 4172 4172 4172 
1547 1534 1488 1659 1308 1375 1081 1262 629 339 1164 828 4171 4171 4171 4171 
1445 1486 2018 2259 1309 1376 1078 1263 631 338 1146 816 4171 4171 4171 4171 
1613 1810 1412 1553 1311 1376 1078 1263 635 338 1181 830 4170 4170 4170 4170 
1733 1516 1714 2066 1308 1373 1078 1262 618 338 1157 822 4170 4170 4170 4170 
1529 1522 2011 2159 1307 1375 1079 1263 623 339 1139 818 4171 4171 4171 4171 
1569 1517 1538 1599 1315 1374 1092 1258 629 339 1147 832 4172 4172 262 4172 
1563 1498 1612 1750 1307 1374 1081 1263 622 339 1163 823 4172 4172 4171 4171 
1594 1478 1718 1862 1336 1375 1081 1262 623 339 1147 817 731 4172 4172 4172 
1508 1659 1465 1562 1310 1377 1079 1263 630 338 1166 835 4172 4172 4172 4172 
1523 1795 1442 1571 1308 1373 1078 1262 639 338 1165 836 4172 4172 4172 4172 
1564 1485 1529 1598 1314 1374 1076 1258 627 338 1155 827 4171 4171 4171 4171 
1466 1474 1406 1593 1308 1379 1079 1262 623 339 1180 822 4172 4172 4172 4172 
1531 1732 1419 1579 1306 1374 1080 1262 640 339 1189 837 4172 4172 4172 4172 
1539 1569 1448 1575 1307 1374 1073 1260 629 338 1167 835 4171 4171 4171 4171 
1527 1510 1399 1532 1307 1374 1079 1262 623 338 1175 833 4171 4171 4171 4171 
1560 1495 1495 1636 1308 1375 1079 1262 621 339 1153 823 4171 4171 4171 4171 
1536 1463 1439 1655 1308 1373 1078 1262 616 339 1156 817 4172 4172 4171 4171 
1524 1520 1391 1562 1309 1376 1078 1263 628 338 1175 829 4171 4171 4171 4171 
1464 1529 1435 1524 1306 1374 1081 1262 624 339 1160 834 4172 4172 4171 4171 
1546 1483 1458 1671 1306 1374 1083 1263 624 339 1178 828 4171 4171 4171 4171 
1608 1518 1423 1560 1309 1373 1077 1262 621 339 1155 836 4172 4172 4172 4172 
1584 1465 1419 1606 1310 1377 1081 1263 618 339 1160 820 4171 4171 4171 4171 
1484 1481 1439 1562 1306 1375 1096 1260 620 339 1149 824 4171 4171 255 4171 
1627 1475 1524 1599 1306 1374 1078 1262 614 339 1150 821 4172 4172 4171 4171 
1543 1636 1503 1658 1311 1375 1083 1262 630 339 1163 828 4171 4171 4171 4171 
1501 1549 1433 1583 1308 1375 1076 1262 635 339 1170 834 4172 4172 4172 4172 
1498 1785 1479 1720 1315 1374 1074 1258 643 338 1185 830 4171 4171 4171 4171 
1606 1537 1706 1765 1306 1375 1076 1260 621 339 1157 826 4172 4172 4172 1501 
1484 2405 1913 2149 1308 1374 1077 1261 654 337 1169 834 4171 4171 4171 4171 
1722 2047 1842 2045 1308 1376 1092 1261 634 339 1168 840 4171 4171 287 4171 
1443 1515 1427 1578 1308 1374 1079 1263 647 338 1173 830 4171 4171 4171 4171 
1464 1487 1398 1561 1316 1373 1075 1259 632 339 1184 826 4171 4171 4171 4171 
1488 1499 1431 1567 1304 1374 1079 1261 631 339 1180 823 4172 4172 4172 4172 
1468 1479 1418 1635 1310 1375 1090 1264 630 338 1169 819 4171 4171 4171 4171 
1454 1495 1443 1608 1309 1375 1080 1261 634 339 1176 822 4171 4171 4171 4171 
1518 1527 1442 1499 1298 1374 1077 1263 624 339 1169 832 4172 4172 4171 4171 
1542 1600 1437 1590 1308 1375 1079 1263 631 338 1163 836 4171 4171 4171 4171 
1516 1470 1660 2008 1308 1380 1078 1262 621 338 1149 813 4171 4171 4171 4171 
1568 1482 1525 1707 1309 1373 1079 1261 618 338 1155 815 4171 4171 4171 4171 
1499 1478 1400 1618 1306 1374 1080 1261 619 339 1173 827 4171 4171 4171 4171 
1544 1765 1401 1551 1306 1374 1078 1263 641 339 1198 839 4171 4171 4171 4171 
1528 1542 1479 1662 1312 1374 1075 1259 629 338 1177 824 4172 4172 4172 4172 
1549 1501 1484 1637 1303 1373 1078 1259 619 339 1167 820 4172 4172 4171 4171 
1574 1743 1412 1525 1306 1373 1077 1261 635 339 1192 839 4171 4171 4171 4171 
1472 1506 1411 1546 1310 1376 1081 1265 627 338 1160 823 4171 4171 4171 4171 
1519 1644 2004 2225 1310 1373 1074 1261 635 338 1174 825 4171 4171 4171 4171 
1508 1903 1546 1619 1307 1372 1078 1262 647 339 1172 839 4171 4171 4171 4171 
1557 1694 1438 1602 1309 1376 1080 1263 636 339 1170 837 4171 4171 4171 4171 
1577 1486 1457 1591 1313 1374 1077 1260 628 339 1168 824 4171 4171 4171 4171 
1543 1582 1499 1657 1305 1374 1083 1263 629 338 1160 824 4172 4172 4172 4172 
1492 1509 1507 1687 1308 1374 1076 1260 624 339 1154 823 4171 4171 4171 4171 
1498 1497 1418 1594 1316 1374 1073 1260 624 338 1155 824 4170 4170 4170 4170 
1514 1783 1711 1796 1308 1374 1080 1261 637 339 1175 838 4171 4171 4171 4171 
1610 1728 1664 1848 1314 1375 1078 1261 630 339 1167 830 4171 4171 4171 4171 
1628 1528 1603 1695 1306 1374 1076 1261 626 338 1170 825 4171 4171 4171 4171 
1621 1474 1423 1630 1311 1378 1086 1280 623 339 1175 826 4171 4171 4171 452 
1609 1482 1434 1543 1307 1375 1078 1263 615 339 1160 822 4171 4171 4171 4171 
1561 1524 1581 1684 1309 1374 1079 1259 620 338 1168 827 4171 4171 4171 4171 
1514 1542 1597 1773 1307 1372 1073 1260 628 339 1171 829 4172 4172 4172 4172 
1560 1729 1679 1918 1311 1373 1076 1257 636 338 1178 829 4171 4171 4171 4171 
1514 1480 1870 1923 1300 1374 1081 1262 623 339 1152 808 4171 4171 4171 4171 
1430 1570 1389 1607 1315 1374 1075 1262 653 337 1169 827 4171 4171 4171 4171 
1561 1495 2458 2903 1348 1378 1076 1261 622 339 1138 805 735 4171 4171 4171 
1575 1537 1418 1578 1307 1374 1078 1262 622 339 1172 829 4171 4171 4171 4171 
1534 1579 1417 1554 1312 1375 1078 1263 628 339 1171 829 4172 4172 4171 4171 
1522 1563 1452 1642 1308 1373 1076 1261 633 339 1184 829 4171 4171 4171 4171 
1599 1734 2110 2411 1307 1376 1083 1277 634 338 1188 828 4171 4171 4171 516 
1540 1467 1425 1665 1309 1375 1077 1261 621 338 1177 826 4170 4170 4170 4170 
1501 1478 1394 1511 1305 1378 1082 1265 628 339 1158 824 4170 4170 4170 4170 
1582 1614 1721 1880 1300 1374 1078 1261 626 339 1158 823 4171 4171 4171 4171 
1572 1471 1437 1524 1308 1374 1077 1261 618 338 1158 823 4171 4171 4171 4171 
1517 1536 1421 1551 1314 1385 1075 1258 628 339 1165 828 4171 3 4171 4171 
1622 1543 1477 1625 1308 1375 2607 1259 629 339 1151 826 4171 4171 207 4171 
1499 1378 1968 2116 1307 1375 1079 1262 603 339 1121 794 4170 4170 4170 4170 
1477 1540 1502 1732 1311 1375 1076 1261 635 339 1165 822 4171 4171 4171 4171 
1566 1489 1428 1553 1311 1374 1077 1259 620 339 1152 832 4170 4170 4170 4170 
1547 1464 1443 1569 1309 1374 1076 1262 620 339 1168 824 4170 4170 4170 4170 
1624 1622 2365 2887 1308 1373 1078 1261 623 339 1164 816 4170 4170 4170 4170 
1522 1555 1421 1518 1307 1374 1082 1263 633 339 1169 831 4172 4172 4171 4171 
1582 1508 1496 1681 1308 1376 1094 1260 622 339 1172 821 4172 4172 290 4172 
1467 1582 1966 2120 1314 1373 1077 1260 640 339 1168 818 4170 4170 4170 4170 
1552 1526 1427 1608 1310 1387 1079 1263 628 339 1181 826 4171 788 4171 4171 
1608 1466 1442 1608 1311 1374 1073 1259 615 338 1153 822 4172 4172 4171 4171 
1593 1489 1425 1584 1304 1374 1079 1263 616 338 1160 822 4170 4170 4170 4170 
1528 1475 1683 1865 1307 1374 1081 1263 624 339 1141 818 4171 4171 4171 4171 
1517 1474 1388 1543 1308 1375 1079 1263 621 338 1153 816 4171 4171 4171 4171 
1531 1481 1446 1639 1307 1374 1078 1261 622 339 1157 824 4171 4171 4171 4171 
1511 1523 1405 1545 1308 1376 1081 1263 629 339 1170 828 4171 4171 4171 4171 
1483 1512 1985 2197 1308 1374 1088 1262 623 338 1144 815 4171 4171 4171 4171 
1509 1510 1416 1534 1307 1375 1094 1259 626 339 1173 833 4172 4172 273 4172 
1543 1516 1429 1573 1314 1374 1077 1260 620 338 1157 831 4171 4171 4171 4171 
1627 2034 2062 2201 1309 1374 1076 1300 636 338 1170 830 4172 4172 4172 443 
1503 1472 1388 1534 1302 1374 1092 1262 626 339 1165 828 4172 4172 293 4172 
1480 1483 1428 1607 1306 1374 1077 1263 628 339 1169 834 4171 4171 4171 4171 
1561 1457 1490 1643 1308 1374 1078 1261 627 339 1170 819 4171 4171 4170 4170 
1499 1479 1573 1652 1315 1377 1081 1262 626 338 1165 821 4170 4170 4170 4170 
1513 1458 1428 1558 1319 1372 1074 1259 621 339 1159 823 4170 4170 4170 4170 
1487 1525 1581 1636 1305 1373 1078 1261 627 339 1172 821 4170 4170 4170 4170 
1542 1765 1814 2115 1308 1380 1076 1262 635 339 1163 830 4172 4172 4172 4172 
1639 1466 1405 1599 1305 1376 1082 1265 618 338 1150 824 4169 4169 4169 4169 
1517 1947 1907 2051 1309 1373 1073 1258 649 338 1166 839 4171 4171 4171 4171 
1480 1540 1505 1639 1313 1374 1079 1262 639 339 1161 829 4170 4170 4170 4170 
1510 1478 1457 1556 1310 1375 1077 1259 617 338 1157 816 4171 4171 4170 4170 
1476 1576 1660 1812 1310 1375 1080 1263 629 338 1170 827 4171 4171 4171 4171 
1521 1582 1395 1502 1308 1374 1080 1263 626 338 1188 839 4170 4170 4170 4170 
1503 1503 1459 1615 1317 1376 1079 1259 621 338 1175 819 4171 4171 4171 4171 
1529 1742 1518 1666 1310 1374 1078 1261 630 338 1167 830 4170 4170 4170 4170 
1554 1483 1723 1948 1298 1374 1076 1265 621 338 1151 810 4170 4170 4170 4170 
1561 1481 1897 2044 1306 1375 1076 1263 615 338 1138 811 4170 4170 4170 4170 
1513 1472 1395 1542 1308 1373 1084 1260 627 339 1173 824 4171 4171 4171 4171 
1546 1484 1445 1595 1309 1377 1078 1263 625 338 1159 828 4170 4170 4170 4170 
1525 1523 1429 1592 1308 1375 1079 1262 629 338 1164 826 4171 4171 4171 4171 
1433 1426 1448 1535 1306 1374 1077 1261 655 335 1142 813 4171 4171 4171 4171 
1550 1507 1684 1921 1302 1387 1080 1263 626 339 1170 818 4172 790 4171 4171 
1570 1584 1404 1511 1308 1374 1074 1259 626 339 1167 832 4171 4171 4171 4171 
1526 1679 1487 1657 1309 1375 1078 1261 633 338 1167 837 4170 4170 4170 4170 
1486 1553 1458 1662 1306 1373 1081 1261 638 338 1185 831 4171 4171 4171 4171 
1606 1496 1426 1573 1309 1376 1079 1263 623 339 1160 825 4170 4170 4170 4170 
1478 1582 1723 2036 1299 1375 1083 1265 633 339 1171 821 4170 4170 4170 4170 
1492 1501 1391 1512 1308 1375 1089 1262 627 339 1158 823 4171 4171 268 4171 
1529 1519 1418 1611 1317 1374 1074 1259 621 339 1160 825 4170 4170 4170 4170 
1489 1702 1557 1662 1307 1374 1073 1258 639 338 1161 838 4171 4171 4171 4171 
1481 1562 1406 1524 1307 1374 1079 1263 626 339 1169 834 4171 4171 4171 4171 
1555 1510 1445 1562 1309 1376 1077 1262 622 339 1173 828 4171 4171 4171 4171 
1503 1513 1444 1542 1315 1375 1078 1260 631 339 1180 827 4170 4170 4170 4170 
1499 1527 1450 1655 1316 1374 1077 1260 631 339 1170 837 4171 4171 4171 4171 
1528 1491 1440 1548 1311 1373 1084 1266 628 339 1157 831 4171 4171 0 4171 
1490 1514 1388 1564 1303 1376 1081 1262 626 339 1169 831 4171 4171 4171 4171 
1543 1679 1413 1577 1310 1373 1074 1259 636 339 1169 840 4172 4172 4172 4172 
1517 1379 1750 1981 1309 1375 1080 1263 605 338 1141 790 4170 4170 4170 4170 
1580 1483 1446 1643 1314 1375 1077 1262 613 339 1168 816 4172 4172 4172 4172 
1552 1490 1436 1613 1299 1374 1077 1266 623 338 1175 828 4172 4172 4171 4171 
1554 1530 1617 1689 1309 1375 1080 1263 619 338 1158 826 4171 4171 4171 4171 
1568 1476 1510 1598 1310 1373 1079 1262 623 339 1168 823 4171 4171 4171 4171 
1559 1853 1446 1588 1310 1373 1074 1260 641 338 1174 840 4171 4171 4171 4171 
1628 1567 2582 2866 1307 1374 1079 1261 622 338 1154 816 4172 4172 4172 4172 
1561 1538 1680 1993 1313 1373 1078 1261 622 338 1147 812 4170 4170 4170 4170 
1478 1512 1795 1978 1310 1376 1079 1264 631 339 1163 817 4171 4171 4171 4171 
1577 1623 1481 1577 1305 1372 1078 1261 630 339 1176 839 4171 4171 4171 4171 
1517 1519 1404 1508 1308 1374 1078 1260 622 338 1166 832 4171 4171 4171 4171 
1437 1391 1429 1563 1309 1373 1074 1260 617 338 1143 806 4173 4173 4173 4173 
1647 1754 1597 1713 1306 1374 1080 1261 631 339 1177 836 4171 4171 4171 4171 
1541 1506 1646 1793 1310 1374 1079 1263 622 338 1151 818 4171 4171 4171 4171 
1561 1499 1430 1603 1319 1374 1076 1260 624 338 1163 821 4171 4171 4171 4171 
1519 1706 1423 1535 1309 1374 1081 1264 565 338 1167 839 4170 4170 4170 4170 
1515 1522 1453 1592 1307 1375 1079 1261 625 338 1163 832 4170 4170 4170 4170 
1514 1594 1891 2007 1603 1374 1074 1269 627 338 1145 826 712 4170 4170 4170 
1636 1486 1385 1578 1307 1375 1083 1263 609 339 1165 820 4171 4171 4171 4171 
1829 1925 2071 2578 1301 1373 1079 1262 1655 339 1153 828 4171 4171 4171 4171 
1521 1493 1558 1830 1305 1374 1079 1261 622 338 1169 810 4170 4170 4170 4170 
1498 1531 1401 1615 1309 1373 1078 1262 629 338 1160 823 4171 4171 4171 4171 
1658 1655 1448 1571 1306 1375 1100 1258 629 338 1163 836 4171 4171 267 4171 
1499 1499 1438 1583 1306 1374 1076 1262 628 338 1173 821 4170 4170 4170 4170 
1608 1484 1793 2171 1303 1375 1081 1263 554 338 1160 816 4170 4170 4170 4170 
1531 1510 1452 1573 1315 1374 1076 1260 622 339 1169 824 4170 4170 4170 4170 
1528 1475 1534 1743 1306 1374 1079 1263 623 339 1159 822 4171 4171 4171 4171 
1545 1534 1415 1502 1310 1390 1077 1262 625 338 1177 839 4170 708 4170 4170 
1560 1506 1811 2138 1313 1375 1078 1261 624 338 1150 813 4172 4172 4172 4172 
1559 1532 1496 1566 1307 1374 1080 1263 625 339 1153 832 4172 4172 4171 4171 
1498 1905 1511 1629 1306 1374 1079 1264 641 338 1188 838 4171 4171 4171 4171 
1501 1515 1685 1929 1308 1375 1078 1263 628 338 1166 818 4171 4171 4171 4171 
1485 1508 1515 1750 1307 1375 1082 1263 633 339 1170 824 4170 4170 4170 4170 
1464 1471 1479 1580 1309 1375 1076 1263 634 339 1153 818 4171 4171 4171 4171 
1636 2062 1878 2218 1314 1372 1075 1259 636 338 1165 829 4170 4170 4170 4170 
1520 1474 1474 1540 1313 1374 1076 1260 621 338 1160 824 4171 4171 4171 4171 
1496 1450 1417 1562 1309 1375 1106 1260 621 339 1150 820 4171 4171 247 4171 
1528 1472 1409 1521 1307 1373 1080 1261 620 338 1172 829 4170 4170 4170 4170 
1556 1635 1476 1523 1307 1375 1077 1262 635 339 1168 843 4170 4170 4170 4170 
1545 1465 1428 1557 1317 1375 1076 1261 619 338 1172 826 4170 4170 4170 4170 
1548 1774 1416 1573 1307 1374 1079 1262 639 339 1190 838 4170 4170 4170 4170 
1552 1723 1397 1527 1305 1374 1079 1262 631 338 1182 831 4170 4170 4170 4170 
1634 1759 1625 1808 1307 1374 1077 1262 633 338 1164 832 4170 4170 4170 4170 
1576 1700 1792 1993 1307 1375 1077 1262 634 339 1157 833 4170 4170 4170 4170 
1508 1508 1901 2288 1307 1374 1081 1261 631 338 1169 822 4170 4170 4170 4170 
1570 1518 1454 1544 1308 1374 1078 1263 626 338 1162 830 4170 4170 4170 4170 
1483 1457 1535 1699 1310 1377 1107 1261 627 339 1158 820 4170 4170 246 4170 
1491 1566 1443 1554 1310 1372 1073 1262 634 338 1159 829 4173 4173 4173 4173 
1520 1564 1645 1927 1314 1373 1076 1265 632 338 1171 825 4170 4170 4170 4170 
1509 1489 1646 1923 1310 1377 1079 1263 623 339 1164 819 4171 4171 4171 4171 
1478 1514 1568 1769 1308 1374 1078 1262 632 338 1151 818 4171 4171 4171 4171 
1569 1515 1425 1547 1318 1375 1091 1257 623 338 1162 834 4170 4170 281 4170 
1524 1476 1373 1600 1308 1373 1077 1260 619 338 1154 818 4170 4170 4170 4170 
1484 1477 1534 1657 1308 1374 1074 1259 624 338 1165 815 4170 4170 4170 4170 
1485 1485 1381 1558 1303 1373 1078 1263 623 339 1159 826 4170 4170 4170 4170 
1452 1459 1415 1524 1306 1375 1077 1264 627 338 1161 820 4170 4170 4170 4170 
1528 1503 1407 1538 1306 1374 1075 1269 629 338 1184 829 4171 4171 4171 4171 
1454 1492 1543 1657 1306 1374 1076 1261 631 338 1171 820 4171 4171 4171 4171 
1454 1591 1439 1558 1311 1373 1074 1259 634 338 1181 835 4170 4170 4170 4170 
1560 1492 1551 1631 1308 1376 1119 1260 621 338 1157 819 4171 4171 245 4170 
1505 1532 1458 1579 1307 1375 1077 1262 632 338 1156 826 4171 4171 4171 4171 
1510 1535 1473 1634 1306 1375 1081 1263 626 339 1157 827 4170 4170 4170 4170 
1510 1525 1769 1778 1307 1375 1079 1261 634 339 1159 822 4170 4170 4170 4170 
1504 1503 1580 1882 1305 1375 1080 1263 618 339 1166 809 4170 4170 4170 4170 
1504 1501 1726 1909 1309 1375 1078 1262 628 338 1148 819 4171 4171 4171 4171 
1499 1542 1829 1920 1304 1374 1078 1263 636 339 1158 831 4170 4170 4170 4170 
1462 1503 1387 1506 1313 1375 1074 1260 642 339 1174 830 4170 4170 4170 4170 
1573 1590 1617 1705 1310 1373 1078 1260 628 338 1175 831 4172 4172 4172 4172 
1581 1506 1444 1616 1300 1379 1076 1275 623 339 1191 824 4171 4171 4171 466 
1498 1520 1440 1572 1317 1383 1077 1262 627 338 1166 833 4171 4171 4171 4171 
1476 2513 2343 2639 1314 1373 1083 1260 652 338 1160 836 4170 4170 4170 4170 
1574 1484 1837 2047 1309 1374 1080 1262 617 338 1160 812 4170 4170 4170 4170 
1501 1518 1407 1524 1306 1375 1081 1261 622 339 1184 827 4170 4170 4170 4170 
1947 1590 2040 2447 1306 1373 1079 1261 1631 338 1135 821 4170 4170 4170 4170 
1540 1505 1718 1957 1308 1375 1078 1262 627 338 1166 817 4171 4171 4171 4171 
1572 2485 1668 1873 1310 1376 1078 1262 644 338 1176 838 4172 4172 4171 4171 
1504 1465 1460 1626 1309 1374 1078 1263 627 339 1135 826 4170 4170 4170 4170 
1507 1478 1533 1637 1307 1374 1077 1262 619 339 1147 819 4171 4171 4171 4171 
1478 1529 1602 1825 1310 1380 1078 1263 634 339 1170 819 4170 4170 4170 4170 
1532 1455 1444 1550 1307 1374 1078 1269 619 338 1172 827 4170 4170 4170 4170 
1527 1550 1587 1871 1309 1376 1076 1260 623 339 1157 819 4172 4172 4172 4172 
1507 1483 2121 2370 1301 1374 1079 1260 621 339 1154 807 4171 4171 4171 4171 
1596 1467 1456 1545 1309 1374 1079 1263 616 338 1169 823 4170 4170 4170 4170 
1480 1375 1430 1581 1315 1376 1080 1262 600 338 1130 802 4170 4170 4170 4170 
1487 1463 1442 1553 1305 1376 1081 1262 619 338 1154 825 4170 4170 4170 4170 
1579 1490 1591 1676 1317 1376 1077 1261 616 338 1167 821 4170 4170 4170 4170 
1522 1494 1438 1590 1303 1374 1080 1262 625 339 1161 828 4170 4170 4170 4170 
1524 1551 1732 1846 1309 1374 1072 1261 626 338 1148 833 4172 4172 4172 4172 
1558 1563 1415 1617 1310 1375 1080 1261 626 339 1166 828 4170 4170 4170 4170 
1489 1566 1444 1606 1309 1374 1082 1264 633 339 1165 831 4171 4171 4171 4171 
1526 1506 2370 2887 1307 1374 1077 1260 628 338 1139 813 4171 4171 4171 4171 
1547 1487 1490 1654 1307 1374 1076 1261 624 338 1173 824 4170 4170 4170 4170 
1504 1503 1450 1508 1309 1374 1079 1261 623 338 1163 830 4171 4171 4171 4171 
1509 1640 1432 1522 1309 1374 1076 1262 634 338 1166 840 4171 4171 4171 4171 
1568 1482 2045 2331 1307 1391 1078 1262 616 339 1158 807 4171 756 4171 4171 
1523 1464 1465 1582 1309 1373 1077 1260 623 338 1151 826 4170 4170 4170 4170 
1508 1468 1472 1561 1311 1372 1074 1259 623 339 1157 819 4171 4171 4171 4171 
1543 1474 1487 1695 1311 1404 1081 1262 615 338 1140 817 4172 711 4172 4172 
1505 1497 1465 1606 1310 1374 1075 1260 620 338 1155 828 4169 4169 4169 4169 
1525 1521 1440 1599 1307 1375 1078 1261 626 338 1151 828 4170 4170 4170 4170 
1534 1514 1483 1671 1307 1374 1077 1261 629 339 1158 822 4172 4172 4172 4172 
1512 1532 1484 1581 1315 1373 1074 1261 623 339 1154 828 4170 4170 4170 4170 
1583 1481 1480 1659 1308 1375 1081 1261 625 339 1168 824 4170 4170 4170 4170 
1517 1499 1589 1838 1313 1377 1076 1263 624 338 1154 815 4172 4172 4172 4172 
1499 1550 1512 1631 1310 1377 1082 1263 630 338 1156 819 4171 4171 4171 4171 
1457 1483 1451 1611 1306 1374 1079 1262 636 338 1175 826 4170 4170 4170 4170 
1645 1517 2003 2362 1307 1373 1078 1262 619 338 1147 799 4170 4170 4170 4170 
1539 1595 1618 1887 1310 1375 1074 1262 632 338 1160 824 4172 4172 4172 4172 
1503 1529 1428 1503 1308 1376 1079 1262 634 339 1158 834 4171 4171 4171 4171 
1509 1479 1460 1532 1310 1378 1082 1264 620 338 1161 836 4170 4170 4170 4170 
1518 1542 1476 1636 1307 1374 1077 1262 622 339 1171 825 4170 4170 4170 4170 
1594 1513 1580 1739 1308 1373 1072 1261 623 339 1168 822 4171 4171 4171 4171 
1465 1581 1480 1581 1311 1373 1074 1260 656 332 1178 850 4172 4172 4172 4172 
1550 1460 1454 1599 1307 1374 1077 1262 619 338 1149 822 4170 4170 4170 4170 
1553 1525 1449 1522 1305 1373 1080 1262 625 339 1178 832 4170 4170 4170 4170 
1477 1498 1407 1593 1303 1373 1077 1262 624 338 1179 819 4171 4171 4171 4171 
1562 1480 1442 1594 1310 1374 1076 1261 620 339 1156 822 4170 4170 4170 4170 
1473 1473 1392 1582 1298 1375 1077 1261 629 338 1163 830 4171 4171 4171 4171 
1596 1638 1893 2082 1310 1374 1078 1263 628 339 1165 823 4171 4171 4171 4171 
1482 1487 2047 2380 1300 1374 1079 1265 625 339 1140 810 4171 4171 4171 4171 
1513 1511 1480 1627 1309 1377 1079 1262 628 338 1152 818 4170 4170 4170 4170 
1454 1501 1506 1591 1299 1374 1080 1262 630 338 1162 824 4171 4171 4171 4171 
1543 1540 1579 1692 1317 1375 1076 1259 628 338 1156 832 4171 4171 4171 4171 
1498 1512 1424 1539 1309 1374 1080 1262 635 338 1176 827 4170 4170 4170 4170 
1566 1467 1468 1571 1306 1375 1080 1262 621 338 1171 818 4170 4170 4170 4170 
1526 1526 1437 1586 1309 1375 1078 1262 624 338 1165 830 4170 4170 4170 4170 
1544 1521 1394 1538 1317 1374 1077 1257 627 338 1141 833 4170 4170 4170 4170 
1538 1481 1721 1989 1310 1375 1076 1261 617 339 1143 816 4172 4172 4172 4172 
1517 1494 1396 1600 1307 1374 1076 1262 623 339 1175 822 4171 4171 4171 4171 
1470 1519 1612 1819 1309 1374 1078 1262 629 338 1175 824 4172 4172 4172 4172 
1487 1547 1654 1882 1312 1374 1074 1260 630 338 1152 818 4171 4171 4171 4171 
1526 1623 1962 2306 1313 1372 1078 1261 630 338 1150 817 4170 4170 4170 4170 
1495 1502 1416 1613 1306 1374 1074 1262 630 338 1176 827 4172 4172 4172 4172 
1578 1508 1439 1545 1306 1375 1079 1263 619 339 1163 830 4171 4171 4171 4171 
1550 1457 1840 2019 1307 1373 1075 1258 624 339 1146 822 4170 4170 4170 4170 
1529 1499 1391 1578 1307 1375 1079 1263 626 338 1158 825 4171 4171 4171 4171 
1506 1506 1765 1949 1308 1374 1079 1263 625 338 1170 815 4171 4171 4171 4171 
1563 1535 1390 1591 1309 1375 1080 1272 624 338 1163 825 4171 4171 4171 4171 
1642 1470 1406 1543 1316 1374 1077 1261 614 338 1154 825 4171 4171 4171 4171 
1955 1335 1209 1299 1312 1374 1074 1256 1626 338 4170 4170 4170 4170 4170 4170 
1580 1646 1449 1598 1311 1378 1081 1263 630 337 1168 837 4171 4171 4171 4171 
1476 1549 1438 1606 1308 1372 1077 1261 636 338 1164 830 4171 4171 4171 4171 
1495 1481 1412 1535 1308 1375 1079 1264 632 338 1155 824 4171 4171 4171 4171 
1670 1542 1719 1818 1308 1375 1079 1262 617 338 1161 824 4171 4171 4171 4171 
1543 1498 1593 1786 1316 1374 1075 1260 622 338 1161 822 4171 4171 4171 4171 
1522 1507 1591 1740 1312 1374 1078 1261 623 338 1170 818 4172 4172 4172 4172 
1537 1474 1410 1545 1307 1375 1082 1263 624 339 1159 826 4171 4171 4171 4171 
1549 1502 1438 1572 1298 1375 1077 1262 624 339 1167 834 4171 4171 4171 4171 
1498 1510 1492 1655 1302 1374 1079 1261 630 338 1170 815 4170 4170 4170 4170 
1545 1488 1478 1596 1308 1373 1075 1261 622 339 1157 822 4172 4172 4172 4172 
1566 2091 1837 2103 1783 1383 1077 1261 639 338 1167 834 722 4170 4170 4170 
1539 1466 1430 1641 1304 1375 1080 1261 627 338 1155 810 4170 4170 4170 4170 
1504 1496 1637 1751 1305 1373 1082 1262 628 339 1148 818 4171 4171 4171 4171 
1507 1464 1451 1619 1307 1386 1079 1262 626 339 1174 831 4172 752 4172 4172 
1560 1621 1476 1602 1311 1375 1079 1263 624 339 1172 830 4172 4172 4172 4172 
1556 1543 1403 1607 1315 1374 1074 1260 623 339 1183 828 4171 4171 4171 4171 
1516 1508 1420 1650 1308 1376 1079 1262 626 338 1158 822 4172 4172 4172 4172 
1575 1480 1467 1579 1307 1372 1079 1261 625 339 1154 831 4171 4171 4171 4171 
1627 1512 1461 1607 1308 1374 1078 1261 620 338 1163 824 4170 4170 4170 4170 
1442 1534 1573 1770 1309 1375 1079 1263 640 338 1173 821 4170 4170 4170 4170 
1610 1585 1506 1640 1306 1374 1080 1261 628 338 1174 828 4171 4171 4171 4171 
1883 2182 2215 2421 1311 1374 1076 1259 1652 338 1150 836 4171 4171 4171 4171 
1490 1472 1482 1568 1306 1373 1075 1260 623 338 1154 821 4172 4172 4172 4172 
1566 1606 1445 1517 1306 1373 1079 1261 629 337 1183 834 4171 4171 4171 4171 
1510 1487 1791 2082 1307 1376 1084 1263 631 338 1152 820 4171 4171 4171 4171 
1573 1455 1375 1597 1310 1373 1074 1260 615 338 1165 821 4172 4172 4172 4172 
1474 1461 2066 2278 1307 1375 1078 1261 626 339 1128 811 4170 4170 4170 4170 
1465 1450 1421 1571 1310 1374 1080 1262 619 338 1154 816 4170 4170 4170 4170 
1526 1547 1458 1558 1309 1374 1074 1262 624 339 1164 827 4172 4172 4172 4172 
1547 1557 1528 1699 1311 1375 1077 1261 621 338 1158 825 4172 4172 4172 4172 
1491 1504 1400 1499 1309 1375 1079 1263 627 339 1161 824 4171 4171 4171 4171 
1580 1479 1476 1568 1308 1375 1087 1263 618 338 1155 827 4171 4171 4171 4171 
1445 1537 1415 1595 1307 1375 1077 1260 632 338 1165 826 4170 4170 4170 4170 
1510 1671 1492 1576 1310 1374 1085 1261 637 339 1185 837 4170 4170 4170 4170 
1516 1521 1499 1666 1304 1376 1104 1262 628 339 1158 827 4170 4170 252 4170 
1518 1514 1467 1604 1307 1373 1080 1262 630 338 1157 826 4171 4171 4171 4171 
1560 1457 1404 1629 1307 1373 1078 1260 617 338 1163 818 4170 4170 4170 4170 
1549 1543 1409 1557 1307 1373 1077 1261 628 338 1178 825 4172 4172 4172 4172 
1480 1495 1433 1541 1301 1374 1093 1260 636 338 1168 821 4172 4172 253 4172 
1483 1470 1484 1653 1306 1375 1077 1263 627 338 1168 815 4171 4171 4171 4171 
1575 1526 1449 1574 1309 1375 1079 1261 631 339 1183 834 4171 4171 4171 4171 
1557 1515 1887 2233 1311 1374 1076 1259 630 338 1151 817 4171 4171 4171 4171 
1517 1460 1439 1529 1304 1374 1078 1263 623 339 1161 824 4171 4171 4171 4171 
1580 1811 1438 1644 1311 1375 1079 1262 636 338 1170 833 4171 4171 4171 4171 
1507 1591 1454 1619 1319 1374 1081 1262 635 338 1165 837 758 4171 4171 4171 
1666 2018 2055 2429 1316 1375 1078 1282 640 338 1173 832 4172 4172 4172 460 
1558 1523 1486 1710 1306 1375 1079 1262 626 339 1166 823 4172 4172 4172 4172 
1547 1503 1487 1655 1305 1375 1078 1262 624 339 1175 821 4172 4172 4172 4172 
1529 1494 1440 1582 1308 1374 1080 1262 629 339 1169 827 4172 4172 4171 4171 
1443 1543 1883 2010 1308 1374 1081 1262 635 338 1149 821 4171 4171 4171 4171 
1525 1503 1483 1674 1304 1375 1079 1263 619 339 1151 821 4172 4172 4172 4172 
1530 1545 1469 1573 1308 1375 1076 1263 627 338 1175 826 4172 4172 4172 4172 
1450 1522 1435 1489 1310 1375 1082 1263 634 338 1155 832 4171 4171 4171 4171 
1612 1521 1450 1619 1316 1375 1078 1265 623 338 1169 823 4170 4170 4170 4170 
1472 1556 2076 2372 1310 1373 1073 1260 632 338 1147 817 4172 4172 4172 4172 
1458 1489 1418 1567 1309 1375 1078 1262 629 338 1165 828 4170 4170 4170 4170 
1511 1487 1614 1875 1309 1373 1076 1262 626 338 1161 824 4171 4171 4171 4171 
1472 1516 1381 1591 1307 1374 1077 1262 626 338 1175 824 4170 4170 4170 4170 
1557 1482 1596 1849 1307 1373 1079 1263 625 338 1150 824 4172 4172 4172 4172 
1549 1481 1465 1634 1309 1375 1078 1262 627 338 1163 820 4170 4170 4170 4170 
1533 1550 1407 1573 1310 1375 1079 1263 631 338 1161 826 4170 4170 4170 4170 
1494 1498 1435 1577 1311 1374 1078 1260 631 338 1160 820 4171 4171 4171 4171 
1523 1613 1974 2186 1316 1375 1076 1261 632 339 1167 820 4171 4171 4171 4171 
1547 1416 1441 1567 1306 1375 1077 1261 615 338 1162 810 4171 4171 4171 4171 
1495 1619 1383 1538 1307 1375 1080 1263 630 338 1167 837 4172 4172 4172 4172 
1529 1547 1431 1581 1307 1374 1078 1262 627 339 1166 828 4171 4171 4171 4171 
1561 1486 2177 2611 1306 1382 1078 1261 626 339 1147 811 4171 4171 4171 4171 
1975 1519 1865 1895 1307 1371 1076 1259 1386 338 1129 831 4171 4171 4171 4171 
1536 1562 1419 1562 1309 1375 1078 1263 628 339 1175 836 4172 4172 4172 4171 
1478 1481 1419 1524 1298 1374 1078 1264 628 338 1157 827 4171 4171 4171 4171 
1545 1528 1526 1679 1310 1375 1074 1260 621 339 1174 823 4172 4172 4172 4172 
1514 1355 1214 1301 1302 1377 1077 1262 568 339 4171 4171 4171 4171 4171 4171 
1485 1638 2134 2413 1308 1375 1078 1263 634 338 1154 816 4172 4172 4172 4172 
1523 1511 1455 1572 1314 1373 1075 1261 627 338 1169 825 4171 4171 4171 4171 
1546 1516 1412 1515 1314 1374 1075 1259 621 338 1173 831 4170 4170 4170 4170 
1546 1517 1576 1674 1298 1373 1076 1263 629 338 1164 835 4171 4171 4170 4170 
1617 1525 2003 2262 1306 1375 1082 1262 621 338 1159 817 4171 4171 4171 4171 
1651 1524 1717 1941 1309 1372 1076 1260 623 338 1155 817 4171 4171 4171 4171 
1483 1507 1443 1615 1309 1375 1079 1264 625 338 1171 823 4170 4170 4170 4170 
1607 1487 1706 1838 1307 1375 1079 1263 619 338 1160 821 4170 4170 4170 4170 
1534 1485 1872 2132 1306 1373 1086 1263 624 338 1166 815 4172 4172 4172 4172 
1482 1510 1409 1575 1313 1375 1077 1262 631 338 1161 825 4172 4172 4172 4172 
1592 1746 1708 1961 1305 1373 1076 1263 629 338 1176 833 4172 4172 4172 4172 
1743 1646 1737 2046 1308 1373 1077 1262 624 339 1176 822 4172 4172 4172 4172 
1573 1510 1405 1565 1307 1375 1079 1262 624 338 1161 832 4170 4170 4170 4170 
1518 1763 1561 1678 1315 1373 1077 1260 636 338 1164 839 4171 4171 4171 4171 
1637 1689 2171 2644 1308 1375 1079 1261 629 338 1167 820 4172 4172 4172 4172 
1564 1523 1538 1667 1298 1375 1079 1265 631 339 1156 829 4171 4171 4171 4171 
1567 1526 1467 1598 1308 1375 1078 1262 624 338 1152 827 4171 4171 4171 4171 
1615 1502 1438 1615 1316 1376 1077 1262 617 338 1153 824 4171 4171 4171 4171 
5210 1770 2386 2621 1306 1372 1079 1263 620 338 1149 823 4171 4171 4171 4171 
1525 1561 1702 1820 1301 1374 1077 1265 632 339 1153 822 4171 4171 4171 4171 
1597 1484 1431 1560 1308 1375 1077 1262 612 338 1152 819 4171 4171 4171 4171 
1545 1482 1831 2091 1301 1374 1079 1262 626 338 1157 811 4171 4171 4171 4171 
1580 1489 1633 1867 1307 1373 1079 1262 618 338 1167 818 4170 4170 4170 4170 
1462 1513 1515 1622 1309 1375 1078 1262 631 338 1153 818 4171 4171 4171 4171 
1523 1803 1742 1972 1295 1375 1079 1263 635 338 1167 835 4171 4171 4171 4171 
1505 1530 1653 1881 1318 1375 1076 1261 627 338 1170 817 4170 4170 4170 4170 
1479 1539 1423 1550 1314 1375 1075 1261 632 338 1182 831 4171 4171 4171 4171 
1518 1574 1872 2154 1302 1374 1081 1262 632 338 1167 815 4170 4170 4170 4170 
1466 1535 1768 1915 1306 1375 1077 1259 634 338 1159 830 4171 4171 4171 4171 
1658 1473 1516 1767 1306 1374 1078 1260 613 338 1156 819 4171 4171 4171 4171 
1794 1492 1632 1836 1307 1374 1078 1260 613 338 1165 817 4172 4172 4172 4172 
1629 1508 1392 1605 1324 1374 1077 1261 618 338 1161 821 4170 4170 4170 4170 
1473 1511 1430 1568 1309 1373 1074 1260 632 338 1167 834 4172 4172 4172 4172 
1530 1508 1863 2206 1307 1374 1081 1263 626 338 1167 818 4171 4171 4171 4171 
1475 1575 1428 1562 1310 1375 1077 1262 637 338 1163 838 4171 4171 4171 4171 
1464 1502 1579 1698 1310 1375 1076 1260 626 339 1143 823 4172 4172 4172 4172 
1489 1487 2013 2242 1310 1446 1108 1262 630 338 1135 813 4171 670 254 4171 
1518 1674 1409 1574 1308 1375 1079 1262 631 338 1166 838 4171 4171 4171 4171 
1440 1647 1436 1571 1305 1374 1078 1265 640 338 1179 836 4171 4171 4171 4171 
1545 1510 1435 1499 1307 1375 1103 1263 620 337 1152 826 4170 4170 258 4170 
1462 1512 1460 1598 1309 1375 1081 1262 624 338 1172 826 4172 4172 4172 4172 
1507 1508 1577 1698 1300 1374 1080 1262 620 338 1157 826 4171 4171 4171 4171 
1574 2030 1426 1634 1311 1374 1078 1262 639 338 1180 844 4171 4171 4171 4171 
1512 1607 1458 1519 1308 1373 1076 1260 631 338 1167 837 4172 4172 4172 4172 
1519 1588 1521 1673 1314 1375 1076 1261 630 338 1167 825 4171 4171 4171 4171 
1554 1580 1479 1636 1310 1375 1079 1263 620 338 1172 827 4171 4171 4171 4171 
1558 1583 1614 1788 1309 1374 1081 1263 629 338 1169 832 4172 4172 4172 4172 
1529 1556 1767 1927 1297 1374 1080 1265 627 338 1159 820 4171 4171 4171 4171 
1481 1637 1466 1588 1308 1373 1078 1260 639 338 1164 828 4171 4171 4171 4171 
1533 1439 1416 1598 1324 1375 1076 1260 611 337 1169 818 4170 4170 4170 4170 
1529 1508 1400 1517 1308 1372 1074 1259 628 338 1176 830 4172 4172 4172 4172 
1505 1503 1482 1597 1307 1375 1078 1261 618 338 1149 821 4171 4171 4171 4171 
1542 1487 1404 1621 1308 1373 1079 1263 624 339 1159 832 4172 4172 4172 4172 
1497 1542 1428 1567 1305 1375 1079 1265 621 338 1162 826 4172 4172 4171 4171 
1499 1458 1468 1549 1311 1373 1073 1261 624 339 1151 822 4171 4171 4171 4171 
1547 1508 1469 1639 1316 1376 1078 1261 619 339 1159 822 4171 4171 4171 4171 
1640 1551 1470 1630 1311 1375 1078 1261 622 338 1178 829 4172 4172 4172 4172 
1505 1499 1480 1540 1307 1374 1076 1263 629 338 1157 830 4171 4171 4170 4170 
1547 1455 1413 1575 1317 1375 1078 1261 617 338 1167 822 4170 4170 4170 4170 
1521 1477 1394 1589 1313 1374 1077 1262 621 338 1159 817 4172 4172 4172 4172 
1496 1504 1523 1629 1303 1377 1082 1263 628 338 1158 828 4171 4171 4171 4171 
1534 1482 1477 1592 1307 1375 1082 1265 626 339 1159 824 4171 4171 4171 4171 
1481 1583 1432 1644 1309 1375 1078 1262 634 338 1172 833 4172 4172 4171 4171 
1469 1547 1428 1569 1307 1374 1078 1261 631 338 1176 825 4171 4171 4171 4171 
1484 1569 1478 1569 1306 1373 1078 1262 634 339 1163 833 4170 4170 4170 4170 
1557 1511 1491 1565 1308 1376 1078 1262 623 338 1157 826 4171 4171 4171 4171 
1507 1516 1884 1946 1307 1375 1076 1261 634 339 1159 822 4172 4172 4172 4172 
1621 1461 1448 1629 1308 1374 1081 1266 615 338 1153 825 4171 4171 4171 4171 
1508 1530 1433 1535 1310 1376 1076 1263 624 339 1157 827 4172 4172 4172 4172 
1461 1647 1462 1636 1301 1374 1078 1261 635 338 1178 834 4172 4172 4171 4171 
1492 1523 1394 1610 1308 1374 1079 1258 626 338 1167 824 4171 4171 4171 4171 
1504 1468 1633 1947 1300 1374 1082 1263 622 338 1148 819 4171 4171 4171 2325 
1571 1796 2632 2886 1306 1374 1078 1261 629 338 1147 827 4172 4172 4171 4171 
1512 1744 2356 2782 1306 1375 1079 1263 635 338 1157 823 4172 4172 4172 4172 
1452 1483 1385 1581 1309 1374 1077 1261 630 338 1166 832 4171 4171 4171 4171 
1500 1463 1453 1522 1305 1374 1077 1263 623 339 1157 833 4171 4171 4171 4171 
1509 1641 1407 1572 1303 1374 1079 1261 632 339 1191 840 4171 4171 4171 4171 
1600 1731 1485 1614 1307 1372 1072 1263 635 338 1167 834 4172 4172 4172 4172 
1504 1618 1397 1555 1311 1379 1079 1262 631 338 1173 830 4171 4171 4171 4171 
1623 1467 1417 1545 1308 1374 1078 1263 621 339 1165 831 4172 4172 4171 4171 
1570 1610 1707 1819 1311 1375 1072 1260 624 338 1170 822 4172 4172 4172 4172 
1528 1451 1446 1578 1307 1374 1077 1262 617 338 1172 815 4172 4172 4172 4172 
1519 1582 1481 1659 1314 1372 1076 1260 625 339 1172 821 4171 4171 4170 4170 
1564 1502 1396 1553 1308 1374 1075 1261 626 339 1176 823 4172 4172 4172 4172 
1517 1396 1436 1546 1307 1375 1077 1263 606 339 1128 813 4171 4171 4171 4171 
1630 1541 1645 1871 1307 1375 1079 1262 627 338 1157 822 4171 4171 4171 4171 
1528 1501 1977 2286 1306 1372 1074 1260 629 338 1166 815 4171 4171 4171 4171 
1689 1787 2304 2648 1309 1374 1078 1261 630 339 1167 826 4172 4172 4172 4172 
1561 1493 1459 1605 1306 1373 1080 1263 624 338 1157 831 4172 4172 4172 4172 
1520 1496 1422 1574 1305 1372 1078 1262 625 339 1157 826 4171 4171 4171 4171 
1600 1598 1815 1859 1306 1374 1082 1263 627 339 1151 829 4172 4172 4172 4172 
1512 1535 1516 1669 1311 1374 1079 1259 624 339 1160 821 4171 4171 4171 4171 
1571 1479 1412 1562 1308 1375 1078 1263 626 338 1157 833 4171 4171 4171 4171 
1470 1551 1513 1567 1309 1372 1076 1261 642 339 1177 827 4172 4172 4172 4172 
1487 1500 1428 1580 1309 1375 1076 1260 625 339 1176 826 4171 4171 4171 4171 
1641 1548 1416 1573 1316 1375 1076 1263 623 339 1186 840 4172 4172 4172 4172 
1598 1466 1424 1558 1308 1374 1074 1259 629 338 1179 822 4172 4172 4172 4172 
1463 1546 1865 2184 1301 1374 1077 1261 641 338 1167 819 4171 4171 4171 4171 
1526 1487 1519 1644 1307 1376 1077 1264 622 338 1174 827 4171 4171 4171 4171 
1533 1789 2086 2401 1314 1374 1078 1260 637 339 1174 825 4172 4172 4172 4172 
1557 1502 1502 1653 1308 1374 1076 1263 620 338 1151 821 4172 4172 4172 4172 
1532 1640 1474 1533 1306 1374 1079 1263 631 338 1176 837 4171 4171 4171 4171 
1465 1548 1932 2127 1307 1374 1078 1262 637 339 1148 815 4172 4172 4172 4172 
1521 1472 1428 1536 1313 1374 1074 1260 616 338 1169 821 4171 4171 4171 4171 
1541 1524 1491 1639 1309 1375 1075 1261 628 339 1167 818 4172 4172 4172 4172 
1451 1511 1467 1581 1301 1375 1079 1262 632 338 1179 825 4171 4171 4171 4171 
1514 1514 1645 1835 1299 1375 1078 1263 626 338 1165 820 4172 4172 4172 4172 
1464 1567 1412 1517 1308 1374 1097 1260 633 339 1120 833 4172 4172 97 4172 
1464 1521 1488 1583 1303 1375 1081 1263 634 339 1178 834 4172 4172 4172 4172 
1574 1490 1443 1593 1306 1377 1080 1263 619 339 1159 827 4171 4171 4171 4171 
1528 1482 1414 1581 1305 1373 1081 1262 620 338 1176 822 4171 4171 4171 4171 
1531 1493 1414 1545 1311 1376 1081 1265 623 339 1171 829 4171 4171 4171 4171 
1512 1726 1700 1926 1309 1373 1074 1261 639 339 1167 827 4173 4173 4173 4173 
1604 1400 1475 1577 1307 1374 1080 1261 611 338 1147 816 4171 4171 4171 4171 
1545 1492 1410 1527 1307 1373 1077 1262 619 338 1156 829 4171 4171 4171 4171 
1480 1508 1385 1568 1310 1373 1076 1260 624 339 1171 829 4172 4172 4172 4172 
1487 1497 1655 1851 1317 1374 1076 1257 639 339 1160 821 4171 4171 4171 4171 
1484 1538 1498 1599 1298 1374 1078 1264 629 338 1171 825 4171 4171 4171 4171 
1478 1553 1499 1641 1307 1375 1079 1263 630 338 1155 828 4171 4171 4171 4171 
1502 1477 1441 1571 1311 1375 1076 1261 617 338 1152 820 4172 4172 4171 4171 
1663 1514 1539 1809 1305 1375 1081 1262 618 339 1147 823 4171 4171 4171 4171 
1621 1484 1442 1573 1307 1386 1081 1277 620 339 1190 828 4172 749 4172 494 
1549 1662 1771 1887 1310 1375 1079 1262 631 338 1160 824 4172 4172 4171 4171 
1601 2059 1925 2161 1310 1375 1080 1262 640 337 1168 835 4169 4169 4169 4169 
1540 1652 1858 2213 1310 1376 1076 1262 634 339 1159 823 4172 4172 4172 4172 
1575 1570 1588 1867 1309 1373 1076 1261 631 338 1165 825 4172 4172 4172 4172 
1572 1540 1708 1898 1308 1374 1078 1261 627 338 1172 818 4171 4171 4171 4171 
1491 1468 1381 1611 1309 1374 1080 1261 618 339 1153 824 4172 4172 4172 4172 
1484 1536 1428 1575 1306 1374 1080 1262 635 339 1162 830 4171 4171 4171 4171 
1506 1495 1421 1602 1307 1375 1082 1278 621 338 1167 820 4172 4172 4172 536 
1534 1531 1810 2048 1315 1375 1076 1261 626 338 1150 818 4171 4171 4171 4171 
1574 1508 1489 1615 1306 1374 1078 1262 617 338 1168 822 4172 4172 4172 4172 
1506 1481 1433 1537 1311 1374 1078 1261 629 339 1175 828 4171 4171 4171 4171 
1530 1465 1419 1570 1303 1376 1084 1264 858 339 1182 822 4171 4171 4171 4171 
1450 1516 1399 1567 1309 1374 1079 1262 638 339 1165 828 4172 4172 4172 4172 
1528 1515 1409 1593 1311 1374 1080 1263 627 339 1168 825 4172 4172 4172 4172 
1540 1654 1442 1620 1306 1373 1080 1262 629 339 1165 830 4172 4172 4172 4172 
1502 1486 1400 1546 1309 1373 1074 1259 623 338 1157 834 4172 4172 4172 4172 
1471 1466 1789 1913 1308 1383 1079 1263 624 338 1139 817 4171 4171 4171 4171 
1441 1491 1481 1564 1303 1375 1080 1261 631 339 1166 822 4171 4171 4171 4171 
1504 1501 1492 1595 1308 1374 1079 1263 624 339 1173 829 4171 4171 4171 4171 
1520 1523 1397 1567 1303 1374 1080 1261 632 339 1180 828 4171 4171 4171 4171 
1536 1408 1466 1614 1306 1375 1079 1262 608 339 1157 804 4171 4171 4171 4171 
1476 1505 1920 2171 1309 1373 1077 1261 629 338 1163 807 4172 4172 4172 4172 
1532 1520 1773 1876 1308 1374 1076 1262 628 339 1165 823 4172 4172 4172 4172 
1536 1486 1462 1551 1303 1374 1079 1262 620 339 1170 827 4172 4172 4172 4172 
1498 1495 1491 1645 1309 1373 1079 1261 622 338 1170 823 4172 4172 4172 4172 
1465 1863 1413 1577 1306 1374 1077 1261 644 338 1173 846 4171 4171 4171 4171 
1549 1561 1426 1540 1308 1374 1078 1262 627 339 1186 835 4171 4171 4171 4171 
1572 1550 1404 1521 1310 1374 1077 1262 629 338 1179 837 4172 4172 4172 4172 
1512 1518 1414 1556 1309 1374 1078 1261 623 338 1168 829 4171 4171 4171 4171 
1581 1703 2155 2635 1308 1375 1080 1262 631 338 1155 819 4171 4171 4171 4171 
1552 1578 1442 1570 1309 1374 1079 1263 635 339 1180 838 4171 4171 4171 4171 
1530 1476 1482 1617 1311 1374 1075 1258 620 338 1167 826 4171 4171 4171 4171 
1499 1517 1487 1619 1317 1375 1076 1262 622 338 1157 825 4171 4171 4171 4171 
1475 1538 1414 1559 1309 1376 1081 1263 636 338 1165 827 4172 4172 4172 4172 
1558 1561 1474 1708 1307 1373 1076 1263 630 338 1164 829 4172 4172 4171 4171 
1678 1508 2067 2210 1308 1375 1079 1261 617 339 1136 817 4172 4172 4172 4172 
1565 1583 1395 1559 1304 1373 1079 1262 629 338 1183 836 4171 4171 4171 4171 
1497 1535 1429 1586 1308 1373 1078 1261 634 338 1168 832 4171 4171 4171 4171 
1502 1472 1435 1550 1312 1374 1073 1260 617 338 1153 822 4172 4172 4172 4172 
1520 1449 1433 1587 1308 1374 1081 1263 617 338 1154 816 4173 4173 4173 4173 
1527 1605 1984 2294 1305 1374 1080 1262 629 338 1165 821 4172 4172 4172 4172 
1520 1510 1412 1570 1308 1374 1075 1260 628 339 1160 826 4172 4172 4172 4172 
1529 1489 1436 1554 1307 1374 1076 1262 626 338 1159 827 4172 4172 4172 4172 
1479 1508 1420 1571 1298 1374 1077 1262 622 339 1171 825 4171 4171 4171 4171 
1646 1474 1553 1734 1308 1375 1105 1261 624 339 1163 820 4172 4172 247 4171 
1527 1496 1797 1911 1302 1375 1078 1263 624 338 1150 820 4172 4172 4172 4172 
1518 1523 1542 1759 1304 1374 1079 1261 623 338 1172 819 4171 4171 4171 4171 
1467 1495 1403 1525 1309 1375 1077 1263 633 338 1171 821 4171 4171 4171 4171 
1620 1516 1375 1541 1421 1375 1077 1261 622 339 1187 828 720 4171 4171 4171 
1485 1482 1591 1711 1307 1376 1080 1263 637 339 1151 817 4172 4172 4171 4171 
1509 1468 1606 1798 1311 1375 1077 1262 627 338 1148 818 4171 4171 4171 4171 
1570 1505 1406 1535 1307 1375 1077 1262 621 339 1176 831 4171 4171 4171 4171 
1519 1475 1398 1499 1309 1375 1079 1263 619 338 1154 830 4171 4171 4171 4171 
1572 1425 1465 1571 1305 1373 1080 1260 617 339 1151 819 4171 4171 4171 4171 
1520 1453 1455 1609 1309 1374 1078 1262 617 338 1170 819 4172 4172 4172 4172 
1553 1456 1573 1759 1304 1375 1080 1263 613 339 1142 814 4171 4171 4171 4171 
1488 1618 1428 1535 1306 1373 1080 1265 637 339 1181 831 4171 4171 4171 4171 
1567 1543 1935 2151 1306 1374 1077 1261 631 339 1169 816 4172 4172 4172 4172 
1548 1485 1390 1514 1309 1375 1078 1263 626 339 1179 823 4171 4171 4171 4171 
1508 1535 1719 1889 1306 1377 1084 1266 629 339 1164 822 4172 4172 4172 4172 
1526 1578 1477 1589 1306 1375 1080 1262 632 338 1161 829 4171 4171 4171 4171 
1605 1675 1482 1658 1303 1373 1079 1260 634 339 1176 831 4171 4171 4171 4171 
1520 1520 1397 1565 1313 1376 1079 1262 626 338 1177 825 4171 4171 4171 4171 
1517 1772 1684 1878 1309 1377 1078 1261 637 338 1164 832 4172 4172 4172 4172 
1450 1455 1423 1574 1311 1374 1077 1262 630 338 1153 828 4172 4172 4172 4172 
1531 1697 1484 1608 1307 1376 1081 1265 631 339 1171 836 4171 4171 4171 4171 
1608 1759 1667 1839 1310 1373 1079 1260 632 338 1163 830 4171 4171 4171 4171 
1494 1481 1470 1607 1310 1374 1079 1263 625 338 1154 819 4171 4171 4171 4171 
1495 1585 1474 1558 1310 1373 1076 1262 631 338 1175 832 4172 4172 4172 4172 
1474 1473 1516 1711 1306 1373 1078 1262 629 338 1164 818 4172 4172 4172 4172 
1444 1469 1478 1545 1316 1374 1077 1260 627 338 1165 828 4171 4171 4171 4171 
1530 1766 1451 1515 1309 1375 1076 1262 637 338 1186 839 4172 4172 4172 4172 
1476 1671 1465 1579 1309 1375 1079 1262 642 338 1182 833 4171 4171 4171 4171 
1556 1460 1818 1965 1315 1374 1076 1259 621 338 1141 810 4171 4171 4171 4171 
1515 1999 1951 2295 1310 1375 1078 1263 643 338 1166 825 4172 4172 4172 4172 
1489 1515 1421 1609 1308 1373 1080 1260 624 338 1162 824 4171 4171 4171 4171 
1660 1545 1435 1557 1306 1373 1078 1262 623 338 1162 830 4171 4171 4171 4171 
1571 1526 1415 1588 1309 1375 1079 1263 614 338 1178 822 4172 4172 4172 4172 
1505 1464 1439 1574 1307 1374 1080 1262 623 338 1155 826 4172 4172 4172 4172 
1492 1486 2060 2361 1308 1374 1074 1260 625 338 1140 814 4172 4172 4171 4171 
1542 1495 1398 1596 1317 1376 1077 1262 617 337 1154 823 4171 4171 4171 4171 
1601 1519 1524 1700 1314 1373 1080 1260 626 338 1155 821 4171 4171 4171 4171 
1493 1408 1428 1523 1322 1376 1078 1263 614 338 1160 815 747 4171 4171 4171 
1672 1667 2012 2285 1305 1374 1077 1260 632 338 1159 825 4173 4173 4173 4173 
1498 1527 1414 1571 1304 1375 1100 1262 633 338 1176 831 4171 4171 270 4171 
1528 1524 1462 1593 1314 1374 1076 1260 624 339 1158 829 4172 4172 4172 4172 
1778 1506 1460 1607 1309 1375 1079 1262 608 338 1163 822 4171 4171 4171 4171 
1544 1529 1535 1730 1309 1375 1081 1263 625 339 1170 828 4172 4172 4172 4172 
1508 1500 1461 1598 1308 1375 1075 1258 622 339 1163 822 4172 4172 4172 4172 
1557 1464 1820 2096 1311 1375 1077 1261 615 338 1157 808 4171 4171 4171 4171 
1576 1544 1454 1566 1310 1375 1079 1259 623 339 1174 826 4171 4171 4171 4171 
1578 1538 1498 1647 1313 1373 1073 1261 626 339 1160 823 4172 4172 4172 4172 
1543 1482 1580 1760 1307 1374 1077 1260 622 339 1147 816 4172 4172 4172 4172 
1526 1478 1445 1566 1308 1375 1077 1263 623 338 1143 833 4171 4171 4171 4171 
1580 1521 1737 2001 1308 1374 1079 1269 623 338 1162 820 4172 4172 4172 4172 
1646 1948 2896 3525 1310 1373 1086 1261 634 339 1173 823 4172 4172 4172 4172 
1677 1510 1772 1924 1306 1375 1078 1264 621 339 1161 820 4172 2598 4172 4172 
1612 1494 1997 2180 1303 1375 1093 1265 621 339 1153 818 4171 4171 0 4171 
1454 1621 1496 1633 1307 1375 1077 1261 643 338 1166 835 4171 4171 4171 4171 
1493 1495 1396 1556 1307 1375 1082 1261 622 338 1161 827 4172 4172 4172 4172 
1592 1462 1488 1653 1299 1375 1079 1261 616 339 1169 819 4173 4173 4173 4173 
1691 1711 2137 2660 1308 1374 1077 1261 634 339 1162 823 4172 4172 4172 4172 
1601 1554 1976 2110 1308 1374 1078 1263 623 339 1139 819 4172 4172 4172 4172 
1575 1496 1547 1722 1307 1374 1079 1261 621 338 1158 823 4172 4172 4172 4172 
1565 1562 1415 1567 1314 1373 1075 1260 629 338 1168 829 4172 4172 4172 4172 
1521 1505 1444 1581 1302 1375 1079 1263 619 338 1171 826 4172 4172 4172 4172 
1566 1492 1473 1647 1308 1374 1078 1263 620 338 1167 822 4172 4172 4172 4172 
1483 1495 1701 2083 1311 1375 1078 1263 626 338 1150 820 4172 4172 4172 4172 
1596 1592 1425 1560 1308 1373 1078 1261 624 338 1163 831 4172 4172 4172 4172 
1551 1490 1733 2018 1309 1373 1074 1256 619 339 1149 807 4172 4172 4172 4172 
1684 1636 1825 1996 1303 1373 1081 1263 629 338 1158 827 4172 4172 4172 4172 
1510 1497 1640 1844 1311 1377 1094 1262 628 339 1159 820 4172 4172 325 4172 
1528 1486 1597 1745 1308 1374 1078 1261 630 338 1168 824 4172 4172 4172 4172 
1474 1517 1451 1579 1306 1375 1080 1263 636 338 1173 825 4172 4172 4171 4171 
1482 1580 1440 1763 1307 1374 1077 1262 632 338 1162 820 4172 4172 4172 4172 
1484 1563 1444 1598 1308 1375 1078 1262 629 339 1177 834 4172 4172 4172 4172 
1516 1504 1418 1538 1301 1375 1079 1262 623 339 1179 824 4171 4171 4171 4171 
1494 1533 1492 1703 1309 1375 1075 1260 631 338 1175 820 4172 4172 4171 4171 
1607 1468 1381 1598 1313 1372 1073 1260 617 339 1161 824 4172 4172 4172 4172 
1524 1484 1449 1598 1305 1374 1079 1262 623 339 1176 827 4172 4172 4172 4172 
1485 1488 1421 1553 1314 1374 1073 1260 623 339 1172 817 4172 4172 4172 4172 
1463 1468 1606 1792 1309 1374 1074 1261 633 338 1150 813 4172 4172 4172 4172 
1549 1510 1414 1607 1310 1374 1077 1261 627 339 1180 830 4172 4172 4172 4172 
1553 1494 1391 1567 1306 1375 1079 1263 617 338 1174 818 4172 4172 4172 4172 
1546 1471 1418 1490 1305 1374 1078 1262 622 339 1173 823 4172 4172 4172 4172 
1505 1481 1477 1610 1307 1373 1077 1260 625 339 1154 830 4172 4172 4172 4172 
1555 1840 2493 2919 1307 1374 1077 1261 635 338 1171 826 4169 4169 4169 4169 
1488 1437 1473 1605 1310 1374 1077 1261 609 339 1140 809 4172 4172 4172 4172 
1523 1501 1417 1558 1308 1375 1079 1268 623 338 1174 823 4172 4172 4172 4172 
1612 1537 1474 1635 1297 1373 1076 1260 628 339 1183 828 4172 4172 4172 4172 
1560 1479 1706 1839 1309 1375 1078 1261 620 338 1151 817 4172 4172 4172 4172 
1493 1480 1452 1572 1306 1375 1077 1263 627 339 1166 821 4172 4172 4172 4172 
1492 1460 1428 1521 1310 1374 1080 1263 624 339 1163 830 4172 4172 4171 4171 
1553 1558 1455 1590 1306 1374 1074 1260 630 338 1159 828 4172 4172 4172 4172 
1498 1490 1963 2132 1306 1374 1081 1262 626 338 1147 809 4172 4172 4172 4172 
1446 1487 1565 1736 1316 1374 1095 1260 640 339 1156 821 4172 4172 255 4172 
1509 1599 1402 1542 1298 1373 1077 1262 632 339 1180 833 4171 4171 4171 4171 
1504 1503 1592 1776 1309 1373 1078 1261 624 338 1177 817 4171 4171 4171 4171 
1572 1513 1505 1669 1306 1374 1076 1260 621 338 1150 824 4172 4172 4172 4172 
1524 1480 1461 1544 1312 1375 1076 1260 622 338 1155 828 4172 4172 4172 4172 
1584 1551 1214 1300 1316 1375 1183 1257 610 339 4172 4172 4172 4172 230 4172 
1476 1459 1411 1528 1302 1374 1111 1938 625 339 1167 828 4172 4172 275 399 
1482 1526 1458 1612 1308 1373 1079 1261 636 338 1172 826 4172 4172 4172 4172 
1493 1474 1400 1538 1317 1375 1076 1261 628 338 1173 821 4171 4171 4171 4171 
1497 1496 2085 2373 1310 1373 1074 1276 624 339 1161 811 4171 4171 4171 467 
1561 1500 1914 2194 1301 1374 1080 1280 618 338 1156 820 4172 4172 4172 521 
1500 1486 1480 1645 1316 1375 1076 1259 622 338 1156 819 4172 4172 4172 4172 
1492 1453 1387 1583 1310 1374 1080 1263 624 338 1154 818 4172 4172 4172 4172 
1548 1476 1427 1634 1310 1374 1077 1262 619 339 1174 822 4173 4173 4173 4173 
1562 1494 1592 1662 1304 1374 1075 1261 620 339 1161 817 4171 4171 4171 4171 
1478 1462 1444 1563 1295 1375 1079 1264 622 338 1161 822 4171 4171 4171 4171 
1447 1492 1412 1481 1316 1378 1079 1263 633 338 1174 832 4172 4172 4172 4172 
1483 1469 1467 1641 1310 1372 1073 1261 625 338 1166 822 4171 4171 4171 4171 
1556 1522 1397 1548 1316 1374 1076 1260 623 338 1179 830 4171 4171 4171 4171 
1790 1483 1970 2233 1307 1375 1078 1261 613 339 1159 815 4171 3398 4171 4171 
1520 1487 1863 2159 1312 1374 1074 1261 620 338 1149 813 4172 4172 4172 4172 
1556 1490 1827 2073 1313 1375 1074 1261 623 338 1145 815 4173 4173 4173 4173 
1520 1660 1453 1529 1310 1374 1075 1263 632 338 1165 837 4171 4171 4171 4171 
1563 1510 1707 1937 1308 1373 1078 1261 632 338 1156 817 4171 4171 4171 4171 
1512 1567 1437 1554 1314 1383 2332 1256 633 338 1163 838 4171 4171 212 4171 
1458 1499 1411 1582 1314 1375 1094 1258 640 338 1157 819 4172 4172 278 4172 
1494 1551 1431 1540 1314 1374 1077 1261 631 339 1162 829 4171 4171 4171 4171 
1515 1481 1442 1632 1307 1374 1077 1261 621 339 1170 821 4172 4172 4172 4172 
1505 1829 1416 1622 1313 1378 1078 1262 638 339 1177 837 4172 4172 4172 4172 
1571 1468 1555 1635 1308 1374 1075 1262 616 338 1150 816 4172 4172 4172 4172 
1510 1511 1455 1610 1309 1375 1080 1262 619 338 1155 829 4171 4171 4171 4171 
1532 1999 2137 2457 1314 1375 1073 1260 646 338 1175 829 4171 4171 4171 4171 
1552 1376 1585 1723 1307 1375 1077 1262 599 338 1142 800 4171 4171 4171 4171 
1531 1496 1413 1521 1307 1376 1079 1261 622 339 1159 823 4171 4171 4171 4171 
1576 1537 1652 1823 1308 1373 1079 1261 620 338 1162 826 4172 4172 4172 4172 
1527 1478 1422 1567 1300 1373 1080 1265 627 339 1156 828 4173 4173 4173 4173 
1530 1645 2311 2645 1326 1375 1076 1260 631 338 1150 816 4172 4172 4172 4172 
1644 1536 1717 2123 1308 1374 1077 1262 622 338 1152 816 4173 4173 4173 4173 
1514 1521 1485 1726 1310 1373 1075 1260 631 338 1169 827 4174 4174 4174 4174 
1555 1706 1422 1530 1311 1376 1103 1260 635 338 1174 844 4173 4173 260 4173 
2890 1366 1857 1967 1314 1374 1077 1449 1736 338 1120 793 4172 4172 4172 374 
1679 1522 1423 1537 1310 1375 1078 1266 616 339 1182 825 4173 4173 4173 4173 
1520 1494 1443 1632 1299 1372 1078 1260 623 338 1164 821 4172 4172 4172 4172 
1514 1515 1503 1667 1302 1374 1076 1260 630 338 1173 830 4172 4172 4172 4172 
1644 1471 1445 1593 1308 1374 1078 1261 614 339 1168 818 4172 4172 4172 4172 
1516 1492 1551 1724 1305 1373 1074 1262 628 338 1148 816 4172 4172 4172 4172 
1483 1537 1429 1604 1306 1375 1104 1261 634 338 1171 824 4171 4171 260 4171 
1476 1581 1455 1575 1306 1374 1078 1261 638 337 1178 832 4172 4172 4172 4172 
1521 1559 1504 1572 1306 1373 1078 1260 630 338 1162 829 4172 4172 4172 4172 
1619 1819 2587 2841 1306 1373 1080 1260 632 338 1168 828 4172 4172 4172 4172 
1561 1703 1416 1569 1308 1371 1078 1262 631 338 1190 840 4172 4172 4172 4172 
1575 1593 1382 1574 1310 1375 1078 1263 633 339 1188 834 4172 4172 4172 4172 
1499 1496 1523 1667 1303 1374 1080 1262 622 338 1158 818 4172 4172 4172 4172 
1515 1482 1469 1629 1305 1375 1101 1261 623 339 1166 821 4172 4172 292 4171 
1486 1514 1780 2022 1307 1373 1076 1262 626 338 1165 820 4172 4172 4172 4172 
1522 1455 1435 1544 1300 1376 1078 1265 614 338 1161 822 4172 4172 4172 4172 
1471 1476 1462 1536 1308 1374 1091 1261 629 338 1172 830 4173 4173 4173 4173 
1596 1685 1636 1809 1313 1373 1077 1261 631 338 1172 833 4171 4171 4171 4171 
1512 1716 1468 1662 1307 1374 1079 1261 635 338 1182 834 4172 4172 4172 4172 
1524 1478 1509 1559 1311 1375 1080 1262 610 339 1153 815 4172 4172 4171 4171 
1493 1581 1571 1718 1306 1373 1075 1260 635 339 1161 827 4172 4172 4172 4172 
1490 1367 1468 1568 1327 1374 1075 1260 599 338 1124 794 4171 4171 4171 4171 
1439 1474 1621 1710 1307 1373 1077 1262 638 339 1141 817 4173 4173 4173 4173 
1474 1501 1441 1567 1304 1374 1079 1263 625 339 1160 828 4172 4172 4172 4172 
1522 1503 1751 1961 1309 1372 1080 1262 631 338 1170 821 4172 4172 4172 4172 
1573 1635 1579 1778 1305 1374 1079 1262 625 338 1167 830 4171 4171 4171 4171 
1569 1608 1559 1682 1305 1375 1086 1263 626 338 1161 829 4172 4172 4172 4172 
1470 1549 1404 1532 1314 1374 1075 1260 630 339 1167 837 4171 4171 4171 4171 
1479 1484 2011 2163 1308 1375 1084 1263 627 339 1144 816 4172 4172 4172 4172 
1481 1598 1414 1576 1309 1374 1082 1262 640 338 1165 840 4172 4172 4172 4172 
1577 1486 1435 1605 1308 1374 1076 1261 617 338 1158 826 4172 4172 4172 4172 
1533 1543 1427 1557 1309 1374 1078 1262 628 339 1160 827 4171 4171 4171 4171 
1583 1542 1705 1881 1316 1389 1074 1258 623 338 1156 817 4172 702 4172 4172 
1444 1562 1218 1319 1310 1375 1079 1262 639 339 4172 846 4172 4172 4172 4172 
1627 1494 1427 1602 1316 1375 1076 1260 620 338 1160 824 4171 4171 4171 4171 
1427 1582 1405 1542 1307 1373 1076 1263 656 265 1102 755 4172 4172 4172 4172 
7791 1503 2291 2692 1305 1393 1080 1261 607 338 1142 812 4172 697 4172 4172 
1514 1431 1411 1532 1308 1375 1078 1263 618 338 1150 817 4171 4171 4171 4171 
1450 1442 1385 1580 1310 1374 1073 1260 624 339 1166 815 4171 4171 4171 4171 
1469 1514 2881 3182 1310 1375 1076 1261 638 338 1138 810 4172 4172 4172 4172 
1526 1505 1447 1545 1308 1374 1079 1262 628 338 1148 831 4172 4172 4172 4172 
1496 1535 1431 1583 1307 1375 1074 1262 631 339 1179 831 4171 4171 4171 4171 
1536 1453 1485 1575 1310 1376 1079 1263 616 339 1166 817 4171 4171 4171 4171 
1542 1474 1370 1526 1305 1375 1079 1262 623 338 1167 821 4172 4172 4172 4172 
1707 1513 1577 1795 1310 1374 1086 1257 621 338 1154 820 4172 4172 271 4172 
1526 1532 1704 1946 1312 1373 1074 1259 628 338 1148 818 4172 4172 4172 4172 
1601 1499 1428 1545 1308 1374 1079 1263 622 339 1162 829 4171 4171 4171 4171 
1603 1473 1379 1542 1298 1374 1078 1266 624 338 1161 820 4172 4172 4172 4172 
1568 1599 1407 1496 1305 1374 1079 1262 625 338 1162 832 4172 4172 4172 4172 
1451 1466 1488 1607 1311 1375 1077 1262 623 339 1161 819 4172 4172 4172 4172 
1542 1532 1665 1895 1299 1374 1078 1263 629 339 1158 819 4172 4172 4172 4172 
1520 1806 1823 2138 1306 1375 1078 1263 641 338 1163 828 4172 4172 4172 4172 
1593 1794 1839 2130 1309 1375 1073 1261 635 339 1165 829 4172 4172 4172 4172 
1483 1500 1441 1683 1308 1374 1079 1261 627 339 1158 826 4172 4172 4172 4172 
1510 1499 1413 1526 1317 1375 1077 1260 622 338 1155 824 4172 4172 4172 4172 
4920 1340 1506 1879 1314 1384 1616 1260 1481 339 1160 823 4172 4172 228 4172 
1531 1818 1447 1550 1306 1374 1080 1262 640 338 1188 840 4171 4171 4171 4171 
1533 1384 1477 1607 1311 1379 1075 1259 602 338 1159 806 4171 4171 4171 4171 
1521 1488 1423 1569 1309 1373 1079 1263 625 338 1157 823 4172 4172 4172 4172 
1540 1607 2485 3044 1309 1375 1081 1263 631 338 1150 813 4172 4172 4172 4172 
1507 1440 1410 1517 1301 1376 1079 1264 617 338 1151 822 4172 4172 4172 4172 
1472 1502 1492 1600 1309 1374 1078 1262 628 339 1164 827 4172 4172 4172 4172 
1529 1557 1643 1786 1310 1374 1087 1261 630 338 1160 826 4171 4171 4171 4171 
1541 1557 1431 1667 1310 1375 1079 1262 624 339 1160 819 4172 4172 4172 4172 
1616 1520 1433 1548 1308 1375 1076 1263 621 338 1170 828 4172 4172 4172 4172 
1551 1512 1435 1581 1308 1374 1092 1261 626 339 1182 828 4172 4172 323 4172 
1525 1526 1420 1586 1310 1376 1096 1260 631 338 1171 821 4170 4170 261 4170 
1634 1509 1455 1535 1309 1375 1077 1262 625 338 1164 834 4172 4172 4172 4172 
1500 1478 1491 1607 1306 1376 1082 1263 626 338 1164 830 4172 4172 4172 4172 
1501 1622 1881 2142 1317 1373 1077 1259 630 338 1170 820 4172 4172 4172 4172 
1541 1558 1565 1709 1307 1375 1081 1263 630 338 1172 828 4172 4172 4172 4172 
1436 1544 1458 1563 1308 1375 1079 1261 648 338 1158 830 4171 4171 4171 4171 
1532 1523 1390 1603 1305 1375 1083 1263 627 338 1170 824 4172 4172 4172 4172 
1486 1574 1466 1590 1307 1374 1077 1262 637 339 1163 828 4171 4171 4171 4171 
1505 1467 1513 1592 1310 1376 1081 1266 624 338 1166 824 4171 4171 4171 4171 
1489 1496 1520 1591 1307 1374 1078 1261 621 338 1165 821 4172 4172 4172 4172 
1505 1553 1212 1300 1305 1374 1076 1260 631 338 4171 4171 4171 4171 4171 4171 
1499 1505 1448 1595 1315 1375 1074 1261 624 339 1166 830 4171 4171 4171 4171 
1464 1503 1388 1541 1302 1374 1079 1262 626 339 1162 824 4172 4172 4172 4172 
1481 1874 1418 1563 1309 1374 1078 1262 649 339 1170 839 4172 4172 4172 4172 
1544 1520 1551 1777 1309 1373 1079 1262 625 338 1173 819 4172 4172 4171 4171 
1480 1530 1477 1636 1305 1374 1079 1262 632 338 1174 823 4172 4172 4172 4172 
1523 1495 1669 1830 1303 1373 1079 1262 627 338 1149 823 4172 4172 4172 4172 
1485 1467 1589 1759 1310 1373 1078 1258 623 338 1157 819 4172 4172 4172 4172 
1565 1480 1460 1589 1308 1375 1081 1262 617 338 1159 821 4171 4171 4171 4171 
1436 1575 1434 1604 1314 1374 1083 1259 644 338 1167 828 4172 4172 4172 4172 
1546 1479 1461 1563 1314 1374 1076 1262 620 339 1158 824 4171 4171 4171 4171 
1515 1525 1430 1579 1313 1374 1074 1260 624 338 1172 824 4171 4171 4171 4171 
1623 1476 1417 1550 1312 1374 1089 1258 616 339 1152 825 4172 4172 280 4172 
5041 1516 1409 1607 1306 1373 1076 1260 2449 338 1151 827 4172 4172 4172 4172 
1470 1504 1401 1559 1311 1375 1079 1263 628 338 1181 827 4172 4172 4172 4172 
1527 1557 1943 2351 1306 1375 1079 1263 627 338 1168 816 4172 4172 4172 4172 
1489 1489 1490 1692 1308 1375 1079 1265 628 338 1172 821 4172 4172 4172 4172 
1494 1461 1422 1538 1309 1374 1079 1263 626 339 1159 822 4172 4172 4172 4172 
1555 1468 1413 1611 1307 1374 1080 1263 617 338 1155 821 4172 4172 4172 4172 
1616 1499 1445 1549 1307 1374 1080 1262 626 338 1178 832 4171 4171 4171 4171 
1717 1492 1372 1563 1307 1375 1081 1265 620 338 1162 826 4172 4172 4172 4172 
1484 1487 1479 1627 1306 1375 1079 1263 620 339 1157 818 4172 4172 4172 4172 
1540 1479 1496 1719 1314 1375 1078 1263 619 338 1154 821 4172 4172 4172 4172 
1556 1512 1441 1591 1312 1375 1076 1263 622 338 1158 825 4171 4171 4171 4171 
1564 1508 1595 1788 1307 1375 1081 1263 623 338 1153 820 4172 4172 4172 4172 
1449 1529 1409 1585 1310 1376 1077 1265 640 338 1161 826 4172 4172 4172 4172 
1563 1470 1476 1595 1308 1375 1075 1261 618 338 1155 819 4172 4172 4172 4172 
1561 1465 1387 1517 1307 1373 1082 1261 624 339 1160 826 4172 4172 4172 4172 
1465 1666 1442 1575 1310 1375 1075 1261 641 339 1171 832 4172 4172 4172 4172 
1555 1491 1450 1563 1308 1374 1078 1262 618 338 1168 831 4171 4171 4171 4171 
1626 1601 1374 1514 1309 1374 1071 1261 624 338 1164 828 4172 4172 4172 4172 
1485 1553 1542 1701 1306 1375 1080 1265 629 339 1174 825 4172 4172 4172 4172 
1486 1559 1425 1566 1308 1374 1077 1262 631 338 1176 829 4172 4172 4172 4172 
1558 1473 1460 1595 1309 1375 1081 1263 617 338 1158 831 4172 4172 4172 4172 
1505 1542 1457 1614 1301 1374 1078 1266 622 338 1158 821 4172 4172 4172 4172 
1603 1607 1462 1532 1307 1373 1080 1262 630 338 1163 832 4172 4172 4172 4172 
1493 1522 1721 2038 1300 1377 1078 1266 629 338 1170 816 4171 4171 4171 4171 
1512 1450 1432 1585 1314 1372 1076 1262 615 339 1143 814 4171 4171 4171 4171 
1439 1514 1447 1620 1307 1374 1075 1260 637 339 1179 824 4172 4172 4172 4172 
1512 1475 1457 1689 1308 1375 1077 1261 625 339 1162 815 4172 4172 4172 4172 
1531 1752 1707 1874 1308 1375 1079 1260 627 338 1171 828 4171 4171 4171 4171 
1530 1586 1428 1570 1306 1375 1082 1261 623 338 1169 830 4172 4172 4172 4172 
1502 1751 1434 1588 1305 1374 1082 1282 639 338 1184 841 4172 4172 4172 503 
1570 1662 1445 1573 1308 1405 1078 1262 630 338 1186 832 4172 694 4172 4172 
1588 1505 1463 1574 1305 1375 1080 1264 624 338 1176 823 4172 4172 4172 4172 
1514 1600 1451 1550 1306 1375 1080 1263 625 338 1165 832 4172 4172 4172 4172 
1528 1469 1417 1595 1308 1375 1079 1262 617 338 1154 820 4172 4172 4172 4172 
1509 1507 1413 1578 1306 1375 1081 1263 622 338 1160 822 4172 4172 4172 4172 
1734 1528 1936 2055 1316 1376 1076 1261 621 338 1157 821 4171 4171 4171 4171 
1542 1529 1681 1842 1309 1374 1078 1262 628 338 1164 824 4171 4171 4171 4171 
1527 1976 1975 2138 1306 1388 1080 1262 646 338 1178 835 4172 748 4172 4172 
1556 1356 1375 1578 1306 1375 1081 1262 564 338 1102 770 4172 4172 4172 4172 
1529 1504 1667 1929 1308 1375 1077 1262 621 339 1165 815 4171 4171 4171 4171 
1461 1532 1214 1299 1307 1376 1080 1260 633 339 4171 4171 4171 4171 4171 4171 
1581 1499 2040 2204 1308 1375 1079 1266 622 338 1154 815 4171 4171 4171 4171 
1560 1464 1393 1556 1307 1375 1079 1263 615 338 1160 815 4172 4172 4172 4172 
1508 1483 1446 1532 1311 1376 1081 1263 625 338 1171 821 4172 4172 4172 4172 
1499 1477 1393 1578 1309 1375 1079 1263 620 339 1185 819 4172 4172 4171 4171 
1532 1480 1405 1566 1309 1374 1078 1262 618 339 1151 825 4172 4172 4172 4172 
1521 1503 1444 1550 1306 1374 1081 1263 628 339 1164 828 4172 4172 4172 4172 
1515 1490 1381 1533 1314 1374 1076 1262 629 338 1162 827 4172 4172 4172 4172 
1629 1487 1691 1801 1316 1374 1078 1260 619 337 1144 818 4171 4171 4171 4171 
1518 1661 1420 1563 1309 1374 1076 1262 634 338 1168 839 4172 4172 4172 4172 
1601 1485 1503 1598 1309 1375 1114 1261 617 338 1151 819 4171 4171 265 4171 
1612 1745 1392 1566 1304 1374 1079 1263 626 338 1184 842 4171 4171 4171 4171 
1577 1499 1411 1535 1308 1375 1080 1263 623 339 1174 828 4172 4172 4172 4172 
1536 1478 1547 1761 1317 1376 1078 1263 623 339 1151 814 4171 4171 4171 4171 
1496 1502 1407 1555 1307 1374 1076 1262 628 338 1152 825 4173 4173 4173 4173 
1520 1491 1398 1503 1303 1373 1080 1263 618 338 1167 827 4172 4172 4172 4172 
1578 1589 1931 2258 4118 1429 1109 1265 628 339 1169 821 699 693 276 486 
1439 1709 1430 1588 1303 1375 1082 1263 653 338 1167 833 4172 4172 4172 4172 
1534 1497 1497 1597 1310 1373 1082 1263 629 338 1169 825 4172 4172 4172 4172 
1570 1557 2114 2469 1307 1375 1081 1263 626 339 1160 817 4171 4171 4171 4171 
1504 1521 1415 1626 1311 1378 1082 1264 626 338 1179 827 4172 4172 4172 4172 
1595 1475 1386 1586 1308 1376 1080 1263 614 338 1163 829 4171 4171 4171 4171 
1507 1481 1423 1622 1306 1373 1079 1263 622 338 1155 818 4172 4172 4172 4172 
1529 1846 1958 2131 1304 1378 1082 1263 639 339 1181 830 4171 4171 4171 4170 
1527 1431 1468 1659 1308 1375 1079 1263 613 338 1149 812 4172 4171 4171 4171 
1558 1500 1513 1678 1295 1373 1075 1261 621 338 1151 826 4171 4171 4171 4171 
1537 2016 1929 2260 1309 1375 1076 1263 642 338 1162 832 4171 4171 4171 4171 
1477 1530 1572 1773 1315 1375 1078 1263 630 338 1156 823 4171 4171 4171 4171 
1521 1510 1603 1711 1307 1374 1080 1263 622 338 1166 822 4171 4171 4171 4171 
1461 1489 1483 1602 1306 1374 1076 1263 639 338 1158 824 4172 4172 4172 4172 
1532 1513 1455 1603 1307 1374 1079 1263 626 339 1156 825 4172 4172 4172 4172 
1436 1475 1377 1569 1309 1374 1081 1262 657 317 1147 808 4172 4172 4172 4172 
1489 1571 1398 1555 1311 1375 1080 1262 631 338 1167 832 4171 4171 4171 4171 
1541 1493 1488 1703 1314 1374 1076 1262 617 338 1158 824 4172 4172 4172 4172 
1466 1453 1411 1570 1308 1374 1079 1263 621 338 1167 818 4172 4172 4172 4172 
1520 1546 1392 1535 1308 1375 1079 1261 632 339 1171 836 4172 4172 4172 4172 
1493 1477 1577 1769 1314 1374 1074 1260 633 338 1155 816 4172 4172 4172 4172 
1514 1483 1430 1595 1317 1375 1076 1261 625 338 1176 820 4171 4171 4171 4171 
1558 1476 1397 1563 1318 1374 1075 1260 622 338 1176 824 4171 4171 2204 4171 
1471 1469 1397 1498 1306 1375 1091 1260 626 338 1155 827 4172 4172 285 4172 
1685 1603 1873 2164 1298 1374 1078 1265 626 338 1170 823 4172 4172 4171 4171 
1513 1534 1435 1591 1316 1375 1076 1260 627 338 1164 826 4172 4172 4172 4172 
1520 1463 1827 1972 1308 1374 1079 1263 617 338 1154 804 4171 4171 4171 4171 
1576 1452 2139 2549 1308 1375 1079 1263 619 338 1153 805 4172 4172 4172 4172 
1471 1538 1401 1591 1310 1375 1077 1261 636 339 1174 827 4172 4172 4171 4171 
1472 1508 1492 1609 1303 1375 1082 1262 632 338 1160 822 4171 4171 4171 4171 
1436 1527 1519 1682 1307 1377 1079 1265 640 339 1173 815 4171 4171 4171 4171 
1468 1472 1549 1751 1306 1373 1078 1262 637 339 1148 819 4171 4171 4171 4171 
1480 1500 1454 1579 1310 1376 1079 1262 635 339 1176 834 4171 4171 4171 4171 
1481 1495 1518 1687 1309 1399 1076 1260 630 338 1168 831 4172 779 4172 4172 
1520 1469 1410 1569 1310 1389 1089 1262 623 338 1177 819 4171 712 4171 4171 
1521 1586 1400 1542 1301 1375 1078 1262 629 339 1180 835 4171 4171 4171 4171 
1570 1517 1724 2042 1307 1374 1079 1262 622 338 1150 819 4171 4171 4171 4171 
1488 1518 1547 1645 1307 1374 1079 1261 631 338 1170 829 4171 4171 4171 4171 
1567 1498 1426 1541 1299 1373 1078 1267 623 338 1165 832 4171 4171 4171 4171 
1443 1551 1469 1568 1307 1375 1079 1262 638 338 1175 829 4172 4172 4172 4172 
1514 1487 1501 1662 1309 1375 1080 1274 622 338 1174 821 4172 4172 4171 4171 
1492 1501 1580 1701 1298 1374 1077 1262 635 338 1156 827 4172 4172 4172 4172 
1596 1579 1629 1892 1308 1376 1079 1263 628 338 1174 822 4173 4173 4172 4172 
1520 1716 1453 1709 1307 1373 1077 1261 637 339 1180 835 4171 4171 4171 4171 
1477 1472 1389 1543 1307 1377 1080 1263 618 338 1149 822 4171 4171 4171 4171 
1493 1883 1710 2026 1308 1375 1081 1264 648 338 1167 828 4172 4172 4172 4172 
1528 1530 1390 1542 1303 1373 1076 1263 629 338 1169 829 4171 4171 4171 4171 
1580 1461 1706 1981 1306 1374 1079 1262 619 338 1148 812 4172 4172 4172 4172 
1581 1502 1817 2065 1307 1374 1079 1262 621 338 1159 817 4172 4172 4172 4172 
1526 1520 1426 1622 1311 1375 1075 1261 637 338 1177 831 4173 4173 4173 4173 
1582 1474 1509 1654 1308 1375 1082 1263 617 338 1164 823 4171 4171 4171 4171 
1552 1504 1468 1574 1298 1375 1077 1263 623 339 1155 828 4172 4172 4172 4172 
1768 1371 1638 1799 1309 1374 1077 1262 539 338 1139 797 4171 4171 4171 4171 
1576 1503 1943 2174 1310 1374 1076 1262 622 338 1161 811 4172 4172 4172 4172 
1499 1512 1491 1628 1308 1374 1081 1260 623 338 1169 827 4172 4172 4172 4172 
1603 1477 1447 1590 1303 1375 1079 1265 620 339 1168 826 4172 4172 4172 4172 
1489 1607 1406 1592 1307 1375 1078 1263 634 338 1167 833 4171 4171 4171 4171 
1689 1843 1824 2092 1307 1374 1090 1261 632 338 1178 834 4172 4172 4172 4172 
1497 1572 1400 1476 1308 1374 1080 1261 628 339 1170 834 4171 4171 4171 4171 
1614 1488 1476 1674 1313 1375 1076 1260 611 338 1171 823 4172 4172 4172 4172 
1567 1492 1424 1532 1306 1374 1076 1262 619 338 1152 820 4172 4172 4172 4172 
1534 1628 1407 1518 1309 1374 1080 1263 633 339 1168 836 4172 4172 4172 4172 
1584 1522 1466 1559 1309 1374 1074 1261 626 339 1166 832 4173 4173 4173 4173 
1500 1501 1464 1608 1311 1375 1077 1262 630 338 1161 820 4172 4172 4172 4172 
1582 1514 1425 1598 1307 1383 1081 1265 622 338 1174 826 4171 4171 4171 4171 
1505 1524 1401 1592 1309 1377 1079 1263 630 338 1170 828 4172 4172 4172 4172 
1575 1496 1535 1733 1308 1375 1078 1261 620 338 1164 816 4171 4171 4171 4171 
1524 1490 1412 1581 1308 1377 1096 1259 622 338 1176 824 4171 4171 273 4171 
1486 1519 1429 1596 1307 1374 1081 1262 624 338 1171 818 4172 4172 4172 4172 
1528 1488 1409 1560 1309 1381 1079 1263 627 338 1174 827 4171 4171 4171 4171 
1520 1679 1404 1540 1300 1374 1078 1264 637 338 1177 837 4171 4171 4171 4171 
1598 1818 1356 1541 1311 1375 1076 1262 638 338 1176 837 4173 4173 4173 4173 
1638 1474 1687 1970 1308 1374 1073 1262 619 338 1161 812 4171 4171 4171 4171 
1558 1452 1526 1587 1310 1375 1076 1260 616 339 1145 826 4173 4173 4173 4173 
1452 1506 1402 1605 1309 1374 1078 1261 639 338 1166 823 4172 4172 4172 4172 
1505 1499 1428 1542 1310 1375 1072 1259 633 338 1176 832 4172 4172 4172 4172 
1526 1481 1516 1661 1306 1374 1079 1262 622 338 1164 822 4172 4172 4172 4172 
1494 1512 1433 1572 1310 1374 1074 1261 628 338 1163 830 4171 4171 4171 4171 
1460 1500 1989 2478 1310 1374 1078 1262 642 338 1165 815 4171 4171 4171 4171 
1448 1586 2026 2241 1311 1380 1074 1259 635 337 1150 820 4171 4171 4171 4171 
1515 1490 1580 1697 1315 1375 1077 1260 621 338 1151 817 4172 4172 4171 4171 
1494 1700 1431 1615 1317 1373 1076 1260 635 338 1185 830 4171 4171 4171 4171 
1689 1476 1660 1874 1309 1374 1075 1261 614 338 1161 815 4171 4171 4171 4171 
1510 1555 1575 1772 1315 1389 1071 1258 635 338 1158 826 4172 789 4172 4172 
1480 1473 1416 1557 1313 1374 1073 1259 628 338 1172 822 4172 4172 4172 4172 
1747 1510 1490 1570 1309 1374 1090 1262 616 338 1154 820 4171 4171 4171 4171 
1525 1482 1719 1854 1310 1379 1082 1267 621 338 1145 818 4172 4172 4172 4172 
1538 1544 1484 1633 1308 1374 1078 1261 630 338 1175 829 4171 4171 4171 4171 
1537 1606 1486 1676 1314 1374 1077 1262 631 338 1181 829 4172 4172 4172 4172 
1559 1622 1911 2228 1307 1375 1079 1263 625 338 1144 813 4171 4171 4171 4171 
1497 1495 1714 1889 1298 1374 1080 1263 623 338 1163 813 4171 4171 4171 4171 
1528 1611 1422 1574 1314 1375 1076 1261 627 338 1178 831 4171 4171 4171 4171 
1553 1541 1727 1988 1314 1374 1076 1262 622 338 1151 819 4172 4172 4172 4172 
1492 1477 1864 2079 1313 1374 1077 1261 626 339 1159 814 4172 4172 4172 4172 
1668 1375 1950 2401 1314 1378 1077 1263 593 338 1136 787 4172 4172 4172 4172 
1466 1489 1413 1530 1321 1375 1076 1261 626 338 1174 831 4172 4172 4172 4172 
1585 1518 1427 1535 1310 1373 1079 1261 619 337 1170 831 4172 4172 4172 4172 
1472 1490 1843 2034 1308 1375 1077 1262 632 338 1162 813 4171 4171 4171 4171 
1488 1508 1469 1591 1310 1375 1082 1263 625 338 1175 824 4171 4171 4171 4171 
1491 1499 1381 1502 1305 1373 1079 1261 622 339 1168 823 4172 4172 4172 4172 
1603 1497 1461 1569 1308 1375 1078 1262 618 338 1172 824 4170 4170 4170 4170 
1469 1488 1446 1566 1309 1374 1079 1264 624 337 1168 819 4172 4171 4171 4171 
1612 1538 2216 2375 1312 1375 1088 1259 618 338 1159 816 4172 4172 294 4172 
1526 1577 1444 1547 1302 1375 1080 1262 634 338 1168 833 4171 4171 4171 4171 
1553 1492 1523 1651 1310 1375 1081 1262 624 338 1152 820 4172 4172 4171 4171 
1503 1483 1409 1569 1308 1374 1079 1261 629 338 1158 824 4172 4172 4171 4171 
1587 1512 1466 1579 1315 1373 1076 1259 627 339 1154 827 4172 4172 4172 4172 
1492 1566 1502 1603 1308 1377 1079 1263 626 338 1154 826 4172 4172 4172 4172 
1485 1511 1466 1647 1307 1373 1079 1262 624 339 1165 825 4173 4173 4173 4173 
1500 1516 1440 1558 1310 1376 1080 1262 622 339 1157 826 4172 4172 4172 4172 
1581 1534 1854 1930 1300 1375 1078 1263 620 338 1166 822 4171 4171 4171 4171 
1524 1532 1803 1998 1308 1375 1079 1262 622 339 1150 821 4172 4172 4171 4171 
1449 1516 1393 1580 1300 1373 1078 1262 635 338 1166 828 4171 4171 4171 4171 
1507 1496 1430 1545 1309 1375 1078 1262 625 338 1177 831 4171 4171 4171 4171 
1562 1442 1439 1570 1308 1374 1080 1262 616 339 1151 820 4171 4171 4171 4171 
1445 1711 1433 1538 1306 1375 1080 1263 647 338 1167 831 4171 4171 4171 4171 
1568 1492 1450 1575 1309 1375 1084 1264 620 338 1152 825 4171 4171 4171 4171 
1437 1518 1805 1939 1307 1374 1078 1261 638 339 1164 819 4171 4171 4171 4171 
1536 1540 1508 1603 1309 1376 1081 1263 627 337 1169 835 4169 4169 4169 4169 
1584 1581 1834 1980 1301 1374 1080 1263 621 338 1160 819 4171 4171 4171 4171 
1600 1477 1423 1583 1308 1374 1078 1262 617 338 1161 819 4171 4171 4171 4171 
1551 1484 1570 1822 1307 1374 1080 1263 622 338 1151 823 4171 4171 4171 4171 
1561 1825 1682 1925 1311 1378 1078 1261 636 338 1183 832 4172 4172 4172 4172 
1579 1430 1602 1859 1307 1376 1077 1263 612 338 1159 809 4172 4172 4172 4172 
1560 1476 1601 1743 1300 1373 1078 1263 624 338 1150 819 4172 4172 4172 4172 
1508 1475 1537 1659 1307 1374 1079 1263 629 338 1164 818 4171 4171 4171 4171 
1500 1519 1319 1408 1309 1374 1077 1263 626 338 1186 844 4171 4171 4171 4171 
1619 1539 1426 1525 1306 1374 1081 1263 625 339 1162 834 4171 4171 4171 4171 
1480 1474 1452 1542 1309 1375 1079 1264 629 338 1164 823 4171 4171 4171 4171 
1574 1526 1842 2034 1306 1372 1077 1262 627 339 1143 817 4172 4172 4172 4172 
1554 1497 1445 1540 1308 1374 1078 1263 620 338 1162 824 4171 4171 4171 4171 
1586 1534 2263 2496 1308 1375 1096 1261 624 338 1169 814 4171 4171 383 4171 
1460 1500 1470 1594 1309 1374 1074 1262 628 338 1179 827 4172 4172 4172 4172 
1636 1472 1445 1600 1311 1375 1077 1260 615 337 1174 821 4171 4171 4171 4171 
1474 1447 1478 1602 1309 1375 1079 1263 628 338 1150 820 4171 4171 4171 4171 
1560 1463 1453 1584 1313 1374 1075 1260 611 338 1144 815 4172 4172 4172 4172 
1548 1418 1461 1741 1309 1375 1079 1261 619 337 1146 807 4171 4171 4171 4171 
1521 1504 1476 1674 1313 1374 1072 1263 625 338 1154 820 4172 4172 4172 4172 
1455 1528 1439 1516 1308 1374 1076 1261 631 338 1159 830 4172 4172 4172 4172 
1584 1507 1456 1610 1303 1374 1079 1261 616 338 1160 827 4172 4172 4172 4172 
1619 1522 1792 1894 1306 1374 1078 1261 621 338 1148 826 4171 4171 4171 4171 
1534 1463 1428 1546 1326 1374 1078 1260 625 339 1162 820 756 4172 4172 4172 
1712 1516 1675 1865 1305 1375 1094 1261 619 339 1162 820 4172 4172 263 4172 
1539 1497 1516 1611 1308 1374 1079 1261 613 338 1175 823 4172 4172 4172 4172 
