1656 1466 1422 1614 1700 1725 1074 1256 591 321 802 806 874 821 4168 4168 
1518 1506 1471 1575 1467 1836 1072 1254 602 321 805 815 887 1901 4167 4167 
1713 1612 1942 2026 2297 1844 1071 1256 606 321 801 812 2078 845 4168 4168 
1566 1479 1496 1590 1378 1654 1073 1252 594 321 799 816 918 849 4166 4166 
1570 1861 1627 1835 1871 1818 1071 1256 609 321 809 814 896 852 4168 4168 
1504 1474 1506 1574 1662 1827 1072 1253 596 321 795 805 884 835 4167 4167 
1541 1498 1457 1556 1818 1778 1069 1253 596 321 802 801 883 833 4167 4167 
1528 1500 1468 1554 1577 1826 1073 1257 603 322 814 809 884 841 4168 4168 
1549 1484 1408 1491 1325 1641 1070 1255 601 321 806 813 4167 844 4167 4167 
1517 1560 1462 1557 1483 1577 1074 1259 604 321 814 817 880 852 4166 4166 
1505 1541 2079 2336 1437 1749 1073 1256 606 322 788 798 897 838 4167 4167 
1542 1522 1470 1514 1664 1893 1072 1254 601 322 808 807 879 839 4166 4166 
1481 1596 1390 1559 1381 1775 1072 1258 611 321 813 820 913 848 4167 4167 
1441 1568 1582 1625 1527 1804 1071 1256 622 321 813 818 902 853 4167 4167 
1481 1530 1536 1681 1405 1754 1070 1255 617 321 804 808 892 848 4166 4166 
1508 1495 1496 1625 1377 1717 1070 1258 599 321 805 811 896 838 4166 4166 
1504 1522 1658 1871 1494 1960 1072 1254 600 321 796 803 882 840 4167 4167 
1518 1518 1694 1776 1532 1706 1073 1254 600 321 799 810 886 836 4166 4166 
1545 1522 1410 1495 1538 1812 1071 1254 599 321 808 809 888 839 4166 4166 
1486 1490 1436 1517 1533 2138 1073 1252 599 321 810 813 891 1962 4167 4167 
1506 1498 1428 1623 1770 1899 1072 1253 603 321 814 802 879 839 4167 4167 
1533 1520 1481 1547 1505 1710 1071 1256 600 321 802 813 886 851 4167 4167 
1472 1551 1463 1541 1671 1971 1071 1260 601 321 808 818 892 819 4167 4167 
1545 1497 1506 1597 1551 1796 1071 1253 597 321 798 808 882 834 4167 4167 
1552 1518 1480 1595 1618 1805 1071 1257 598 321 803 807 886 839 4166 4166 
1492 1486 1418 1502 1674 1715 1071 1254 601 321 799 816 888 837 4167 4167 
1583 1454 1589 1763 1438 2019 1070 1257 598 321 793 801 507 1965 4166 4166 
1534 1541 1446 1681 1642 1770 1071 1249 604 321 805 806 889 846 4168 4168 
1548 1540 1434 1549 1495 2145 1071 1256 600 320 807 817 881 1970 4165 4165 
1533 1922 1913 2154 1436 1872 1070 1255 616 321 809 811 908 858 4167 4167 
1652 1515 1563 1655 1427 1800 1069 1252 594 322 798 811 889 845 4166 4166 
1438 1527 1460 1548 1432 1498 1072 1254 635 95 575 575 673 627 4166 4166 
1507 1476 1488 1550 1618 1796 1072 1252 597 321 799 811 880 838 4167 4167 
1441 1482 1455 1602 1606 1782 1071 1256 614 321 802 803 879 836 4167 4167 
1568 1499 1451 1538 1478 1655 1073 1255 601 321 812 812 891 848 4168 4168 
1457 1498 1413 1604 1689 1864 1071 1258 608 320 801 815 884 848 4167 4167 
1516 1474 1777 1898 1590 1615 1071 1253 604 321 790 793 877 840 4167 4167 
1708 1502 1578 1726 1597 1658 1074 1250 593 321 799 804 889 836 4166 4166 
1502 1475 1466 1616 1549 1828 1075 1256 608 321 801 808 883 835 4166 4166 
1639 1715 1959 2205 1635 1763 1071 1256 605 321 802 809 904 853 4168 4168 
1592 1498 1432 1543 1586 1760 1070 1252 599 321 802 810 649 2192 4167 4167 
1574 1769 1898 2111 2345 2369 1071 1255 608 321 806 815 830 1966 4166 4166 
1559 1477 1500 1546 1599 2000 1071 1259 596 322 804 812 896 838 4167 4167 
1617 1512 1630 1748 1629 1787 1073 1256 598 321 801 806 895 845 4167 4167 
1518 1476 1494 1620 1674 1754 1070 1254 596 321 797 810 882 840 4166 4166 
1584 1478 1560 1713 1446 1524 1071 1254 597 321 802 804 891 842 4167 4167 
1530 1524 1454 1554 1494 1812 1073 1257 603 321 815 816 917 844 4167 4167 
1549 1472 1466 1542 1858 2056 1070 1254 595 322 801 812 877 1969 4166 4166 
1544 1547 1447 1514 1487 1788 1073 1258 605 321 813 817 893 836 4167 4167 
1528 1469 1437 1501 1555 1463 1073 1252 601 321 803 808 887 845 4167 4167 
1464 1481 1609 1753 1621 1876 1071 1256 603 321 800 802 876 818 4166 4166 
1525 1498 1522 1659 1602 1754 1068 1251 592 321 800 805 877 835 4167 4167 
1632 1460 1405 1522 1561 1889 1069 1257 591 321 809 806 888 835 4166 4166 
1615 1476 2235 2472 2178 2464 1071 1257 600 321 787 794 2074 1952 4166 4166 
1516 1493 1994 2047 1652 2367 1073 1258 599 321 791 799 884 1955 4167 4167 
1471 1516 1421 1538 1602 1807 1070 1257 617 321 806 813 891 829 4167 4167 
1665 1794 1424 1601 1322 1682 1072 1257 608 321 822 830 4167 858 4166 4166 
1502 1505 1431 1529 1470 1798 1073 1258 602 321 805 815 894 843 4167 4167 
1551 1466 1541 1711 1505 1704 1072 1256 596 321 803 806 889 834 4167 4167 
1476 1495 1490 1582 1556 1850 1070 1252 598 320 800 807 879 836 4166 4166 
1620 1495 1758 1868 1593 1468 1071 1254 597 321 794 802 884 847 4166 4166 
1469 1430 1447 1571 1714 1661 1070 1256 596 321 798 800 854 827 4167 4167 
1452 1474 1477 1535 1503 1490 1069 1255 608 321 805 807 896 3 4167 4167 
1547 1528 1859 2087 1848 2001 1072 1253 607 321 801 804 892 1982 4166 4166 
1535 1535 1418 1506 1642 1667 1071 1255 604 321 811 820 892 845 4166 4166 
1543 1484 1818 2080 2418 1869 1070 1254 600 321 801 799 2063 839 4166 4166 
1459 1493 2048 2197 1615 1957 1071 1258 600 321 790 803 888 844 4166 4166 
1576 1526 1416 1582 1543 1763 1069 1255 600 321 807 818 894 847 4167 4167 
1774 2014 2592 2701 2214 2283 1071 1254 1633 321 803 814 2084 1979 4165 4165 
1512 1517 1459 1572 1540 1811 1073 1255 604 321 807 812 880 842 4166 4166 
1500 1482 1493 1683 1669 1709 1071 1256 600 321 804 810 884 843 4166 4166 
1493 1500 1413 1498 1602 1405 1071 1253 604 321 803 809 886 866 4166 4166 
1535 1492 1462 1536 1468 1982 1071 1254 596 321 802 806 892 1974 4167 4167 
1572 1491 1784 1820 1500 1806 1074 1254 600 321 794 811 887 840 4167 4167 
1456 1495 1614 1743 1656 2189 1072 1252 600 321 797 802 878 1958 4167 4167 
1543 1543 1499 1644 1461 1718 1072 1255 603 321 809 810 888 846 4167 4167 
1437 1535 1860 2043 1906 1852 1074 1257 628 321 795 805 884 846 4166 4166 
1555 1582 1430 1525 1527 1742 1071 1255 598 321 812 806 890 850 4166 4166 
1528 1535 1436 1568 1510 1904 1071 1256 598 320 811 812 887 842 4167 4167 
1512 1496 1481 1561 1801 1778 1073 1257 603 321 802 809 879 844 4167 4167 
1688 1508 2006 2317 1774 1643 1072 1253 596 321 799 787 889 854 4166 4166 
1529 1508 1540 1702 1557 1581 1070 1255 598 321 802 808 878 847 4166 4166 
1464 1500 1410 1578 1568 2047 1073 1255 607 321 803 813 889 1968 4166 4166 
1503 1564 1435 1575 1473 1647 1072 1255 613 321 814 822 906 853 4167 4167 
1530 1546 1717 1760 1537 1717 1074 1256 600 321 799 810 885 843 4167 4167 
1617 1487 1890 2108 1506 1759 1071 1257 590 321 788 793 887 838 4167 4167 
1462 1720 1637 1851 1714 1726 1071 1253 618 319 812 811 898 852 4163 4163 
1497 1583 2039 2193 1765 2004 1070 1254 607 320 797 808 889 1973 4165 4165 
1560 1582 1488 1619 1630 1736 1071 1250 608 320 812 817 897 848 4167 4167 
1544 1538 1535 1610 1607 1867 1073 1258 606 321 806 808 890 848 4166 4166 
1461 1539 1507 1548 1484 1997 1071 1254 606 321 803 814 893 1979 4166 4166 
1410 1423 1422 1709 14252 1378 1071 1252 600 320 805 810 885 801 4159 4159 
1618 1788 1415 1537 1468 1678 1072 1256 608 321 813 832 908 848 4166 4166 
1491 1572 1500 1589 1569 1654 1071 1256 609 321 809 807 898 844 4166 4166 
1545 1484 1446 1570 1489 1554 1071 1252 598 321 815 806 894 850 4165 4165 
1553 1509 1510 1646 1719 1776 1071 1256 597 320 800 812 888 836 4166 4166 
1518 1562 1629 1751 1705 1489 1072 1255 610 321 805 801 879 853 4167 4167 
1524 1518 1497 1583 1630 1962 1076 1257 607 320 805 810 894 836 4166 4166 
1464 1478 1454 1554 1460 1654 1071 1254 605 321 802 807 899 835 4166 4166 
1483 1492 1477 1551 1423 1703 1074 1259 606 320 796 813 889 823 4165 4165 
1463 1589 1735 1905 1693 1643 1070 1255 618 321 802 810 873 854 4166 4166 
1498 1530 1440 1518 1471 1924 1072 1256 612 320 817 830 905 850 4165 4165 
1582 1482 1515 1569 1535 1502 1075 1260 597 321 800 805 877 840 4166 4166 
1462 1524 1414 1570 1623 1786 1071 1257 615 321 809 814 893 844 4165 4165 
1507 1961 2114 2117 1886 2311 1070 1253 617 321 802 817 901 1985 4166 4166 
1564 1525 1409 1545 1810 1772 1073 1254 608 321 824 820 885 846 4166 4166 
1516 1533 1638 1818 2141 1957 1070 1254 603 321 797 802 2069 814 4165 4165 
1519 1479 1729 1768 1622 1641 1072 1257 595 321 796 802 623 848 4166 4166 
1554 1756 1614 1801 1746 1826 1071 1258 609 320 809 822 893 852 4166 4166 
1491 1501 1573 1751 1543 1794 1070 1253 604 321 798 804 890 841 4165 4165 
1623 1466 1432 1506 1679 2023 1073 1255 589 321 798 809 881 1966 4165 4165 
1509 1545 1486 1578 1619 1558 1073 1256 601 321 805 805 893 856 4167 4167 
1470 1493 1598 1700 1590 1580 1070 1253 600 321 798 810 881 848 4166 4166 
1600 1478 1410 1533 1556 1874 1072 1257 590 320 807 806 888 833 4166 4166 
1494 1504 1453 1546 1607 1558 1073 1258 601 321 816 811 894 845 4166 4166 
1505 1463 1444 1539 1773 1680 1071 1256 599 320 803 813 892 835 4165 4165 
1566 1508 1428 1567 1631 1606 1074 1252 594 321 800 806 887 840 4165 4165 
1526 1460 1422 1571 1590 1813 1069 1254 590 321 801 800 875 830 4167 4167 
1490 1519 1482 1589 1546 1803 1073 1256 611 320 812 807 892 836 4166 4166 
1571 1466 1486 1547 1499 1766 1071 1255 592 320 798 812 883 842 4166 4166 
1608 1709 1508 1536 1563 1704 1073 1258 605 321 820 822 893 863 4166 4166 
1521 1588 1398 1602 1533 1549 1073 1257 604 321 810 814 894 845 4166 4166 
1500 1685 1753 1891 1675 1688 1069 1255 610 321 804 810 885 850 4165 4165 
1492 1752 1680 1831 1860 1966 1074 1247 623 321 813 817 893 854 4165 4165 
1535 1492 1743 1987 1715 2511 1072 1256 596 321 787 797 874 1944 4167 4167 
1467 1743 2167 2279 1506 1859 1072 1257 620 321 800 812 896 848 4165 4165 
1514 1470 1778 2004 1571 1383 1073 1255 598 321 795 796 885 4165 4165 4165 
1596 1487 1492 1491 1423 1706 1072 1255 595 321 799 819 911 840 4165 4165 
1502 1474 1426 1501 1610 2118 1070 1255 601 321 806 814 886 1973 4165 4165 
1476 1489 1438 1544 1462 1892 1071 1254 604 321 803 809 892 838 4166 4166 
1531 1433 1388 1562 1550 1383 1074 1258 590 320 801 803 876 4165 4165 4165 
1444 1534 1728 1741 1679 1620 1071 1255 615 320 792 812 895 836 4165 4165 
1582 1511 1839 2012 1694 2241 1071 1255 604 319 798 805 882 834 4162 4162 
1459 1538 1644 1723 1705 1577 1074 1253 605 320 799 808 884 832 4166 4166 
1550 1487 2093 2277 1553 2036 1071 1255 589 320 780 786 877 1956 4166 4166 
1567 1478 1465 1560 1532 1681 1071 1256 591 321 800 810 890 844 4165 4165 
1517 1491 1487 1529 1412 1809 1073 1258 598 321 802 803 905 836 4165 4165 
1648 1790 1856 2051 1618 2250 1070 1256 607 321 805 815 906 1968 4167 4167 
1492 1483 1473 1548 1832 1479 1071 1253 605 320 806 807 888 860 4165 4165 
1496 1472 1639 1807 1349 1601 1073 1256 596 321 798 802 917 842 4166 4166 
1509 1460 1395 1544 1482 1651 1070 1252 600 321 801 809 893 842 4166 4166 
1687 2209 2148 2327 2222 2329 1072 1256 612 320 810 811 2096 1980 4165 4165 
1489 1540 2029 2269 1800 1798 1070 1249 611 321 791 798 886 846 4165 4165 
1528 1481 1654 1819 1642 1806 1072 1253 609 320 792 799 878 833 4166 4166 
1529 1475 1498 1608 1519 1591 1071 1257 588 321 797 805 895 838 4165 4165 
1597 1468 1414 1603 1541 1620 1072 1255 593 321 807 800 884 838 4166 4166 
1533 1498 1456 1579 1590 1688 1073 1257 598 320 800 814 884 845 4165 4165 
1582 1734 1969 2140 1654 1547 1071 1256 612 321 803 810 896 859 4167 4167 
1537 1580 1443 1570 1430 1876 1072 1256 605 320 813 813 898 844 4165 4165 
1498 1505 1467 1607 2051 1775 1072 1257 601 320 801 810 883 840 4166 4166 
1517 1562 2007 2213 1550 1565 1070 1256 602 321 798 803 896 850 4166 4166 
1478 1438 1409 1562 1602 1387 1071 1253 591 321 803 804 875 4165 4165 4165 
1517 1575 1526 1605 1610 1696 1073 1255 611 321 807 813 891 858 4165 4165 
1515 1608 1439 1523 1401 1637 1074 1257 602 320 814 812 898 846 4166 4166 
1517 1467 1434 1506 1449 1896 1071 1255 594 320 803 819 887 831 4165 4165 
1478 1478 1444 1587 1361 1478 1071 1254 595 320 802 805 1151 870 4165 4165 
1550 1603 1445 1562 1607 1510 1071 1255 603 320 815 820 886 850 4167 4167 
1501 1497 1407 1567 1477 1549 1074 1256 597 320 808 806 884 838 4165 4165 
1477 1536 1441 1583 1501 1750 1071 1255 609 320 806 811 897 843 4166 4166 
1539 1496 1432 1563 1649 1578 1073 1254 599 319 805 805 884 846 4164 4164 
1560 1504 1499 1582 1413 1771 1074 1258 596 320 801 813 905 839 4166 4166 
1511 1488 1670 1726 1607 2095 1071 1255 604 321 792 805 883 1967 4166 4166 
1546 1486 2011 2024 1761 1779 1069 1253 604 320 793 802 883 848 4165 4165 
1440 1392 1657 1919 1542 1674 1073 1252 587 320 782 782 866 823 4166 4166 
1530 1479 1460 1515 1561 1815 1072 1253 593 321 796 815 876 834 4165 4165 
1518 1466 1425 1538 1709 1678 1073 1255 595 321 796 802 887 835 4167 4167 
1514 1491 1415 1638 1594 1921 1071 1256 600 320 806 816 886 837 4165 4165 
2808 1674 1415 1537 1555 1581 1072 1252 1770 321 819 820 891 863 4166 4166 
1489 1705 1429 1534 1534 1969 1072 1255 609 320 824 814 900 2000 4165 4165 
1504 1500 1490 1602 1672 1746 1074 1259 605 320 805 809 883 843 4165 4165 
1520 2131 1743 1898 1397 1835 1071 1255 617 321 807 818 910 853 4166 4166 
1525 1487 1498 1625 1706 1634 1071 1254 602 321 808 810 882 841 4165 4165 
1517 1846 1946 2201 1489 1667 1073 1255 617 321 804 816 897 834 4165 4165 
1590 1608 2224 2343 1702 2684 1073 1257 598 321 793 806 895 1954 4165 4165 
1537 1500 1445 1519 1427 1719 1072 1249 598 321 809 806 893 838 4165 4165 
1599 1490 1765 1950 1607 1751 1071 1261 588 321 795 794 884 837 4165 4165 
1572 1763 1419 1554 1890 2969 1070 1252 610 321 821 821 890 1959 4166 4166 
1544 1495 1493 1574 1631 1569 1073 1258 598 321 807 807 888 840 4166 4166 
1432 1528 1434 1582 1646 1751 1072 1255 609 321 808 812 887 839 4167 4167 
1555 1554 1491 1612 1812 1792 1071 1257 600 322 801 809 880 846 4166 4166 
1498 1489 1508 1594 1459 1630 1070 1255 605 321 804 810 889 847 4165 4165 
1574 1532 1492 1583 1631 1628 1073 1252 602 320 812 811 885 855 4166 4166 
1546 1542 1713 1884 1651 1838 1071 1255 600 321 795 805 906 830 4165 4165 
1476 1494 1494 1579 1390 1746 1073 1252 600 321 799 813 908 844 4166 4166 
1433 1589 1504 1614 1742 1667 1071 1255 626 321 805 816 892 846 4165 4165 
1541 1452 1515 1542 1857 2029 1073 1252 588 321 794 804 877 1958 4166 4166 
1448 1551 1456 1495 1691 1480 1073 1258 622 321 815 813 890 850 4165 4165 
1493 1641 1415 1535 1538 1748 1070 1254 612 322 820 826 892 853 4165 4165 
1528 1684 1434 1604 1895 1522 1071 1252 610 321 824 814 897 2026 4165 4165 
1524 1498 1422 1546 1642 1581 1073 1254 603 321 807 806 881 842 4167 4167 
1569 1441 1452 1556 1964 1818 1070 1253 590 321 802 805 870 816 4165 4165 
1512 1541 1509 1607 1707 1758 1074 1253 607 321 807 809 890 844 4166 4166 
1543 2093 2014 2154 1919 1694 1072 1257 619 321 811 818 839 859 4165 4165 
1585 1738 1476 1535 1551 1966 1070 1256 604 320 817 828 899 846 4166 4166 
1537 1544 1477 1651 1416 1731 1073 1257 602 320 804 808 903 846 4166 4166 
1558 2028 1862 2103 1987 1995 1072 1253 615 321 813 819 905 1998 4167 4167 
1562 1651 1432 1536 1781 1508 1073 1253 605 321 817 816 892 855 4166 4166 
1564 1451 1464 1642 1558 1672 1072 1257 590 321 800 802 883 0 4165 4165 
1490 1705 1407 1521 1516 1804 1070 1256 612 321 821 821 906 845 4167 4167 
1491 1509 1641 1829 1647 1704 1072 1254 608 321 793 809 891 837 4166 4166 
1499 1463 1443 1561 1543 1744 1072 1255 603 321 795 805 883 836 4165 4165 
1608 1497 1450 1550 1492 1638 1077 1257 590 320 812 807 887 839 4167 4167 
1547 1473 1517 1638 1516 1619 1069 1251 594 321 787 802 888 835 4167 4167 
1864 1522 1962 2134 1795 2065 1071 1257 1625 321 812 810 889 1982 4166 4166 
1515 1666 1425 1610 1481 1535 1073 1256 605 320 809 815 909 857 4167 4167 
1594 1498 1382 1523 1517 1870 1073 1258 593 320 801 811 898 843 4165 4165 
1500 1484 1476 1524 1470 1654 1070 1254 603 321 804 814 897 844 4167 4167 
1548 1481 1458 1564 1346 1576 1073 1258 600 321 810 820 926 847 4167 4167 
1547 1510 1498 1546 1462 1970 1069 1255 595 321 810 815 893 836 4167 4167 
1707 1881 1842 2050 2290 2703 1071 1253 607 320 813 815 2072 1963 4166 4166 
1487 1498 1484 1579 1610 1779 1071 1254 606 320 806 808 892 841 4166 4166 
1568 1411 1837 2053 1625 1608 1071 1254 579 320 778 783 873 836 4166 4166 
1562 1429 1659 1877 1667 2269 1071 1254 585 320 786 784 866 1942 4166 4166 
1538 1494 1861 1924 1585 2038 1073 1254 600 320 796 803 889 1968 4166 4166 
1782 1712 1914 2094 2415 3144 1073 1250 601 320 801 809 2076 1955 4167 4167 
1538 1516 1437 1523 1623 1829 1075 1258 598 320 811 810 887 845 4165 4165 
1523 1507 1651 1887 1517 1956 1072 1256 602 321 801 802 896 836 4165 4165 
1498 1559 1401 1579 1412 1795 1071 1255 607 320 811 813 912 841 4167 4167 
1467 1526 1444 1574 1539 1683 1070 1253 611 320 808 820 899 845 4167 4167 
1532 1536 1441 1526 1738 1579 1072 1256 604 320 815 814 882 850 4166 4166 
1495 1438 1474 1548 1577 1779 1072 1259 601 321 799 808 878 832 4165 4165 
1496 1703 1744 1847 1498 1623 1071 1257 608 321 806 815 899 848 4166 4166 
1504 1521 1410 1575 1402 1493 1071 1257 593 321 804 808 889 838 4166 4166 
1581 1542 1460 1587 1539 1695 1071 1257 600 321 810 812 890 840 4165 4165 
1566 1536 1514 1684 1623 1607 1074 1250 594 321 806 807 891 845 4166 4166 
1516 1550 1571 1663 1320 2146 1071 1255 600 321 805 810 4165 1963 4165 4165 
1505 1690 1543 1718 1521 1806 1071 1255 608 321 812 817 901 847 4167 4167 
1512 1507 1861 1978 1685 1882 1074 1255 599 320 790 798 873 842 4166 4166 
1616 1534 1615 1800 1878 2488 1074 1250 600 321 805 812 890 1956 4166 4166 
1553 1522 1497 1575 1438 1784 1070 1255 608 320 808 808 891 833 4165 4165 
1613 1455 1795 2009 1665 2090 1072 1258 594 320 791 792 882 1968 4166 4166 
1533 1540 1443 1585 1703 1556 1071 1254 601 321 810 810 886 854 4166 4166 
1496 1519 1455 1540 1516 1557 1074 1258 609 320 806 813 889 849 4166 4166 
1580 1508 1470 1590 1554 1785 1071 1258 599 320 803 810 892 840 4167 4167 
1537 1504 1451 1545 1379 1813 1071 1250 604 320 804 810 922 842 4166 4166 
1522 1535 1423 1522 1705 1833 1072 1254 598 320 809 816 880 1901 4166 4166 
1488 1464 1442 1487 1817 1388 1072 1258 604 320 806 820 873 4165 4165 4165 
1540 1548 1888 2055 1546 1606 1072 1254 603 320 791 800 885 851 4165 4165 
1509 1482 1474 1571 1622 1636 1071 1254 597 320 793 805 888 840 4166 4166 
1564 1581 1495 1596 1638 1838 1070 1255 599 320 812 808 888 842 4165 4165 
1543 1514 1468 1575 1675 1847 1070 1256 598 320 809 809 886 838 4166 4166 
1604 1686 1743 1898 1551 1803 1069 1258 603 320 806 811 897 845 4167 4167 
1643 1505 1612 1657 1763 1671 1073 1260 599 321 801 810 874 842 4167 4167 
1572 1980 1996 2150 1442 1798 1071 1256 615 321 816 808 916 857 4166 4166 
1500 1500 1486 1570 1621 1695 1074 1257 596 321 801 805 876 833 4166 4166 
1543 1733 1887 2081 2743 2149 1071 1250 610 320 809 815 2073 1971 4167 4167 
1485 1463 1391 1533 1492 1798 1069 1256 603 320 800 807 885 836 4166 4166 
1480 1506 1433 1538 1409 1566 1073 1260 605 320 808 809 890 855 4166 4166 
1580 1501 1474 1505 1689 2093 1070 1247 594 321 808 814 879 1965 4166 4166 
1580 1537 1502 1661 1493 1589 1073 1257 601 320 814 803 898 857 4166 4166 
1558 1485 1508 1609 1509 1872 1072 1254 598 321 810 814 897 844 4166 4166 
1508 1881 1901 2141 1583 1610 1071 1256 613 321 811 811 903 869 4167 4167 
1524 1494 1405 1527 1514 1828 1070 1255 600 321 808 815 895 835 4165 4165 
1506 1689 1485 1590 1488 1719 1073 1250 608 321 815 822 901 850 4165 4165 
1538 1500 1215 1298 1587 1811 1070 1258 602 321 4167 4167 881 841 4167 4167 
1541 1517 1484 1571 1736 1815 1070 1256 604 321 799 806 878 840 4166 4166 
1525 1534 1462 1544 2263 2135 1072 1257 600 320 802 811 2065 1973 4166 4166 
1652 1460 1908 2138 1453 1565 1070 1255 587 320 788 795 896 841 4165 4165 
1464 1573 1566 1751 1531 1826 1071 1253 614 320 812 809 890 839 4166 4166 
1448 1519 1438 1511 1718 1872 1071 1251 616 320 797 820 887 833 4167 4167 
1501 1566 1390 1561 1563 1624 1074 1254 602 321 807 817 891 841 4165 4165 
1531 1571 1440 1645 1585 1718 1073 1255 608 321 812 812 902 849 4167 4167 
1539 1506 1412 1572 1455 1780 1072 1254 603 320 801 804 886 818 4166 4166 
1481 1510 1752 1848 1440 1620 1074 1258 609 320 797 805 896 842 4165 4165 
1519 1521 1426 1483 1633 1547 1070 1256 601 321 808 812 879 842 4166 4166 
1543 1766 1533 1673 1696 1891 1072 1257 613 321 815 826 897 845 4166 4166 
1516 1510 1529 1662 1545 1719 1073 1254 598 321 803 805 894 840 4166 4166 
1592 1590 1422 1568 1658 1621 1071 1258 602 321 814 812 886 852 4166 4166 
1506 1474 1486 1615 1547 1613 1071 1250 594 320 796 804 881 835 4166 4166 
1544 1484 1385 1557 1501 1541 1072 1256 598 321 809 809 887 843 4166 4166 
1534 1496 1767 1962 1754 1565 1073 1250 597 321 795 798 882 846 4166 4166 
1521 1511 1677 1655 1608 1962 1071 1257 596 320 790 811 885 837 4166 4166 
1513 1511 1431 1533 1745 1545 1071 1255 603 321 797 812 886 839 4167 4167 
1684 1472 1480 1623 1586 1516 1072 1250 594 320 799 804 882 846 4167 4167 
1555 1478 1429 1573 1448 1642 1073 1255 601 321 801 806 903 840 4166 4166 
1585 1554 1465 1555 1707 1555 1072 1254 600 321 813 820 885 848 4166 4166 
1483 1541 1441 1599 1645 2161 1070 1256 608 320 813 809 887 1975 4165 4165 
1525 1543 1507 1578 1518 1686 1073 1254 602 320 805 813 891 842 4166 4166 
1490 1522 2345 2554 1765 2199 1071 1256 612 321 788 800 887 1967 4166 4166 
1469 1493 1434 1552 1982 2051 1071 1252 602 321 800 810 878 1975 4165 4165 
1528 1535 1527 1699 1511 1721 1069 1253 598 321 808 805 889 840 4166 4166 
1534 1617 1454 1518 1719 1444 1072 1256 602 321 812 813 891 857 4166 4166 
1576 1545 1419 1579 1670 1583 1071 1256 598 321 809 818 892 852 4165 4165 
1585 1470 1419 1552 1532 1712 1073 1257 597 321 811 807 893 838 4166 4166 
1515 1719 1666 1725 1442 1985 1071 1257 608 321 807 816 904 844 4165 4165 
1522 1512 2987 3189 1935 5322 1071 1255 610 320 791 794 892 1937 4166 4166 
1519 1727 1493 1548 1637 1761 1074 1259 613 321 816 825 2083 856 4166 4166 
1513 1554 1465 1580 1637 1850 1073 1254 600 321 804 806 892 841 4166 4166 
1498 1487 1398 1595 1487 1589 1073 1254 601 320 813 812 889 837 4165 4165 
1487 1501 1619 1681 1724 1570 1075 1259 602 321 794 812 881 847 4166 4166 
1542 1530 1671 1825 1504 1741 1072 1257 604 321 788 807 898 845 4166 4166 
1549 1556 1522 1528 1488 1637 1070 1254 599 321 812 813 889 846 4166 4166 
1524 1498 1461 1550 1403 1899 1067 1260 595 321 806 812 907 836 4166 4166 
1516 1874 1906 2026 1595 2031 1070 1245 618 321 809 813 913 1981 4166 4166 
1490 1814 1423 1538 1535 1766 1071 1255 616 321 822 823 905 851 4166 4166 
1506 1502 1627 1810 1598 1705 1071 1252 602 321 798 797 883 847 4166 4166 
1544 1513 1785 2007 1567 1817 1071 1257 594 321 796 803 887 843 4165 4165 
1543 1496 2078 2203 1900 2040 1071 1254 598 322 796 798 878 1973 4167 4167 
1495 1477 1581 1685 1709 1748 1074 1255 595 321 797 801 881 836 4165 4165 
1545 1498 1731 1847 1438 1677 1070 1255 599 321 793 800 890 835 4166 4166 
1487 1536 1412 1562 1402 1650 1073 1252 607 321 812 817 900 843 4166 4166 
1575 1531 1453 1477 1591 1833 1074 1259 596 320 808 817 885 835 4166 4166 
1725 1723 1735 1867 1892 1826 1071 1255 604 320 807 813 899 855 4167 4167 
1636 1997 1704 1767 1952 2396 1070 1252 610 320 818 817 2086 1976 4165 4165 
1532 1477 2151 2595 2394 2000 1073 1261 596 321 790 788 2053 829 4167 4167 
1563 2198 1404 1500 1701 1940 1071 1257 615 321 825 833 904 853 4166 4166 
1524 1538 1838 1987 1696 3735 1070 1254 599 321 798 804 897 1937 4166 4166 
1536 1541 1444 1595 1613 1560 1074 1258 602 321 808 810 890 858 4166 4166 
1459 1463 1545 1611 1386 1769 1071 1255 612 320 798 806 888 832 4167 4167 
1525 1540 1729 1843 1868 2523 1070 1255 604 321 798 809 887 1948 4165 4165 
1515 1587 1530 1648 1695 1871 1072 1254 612 320 815 817 886 772 4165 4165 
1556 1487 1874 1958 1738 1490 1071 1252 595 321 787 804 896 849 4167 4167 
1553 1493 1534 1591 1694 1647 1072 1257 597 321 796 810 888 846 4166 4166 
1522 1521 1448 1535 1473 1735 1074 1257 601 321 812 809 887 842 4166 4166 
1541 1532 1496 1639 1514 1832 1075 1256 607 320 803 802 891 834 4165 4165 
1554 1532 1591 1695 1679 1746 1073 1258 601 320 802 803 883 841 4166 4166 
1449 1496 1431 1545 1684 1517 1071 1257 611 321 806 811 883 847 4167 4167 
1467 1522 1443 1573 1472 1546 1074 1255 608 320 807 820 887 852 4166 4166 
1516 1665 1466 1575 1657 1631 1071 1254 602 321 815 819 897 848 4166 4166 
1696 1489 1438 1531 1483 1520 1072 1258 593 320 801 815 905 842 4165 4165 
1564 1483 1551 1673 1669 1600 1070 1257 596 320 806 806 878 835 4166 4166 
1524 1496 1511 1678 1570 1687 1072 1252 601 320 800 807 882 845 4166 4166 
1583 1491 1374 1582 1647 1698 1071 1253 1431 320 808 804 819 831 4166 4166 
1516 1528 1756 1906 1569 1559 1072 1254 608 320 804 800 890 858 4167 4167 
1547 1546 1650 1817 1716 2065 1073 1255 601 321 802 803 889 590 4166 4166 
1522 1541 1519 1613 1437 2006 1071 1254 602 321 809 813 898 1981 4165 4165 
1531 1538 1428 1526 1551 1629 1071 1255 602 320 809 815 898 843 4165 4165 
1557 1492 1446 1561 1415 1759 1071 1252 595 320 812 810 886 843 4167 4167 
1516 1556 1668 1870 1601 1765 1074 1259 605 320 805 807 892 841 4166 4166 
1515 1589 1601 1671 1476 1825 1072 1257 605 320 803 809 893 847 4166 4166 
1507 1533 1419 1535 1566 1699 1073 1253 597 321 804 813 887 842 4166 4166 
1487 1583 1409 1562 1415 1800 1074 1254 609 320 808 815 902 845 4166 4166 
1489 1479 1586 1743 1498 1566 1071 1255 596 320 801 804 883 855 4166 4166 
1533 1485 1526 1639 1522 1782 1071 1254 600 320 798 812 878 832 4167 4167 
1559 1529 1650 1757 1498 1838 1074 1258 599 320 801 812 893 842 4166 4166 
1499 1370 1447 1575 1452 1756 1071 1256 575 320 777 785 890 813 4166 4166 
1485 1521 1632 1885 1604 2071 1072 1255 598 321 796 800 894 1975 4166 4166 
1504 1650 1451 1517 1373 1505 1069 1254 605 321 807 824 906 846 4167 4167 
1531 1489 1486 1499 1554 1823 1074 1254 598 320 801 805 889 838 4167 4167 
1601 1790 2066 2308 1811 1784 1073 1257 605 320 807 806 890 853 4166 4166 
1472 1504 1483 1624 1324 1765 1074 1263 613 320 808 816 4166 842 4166 4166 
1570 1470 1515 1598 1483 1583 1071 1253 589 321 794 805 883 828 4167 4167 
1521 1497 1514 1564 1796 1655 1071 1255 596 321 797 802 852 837 4166 4166 
1497 1614 1710 1855 1454 1610 1074 1253 607 320 804 807 892 842 4166 4166 
1493 1530 1431 1546 1494 1570 1071 1253 605 321 811 808 879 843 4165 4165 
1574 1511 1397 1522 1659 1439 1071 1256 596 321 808 817 892 850 4166 4166 
1481 1502 1432 1591 1621 1543 1071 1255 605 321 807 804 882 848 4166 4166 
1509 1536 1455 1559 1495 1773 1073 1257 611 321 812 815 902 853 4166 4166 
1593 1607 1422 1531 1711 1850 1071 1255 599 321 816 822 898 841 4166 4166 
1554 1480 1473 1544 1463 1844 1073 1257 600 321 807 806 889 853 4166 4166 
1517 1644 1773 1854 1568 1966 1070 1258 614 321 808 810 886 843 4167 4167 
1518 1718 2008 2217 1685 2335 1071 1253 613 320 803 814 898 1971 4165 4165 
1470 2058 1418 1595 1476 1814 1074 1248 622 321 828 819 906 860 4166 4166 
1542 1463 1558 1698 1590 1776 1070 1254 592 320 803 801 880 833 4166 4166 
1550 1626 1437 1545 1612 1677 1071 1253 602 320 814 822 895 844 4165 4165 
1561 1461 1476 1616 1574 2014 1070 1256 595 321 805 806 884 1967 4166 4166 
1500 1524 1413 1567 1532 1718 1071 1254 605 321 814 813 901 845 4166 4166 
1518 1470 1513 1568 1465 1941 1072 1257 597 320 797 809 901 833 4166 4166 
1454 1487 1405 1543 1543 1581 1071 1253 615 320 812 816 883 847 4166 4166 
1453 1470 1441 1522 1580 1658 1068 1257 600 320 802 808 885 825 4166 4166 
1465 1474 1436 1564 1351 1445 1070 1261 612 320 805 810 899 855 4166 4166 
1502 1497 1836 1990 1695 1887 1070 1251 605 320 795 803 884 833 4166 4166 
1525 1719 1960 2071 1691 2177 1074 1258 616 320 808 811 892 1968 4166 4166 
1649 1583 1665 1885 1786 2362 1071 1255 598 321 802 806 892 1962 4167 4167 
1536 1533 1417 1499 1463 1734 1073 1255 604 321 809 820 895 2202 4167 4167 
1490 1522 1418 1583 1653 1699 1071 1256 606 320 813 813 887 850 4165 4165 
1535 1944 2109 2274 1561 1814 1071 1255 617 321 812 817 901 865 4167 4167 
1502 1495 1475 1613 1743 2014 1071 1254 603 321 803 813 885 834 4166 4166 
1461 1530 1468 1632 1609 1588 1071 1254 608 321 812 806 883 842 4166 4166 
1504 1529 1677 1854 1462 1883 1071 1255 604 321 799 811 910 843 4167 4167 
1504 1534 1462 1524 1631 1714 1071 1261 600 320 816 812 887 846 4166 4166 
1456 1563 1447 1526 1423 1789 1073 1256 613 320 810 820 892 839 4166 4166 
1410 1418 1998 2622 12625 1379 1072 1250 369 321 833 819 882 4167 4166 4166 
1624 1647 1439 1514 1711 1667 1071 1254 601 321 819 811 887 853 4167 4167 
1502 2087 2335 2351 2307 2908 1071 1255 618 320 808 819 2083 1973 4166 4166 
1432 1493 1505 1535 1615 1863 1069 1257 619 321 803 815 885 842 4165 4165 
1741 1992 2296 2412 2460 3831 1071 1254 604 321 794 814 2081 1950 4167 4167 
1543 1491 1830 1980 1519 1644 1069 1255 592 321 795 796 868 836 4166 4166 
1508 1479 1513 1571 1599 1729 1072 1252 598 321 808 810 886 837 4165 4165 
1572 1498 1480 1559 1522 1851 1071 1254 598 321 810 818 887 839 4166 4166 
1515 1509 1442 1535 1647 1722 1073 1256 600 320 806 815 888 841 4167 4167 
1554 1448 1432 1527 1454 2294 1076 1259 589 320 789 808 883 1946 4166 4166 
1542 1475 1437 1591 1472 1736 1073 1256 598 321 804 815 889 843 4166 4166 
1518 1535 1416 1519 1907 1869 1071 1257 599 321 805 815 1055 843 4166 4166 
1500 1665 1493 1611 1629 1584 1072 1255 609 321 807 818 889 869 4166 4166 
1582 1482 1892 2046 1631 2654 1071 1256 597 321 792 795 883 1949 4167 4167 
1504 1561 1469 1604 1918 2026 1071 1255 610 320 806 813 888 1977 4165 4165 
1478 1485 1486 1628 1610 2062 1070 1253 598 320 799 801 887 1971 4166 4166 
1510 1768 1633 1642 1370 1613 1071 1254 613 321 810 828 910 852 4166 4166 
1491 1514 1452 1539 1683 1693 1073 1256 600 321 802 807 878 838 4166 4166 
1499 1505 1421 1583 1731 1542 1074 1257 604 321 803 807 880 840 4166 4166 
1644 1541 1655 1766 2031 2263 1072 1254 596 321 806 808 2075 1969 4167 4167 
1501 1519 1523 1639 2039 1868 1070 1253 603 322 802 807 879 841 4166 4166 
1525 1798 1856 2049 1695 1926 1073 1258 617 321 811 810 899 840 4166 4166 
1547 1506 1426 1546 1461 1828 1071 1255 595 321 808 815 888 836 4165 4165 
1497 1734 2008 2308 2129 1834 1070 1254 616 321 810 805 2078 847 4166 4166 
1496 1509 1460 1584 1491 1823 1073 1257 597 320 802 812 901 838 4166 4166 
1474 1477 1443 1574 1740 2257 1071 1256 600 320 808 806 888 1959 4166 4166 
1488 1489 1701 1802 1958 1751 1071 1254 601 320 797 804 879 839 4166 4166 
1512 1477 1477 1599 1553 1514 1071 1257 605 321 811 812 884 845 4166 4166 
1520 1537 1576 1710 1488 1514 1074 1255 598 321 804 806 887 852 4165 4165 
1496 1801 2014 2125 1443 1982 1071 1257 612 321 802 816 905 1987 4166 4166 
1510 1522 1418 1548 1540 1707 1073 1254 603 321 808 809 893 837 4167 4167 
1504 1534 1500 1595 1737 1766 1072 1255 603 320 802 807 891 841 4166 4166 
1626 1866 2426 2726 1421 1760 1073 1254 613 321 807 808 912 2210 4166 4166 
1557 1583 1463 1566 1450 1654 1073 1255 601 321 814 820 893 844 4166 4166 
1544 1481 1441 1516 1558 1532 1072 1255 605 320 797 815 885 840 4167 4167 
1533 1514 1419 1530 1626 1781 1073 1260 603 321 812 816 886 848 4167 4167 
1581 1489 1889 2110 1540 1670 1075 1250 596 321 794 800 887 836 4166 4166 
1468 1496 1590 1686 1538 1880 1071 1254 609 320 801 811 886 845 4166 4166 
1501 1506 1558 1660 1781 1824 1071 1255 605 320 806 809 855 846 4166 4166 
1518 1488 1529 1567 1703 1512 1074 1255 602 320 798 806 873 870 4166 4166 
1504 1493 1439 1647 1541 1754 1070 1249 601 321 809 800 880 839 4166 4166 
1747 1515 1790 2040 2011 1975 1073 1252 1617 321 795 801 889 1974 4166 4166 
1524 1525 1472 1573 1470 1926 1070 1255 601 321 806 813 840 832 4166 4166 
1487 1731 1486 1617 1433 1980 1071 1254 612 320 815 818 904 1988 4167 4167 
1550 1485 1517 1662 1576 1745 1071 1254 597 320 802 804 870 841 4165 4165 
1518 1698 1469 1555 1491 2190 1070 1254 607 320 815 817 894 1962 4166 4166 
1594 1951 1489 1676 1560 1541 1072 1255 614 320 818 820 902 859 4167 4167 
1591 1489 1511 1532 1673 1647 1072 1256 597 320 805 808 884 839 4166 4166 
1499 1535 1698 1852 1603 1717 1070 1255 606 320 805 811 892 844 4166 4166 
1660 1455 1478 1559 1701 2319 1071 1255 587 320 794 810 889 1951 4166 4166 
1477 1506 1427 1587 1474 1573 1071 1254 604 320 811 801 892 845 4166 4166 
1604 1611 2269 2470 1625 2482 1070 1260 598 320 791 807 886 1957 4167 4167 
1589 1490 1565 1729 1663 1631 1073 1255 594 320 802 809 880 847 4166 4166 
1552 1495 1481 1546 1647 1602 1071 1259 595 321 809 815 885 840 4166 4166 
1587 1759 1728 1835 1571 2045 1073 1259 600 321 800 819 896 845 4167 4167 
1642 1986 1541 1674 1605 2168 1071 1255 610 321 801 819 910 1988 4166 4166 
1511 1487 1706 1810 1932 1727 1072 1255 601 321 794 799 874 833 4166 4166 
1476 1453 1399 1544 1934 1594 1071 1257 601 321 806 809 875 849 4166 4166 
1483 1502 1482 1565 1452 1476 1074 1254 601 321 803 808 891 845 4167 4167 
1545 1517 1446 1571 1723 2023 1074 1255 603 321 808 809 893 1970 4166 4166 
1522 1500 1488 1642 1394 1784 1071 1253 600 320 804 800 896 842 4167 4167 
1488 1514 1501 1590 1652 1962 1071 1253 608 321 805 810 898 840 4166 4166 
1575 1498 1443 1477 1653 1953 1072 1258 600 321 805 813 890 837 4167 4167 
1616 1926 2054 2170 1990 2632 1073 1256 612 321 805 816 900 1965 4166 4166 
1558 1503 1435 1475 1620 1598 1073 1255 598 321 804 812 878 833 4166 4166 
1537 1666 1408 1527 1930 1767 1071 1258 607 320 816 824 889 852 4167 4167 
1542 1540 1440 1524 1423 1866 1071 1254 603 321 803 813 889 836 4165 4165 
1562 1632 1899 2023 2003 5442 1073 1257 603 321 800 803 889 1938 4167 4167 
1464 1609 1901 1969 1604 1802 1074 1256 618 320 797 805 897 841 4166 4166 
1515 1504 1442 1558 1718 1866 1069 1260 530 320 806 813 883 838 4165 4165 
1645 1483 1496 1631 1435 1912 1070 1254 590 321 801 800 893 837 4166 4166 
1491 1645 1455 1520 1521 1627 1071 1256 610 320 812 817 901 852 4165 4165 
1471 1516 1629 1737 1494 1551 1073 1252 600 321 799 807 895 856 4166 4166 
1541 1502 1457 1548 1519 1735 1073 1257 597 321 813 812 884 836 4166 4166 
1598 1509 1455 1546 1605 1674 1073 1255 591 320 800 808 886 839 4166 4166 
1504 1463 1470 1553 1560 1617 1073 1254 591 321 795 809 887 836 4166 4166 
1601 1535 2036 2189 1668 1582 1073 1255 599 320 794 802 881 842 4166 4166 
1614 1476 1435 1528 1507 1618 1067 1251 593 320 811 812 895 838 4167 4167 
1469 1470 1470 1625 1575 1883 1070 1255 601 320 803 807 886 831 4167 4167 
1530 1646 1487 1571 1691 1671 1073 1255 605 321 807 817 892 850 4167 4167 
1512 1492 1436 1578 1574 1730 1074 1258 601 320 806 809 878 855 4167 4167 
1509 1508 1410 1537 1380 1654 1073 1258 596 320 801 809 886 839 4167 4167 
1519 1500 1438 1541 1630 1553 1072 1258 600 321 815 813 885 851 4166 4166 
1526 2252 1485 1614 1588 1722 1071 1255 617 321 822 833 905 856 4167 4167 
1548 1548 1479 1563 1362 1850 1075 1261 601 321 810 820 907 850 4165 4165 
1558 1480 1456 1572 1512 1618 1070 1253 602 321 810 809 898 839 4166 4166 
1491 1487 1547 1700 1444 1541 1075 1257 608 320 805 805 889 845 4167 4166 
1602 1498 1478 1514 1435 1910 1074 1258 598 320 807 815 887 839 4166 4166 
1554 1527 1423 1532 1457 1563 1071 1257 596 320 807 818 884 844 4166 4166 
1582 1462 1529 1614 1438 1575 1070 1255 590 321 802 801 897 842 4166 4166 
1544 1644 1402 1537 1603 1541 1071 1252 604 321 818 824 894 853 4166 4166 
1540 1942 1937 2176 1668 1748 1074 1257 614 321 810 815 898 854 4165 4165 
1584 1734 1678 1882 1974 2242 1072 1255 606 321 810 806 887 1981 4167 4167 
1497 1493 1402 1572 1538 1810 1073 1257 595 321 800 809 884 833 4166 4166 
1429 1547 1447 1496 1718 1691 1072 1256 621 321 811 817 887 841 4167 4167 
1584 1490 1569 1649 1612 1571 1072 1254 593 320 801 811 889 843 4166 4166 
1502 1495 1647 1850 1625 1706 1071 1256 598 321 792 797 883 837 4166 4166 
1585 1504 1695 1889 1698 2159 1070 1253 597 321 798 804 883 1972 4166 4166 
1556 1399 1511 1557 1499 1600 1073 1257 580 320 790 798 873 833 4166 4166 
1544 1611 1467 1547 1647 1676 1071 1254 613 320 814 823 894 855 4167 4167 
1512 1538 1463 1603 1739 1583 1073 1254 605 320 812 811 812 847 4165 4165 
1519 1494 2013 2236 1647 1934 1069 1257 604 320 790 797 886 837 4166 4166 
1529 1515 1615 1767 1557 1567 1072 1255 598 320 798 799 886 850 4166 4166 
1560 1391 1438 1518 1708 1558 1073 1255 604 319 807 809 884 843 4161 4161 
1588 1510 1461 1554 1713 1966 1069 1246 598 321 801 817 881 1972 4166 4166 
1486 1512 1592 1636 1399 1867 1071 1256 608 319 801 808 907 834 4165 4165 
1560 1582 1461 1573 1466 1504 1070 1250 605 320 808 814 905 864 4167 4167 
1510 1784 1683 1782 1549 1693 1071 1256 607 320 811 813 904 852 4167 4167 
1576 1857 1857 2225 1627 2374 1070 1253 619 321 814 812 895 1972 4166 4166 
1432 1480 1458 1496 1448 1598 1071 1254 633 277 755 769 843 786 4166 4166 
1518 1497 1526 1681 1610 1643 1068 1251 605 321 802 801 887 843 4165 4165 
1464 1484 1413 1589 1580 1549 1071 1253 604 321 792 804 882 845 4166 4166 
1468 1749 1800 1896 1541 2030 1073 1256 616 322 802 808 898 854 4165 4165 
1513 1396 1740 1812 1525 1666 1071 1254 582 321 780 787 871 829 4166 4166 
1520 1487 1538 1729 1693 1852 1072 1255 600 321 798 805 146 836 4166 4166 
1537 1519 1396 1574 1546 1734 1073 1257 602 321 813 812 824 848 4166 4166 
1496 2160 1966 2122 1621 1551 1071 1255 618 320 810 820 906 864 4167 4167 
1538 1639 1401 1519 1535 1612 1072 1250 610 320 818 818 902 853 4166 4166 
1568 1574 1478 1617 1425 1564 1071 1255 600 320 811 811 901 870 4166 4166 
1509 1633 1525 1573 1684 1759 1071 1254 609 320 805 813 890 844 4165 4165 
1609 1625 1882 1956 1722 1991 1071 1256 604 321 799 819 895 849 4167 4167 
1519 1526 1424 1530 1478 2117 1071 1256 597 321 809 816 890 1966 4166 4166 
1542 1602 1216 1311 1620 2816 1071 1256 605 320 4166 4166 892 1945 4166 4166 
1577 1952 1870 2035 1955 1890 1072 1257 616 321 816 814 895 851 4166 4166 
1540 1547 1494 1633 1601 1693 1071 1254 604 320 816 814 894 849 4166 4166 
1540 1513 1509 1589 1473 1821 1071 1255 598 320 803 810 890 838 4165 4165 
1501 1494 1650 1768 1710 1666 1071 1254 606 320 794 804 881 840 4167 4167 
1542 1486 1421 1554 1607 1671 1071 1255 602 321 809 810 893 835 4165 4165 
1548 1478 1539 1604 1746 1767 1071 1256 595 320 797 802 881 837 4166 4166 
1525 1482 1433 1565 1462 1775 1073 1260 593 320 810 811 888 838 4166 4166 
1550 1500 1506 1623 1500 1685 1074 1261 602 320 802 809 883 844 4166 4166 
1474 1548 1541 1705 1579 2063 1073 1258 617 320 807 811 889 1967 4166 4166 
1508 1499 1418 1610 1694 1759 1072 1255 599 319 811 806 883 841 4165 4165 
1490 1511 1407 1499 1511 1764 1070 1255 599 320 812 809 902 837 4167 4167 
1489 1487 1752 2022 2063 1879 1074 1253 599 320 792 798 878 836 4166 4166 
1516 1490 2430 2467 1468 2254 1071 1253 596 320 750 798 888 1965 4166 4166 
1569 1501 1473 1598 1552 1819 1070 1247 598 320 801 810 889 835 4166 4166 
1480 1488 1441 1563 1537 1530 1071 1257 599 321 807 818 893 847 4167 4167 
1510 1486 1737 1989 1750 1820 1070 1258 604 320 794 801 886 842 4166 4166 
1456 1521 1698 1802 1643 1613 1072 1254 610 320 802 803 885 853 4165 4165 
1542 1526 1410 1546 1748 1820 1073 1256 597 321 808 812 878 840 4166 4166 
1533 1474 1454 1585 1442 2028 1071 1254 601 321 800 809 891 834 4166 4166 
1560 1545 1407 1526 1534 1502 1073 1254 606 320 810 816 893 849 4166 4166 
1591 1855 1602 1683 1764 1526 1071 1253 613 320 816 825 897 836 4166 4166 
1483 1555 1482 1586 1722 1777 1071 1255 602 321 814 813 886 845 4166 4166 
1536 1503 1496 1647 1534 1719 1071 1255 597 320 805 807 889 848 4166 4166 
1565 1501 1463 1563 1674 2083 1071 1256 599 321 802 820 887 1966 4166 4166 
1510 1466 1452 1571 1656 1718 1073 1256 594 320 804 804 881 838 4166 4166 
1575 1462 1696 1889 1940 2292 1071 1255 593 320 799 795 878 1962 4166 4166 
1440 1547 1457 1515 2201 1860 1071 1255 616 321 815 812 2072 844 4167 4167 
1558 1537 1543 1661 1576 1630 1071 1257 598 320 799 807 890 841 4167 4167 
1631 1497 1753 1833 1455 1765 1069 1256 596 321 791 806 891 843 4166 4166 
1495 1458 1774 1924 1510 1821 1070 1252 604 321 789 799 882 834 4166 4166 
1539 1477 1525 1580 1506 1429 1072 1254 601 320 802 813 871 873 4166 4166 
1514 1735 1847 2027 1805 1754 1073 1256 609 320 796 810 889 841 4166 4166 
1565 1494 1474 1525 1782 2309 1070 1257 590 320 800 800 873 1956 4166 4166 
1641 1790 1905 2115 1693 1778 1072 1251 609 321 810 809 895 855 4166 4166 
1490 1486 1708 1850 1569 1948 1072 1254 608 321 793 802 887 836 4166 4166 
1490 1479 1428 1522 1590 1986 1071 1255 602 321 804 812 876 832 4167 4167 
1526 1497 1465 1577 1581 1934 1070 1257 603 320 802 809 887 833 4166 4166 
1464 1444 1518 1683 1621 1581 1071 1256 597 320 797 796 879 842 4167 4167 
1512 1522 1527 1596 1387 1580 1071 1253 601 320 806 816 894 860 4166 4166 
1636 1658 1517 1604 1694 1776 1072 1251 601 320 804 820 895 850 4166 4166 
1519 1540 1498 1535 1653 1767 1071 1256 535 320 809 819 888 847 4166 4166 
1493 1489 1451 1556 1906 1612 1073 1253 605 320 808 812 883 842 4166 4166 
1528 1489 1436 1547 1325 1833 1070 1255 604 320 814 818 4166 834 4166 4166 
1580 1514 1706 1790 1734 1822 1074 1256 595 320 795 788 880 834 4166 4166 
1571 1506 1724 1882 1527 1533 1072 1257 599 320 797 798 892 827 4167 4167 
1516 1487 1468 1614 1721 1824 1071 1255 604 320 799 803 886 833 4166 4166 
1493 1596 1498 1605 1339 1860 1071 1253 610 319 812 827 913 841 4164 4164 
1571 1608 1739 1810 1706 1822 1071 1257 598 320 793 813 891 840 4165 4165 
1611 1450 1481 1611 1480 1823 1071 1253 596 321 806 803 894 840 4166 4166 
1467 1532 1564 1657 1704 1607 1073 1256 610 320 806 808 888 846 4166 4166 
1555 1507 1488 1617 1639 1854 1072 1259 596 320 806 809 884 840 4165 4165 
1476 1530 1455 1626 1525 1683 1072 1253 608 320 807 814 893 844 4167 4167 
1604 1512 1504 1663 1553 1710 1071 1257 597 320 804 810 891 841 4166 4166 
1510 1516 1417 1523 1525 1708 1073 1256 598 320 804 816 904 815 4167 4167 
1488 1491 1465 1524 1493 2594 1073 1258 597 320 795 807 897 1951 4166 4166 
1656 1570 1476 1572 2097 1954 1071 1256 597 320 817 819 889 841 4165 4165 
1512 1484 1437 1577 1742 1598 1073 1255 598 320 806 805 883 836 4165 4165 
1495 1516 1440 1558 1638 1719 1071 1257 600 321 803 805 885 845 4167 4166 
1512 1498 1420 1547 1402 1498 1072 1256 602 320 812 817 897 844 4165 4165 
1582 1446 1459 1590 1519 1771 1069 1251 590 321 800 802 889 833 4166 4166 
1587 1511 1451 1554 1576 1750 1071 1256 597 320 813 812 889 841 4165 4165 
1535 1708 1717 1826 1779 2062 1069 1254 603 321 803 812 894 845 4166 4166 
1521 1573 1798 1877 1863 1584 1074 1258 610 320 801 806 890 851 4168 4168 
1599 1644 2211 2461 2317 1985 1070 1253 607 321 800 805 2074 849 4166 4166 
1574 1490 1421 1467 1375 1738 1070 1256 594 321 808 812 904 842 4167 4167 
1466 1594 1448 1561 1526 1796 1072 1246 616 321 816 817 901 835 4166 4166 
1482 1482 1445 1612 1825 1787 1072 1255 603 320 808 805 880 841 4167 4167 
1670 1547 1645 1765 1667 2194 1071 1255 593 320 793 808 866 1964 4166 4166 
1479 1475 1695 1860 1557 1517 1070 1250 1246 320 801 800 894 850 4167 4167 
1456 1502 1962 2243 1926 1889 1072 1255 619 320 798 794 883 834 4166 4166 
1501 1509 1345 1423 1577 1598 1070 1256 605 321 810 821 881 849 4167 4167 
1462 1580 1455 1535 1741 1718 1072 1253 618 320 807 817 887 853 4167 4166 
1586 1469 1392 1542 1634 1562 1070 1256 594 320 813 808 885 841 4165 4165 
1538 1416 1895 2037 1706 1443 1071 1256 582 320 781 784 870 838 4165 4165 
1493 1541 2099 2233 1408 2081 1070 1251 600 320 797 801 905 1981 4166 4166 
1502 1470 1500 1592 1652 1723 1072 1252 599 320 804 804 884 835 4166 4166 
1528 1485 2186 2459 2154 2053 1076 1254 600 320 785 791 2066 1972 4166 4166 
1544 1546 1495 1556 1605 1581 1071 1253 600 320 812 813 884 848 4166 4166 
1492 1501 1484 1512 1433 1602 1075 1255 601 320 801 811 889 851 4166 4166 
1791 1622 1741 1890 1991 2510 1073 1255 596 320 802 806 887 1961 4167 4167 
1560 1682 1538 1641 1661 1913 1071 1254 604 320 810 818 891 845 4167 4167 
1526 1588 1602 1786 1675 1602 1071 1257 605 320 810 809 891 850 4165 4165 
1511 1539 1511 1587 1490 1664 1071 1254 604 320 801 811 891 852 4166 4166 
1482 1699 1688 1777 1535 1871 1073 1256 615 320 806 814 893 845 4166 4166 
1476 1502 1452 1573 1678 1857 1073 1254 614 320 803 802 884 837 4165 4165 
1518 1604 1454 1559 1463 1801 1071 1254 602 320 802 813 890 842 4166 4166 
1512 1495 1492 1625 1525 1769 1069 1253 594 320 797 805 884 837 4167 4166 
1561 1466 1435 1525 1437 1631 1071 1255 598 320 798 806 881 837 4166 4166 
1564 1501 1590 1717 1748 1381 1072 1255 600 320 801 810 900 4166 4166 4166 
1533 1499 1538 1606 1586 1822 1070 1255 598 320 805 814 888 837 4166 4166 
1480 1505 1429 1655 1555 1764 1073 1255 605 320 800 807 879 843 4167 4167 
1464 1479 1477 1553 1575 1468 1073 1256 600 321 806 810 886 868 4165 4165 
1512 1518 1618 1735 1809 1729 1071 1255 606 320 800 804 884 840 4165 4165 
1477 1474 1615 1824 1492 1799 1073 1254 605 320 791 803 892 0 4166 4166 
1587 1525 1693 1934 1570 1778 1071 1253 599 319 795 803 895 840 4165 4165 
1542 1696 1871 1994 1748 1775 1071 1256 612 320 807 815 891 853 4166 4166 
1501 1471 1424 1498 1506 1619 1071 1255 599 321 799 805 896 840 4165 4165 
1563 1523 1420 1522 1570 1678 1071 1252 603 321 809 815 890 845 4167 4167 
1556 1754 1695 1982 1437 1942 1072 1260 611 321 808 813 905 856 4166 4166 
1510 1492 1502 1629 1551 1771 1071 1252 600 321 803 799 895 840 4167 4167 
1508 1493 1765 2086 1625 1494 1071 1254 603 321 801 795 882 855 4166 4166 
1516 1487 1470 1493 1440 1709 1072 1256 599 321 815 813 897 836 4166 4166 
1470 1480 1456 1597 1583 1673 1069 1248 620 320 808 804 903 838 4165 4165 
1524 1486 1463 1591 1464 1686 1071 1255 600 320 807 807 893 845 4165 4165 
1538 1436 1528 1621 1558 2097 1073 1254 594 320 795 796 876 1964 4166 4166 
1517 2032 1670 1946 1556 1479 1071 1253 612 320 814 819 898 863 4167 4167 
1547 1477 1479 1567 1494 1906 1071 1255 593 320 796 805 889 830 4166 4166 
1470 1513 1774 1824 1967 2191 1073 1256 617 321 809 814 892 1978 4167 4167 
1480 1506 1449 1630 1599 1707 1070 1255 600 321 803 804 882 848 4166 4166 
1489 1511 1417 1525 1653 1878 1069 1254 600 321 816 813 887 839 4166 4166 
1623 1495 1555 1613 1778 1572 1070 1252 597 320 802 803 884 838 4166 4166 
1496 1483 1869 2156 1560 1919 1073 1256 604 321 798 798 888 831 4166 4166 
1509 1496 1521 1706 1753 1901 1072 1254 597 321 807 801 875 839 4166 4166 
1554 1501 1460 1612 1765 1862 1068 1255 603 321 808 811 891 846 4166 4166 
1522 1499 1502 1579 1862 1725 1074 1255 598 321 805 813 877 845 4167 4167 
1474 1562 1474 1597 1735 1710 1072 1253 602 321 808 813 891 849 4165 4165 
1477 1511 2030 2370 1774 1915 1071 1262 608 320 800 793 890 842 4166 4166 
1469 1543 1478 1575 1472 1836 1074 1259 611 320 808 816 903 844 4166 4166 
1537 1592 1509 1673 1772 1550 1073 1254 609 321 812 804 886 848 4167 4167 
1532 1486 1467 1527 1428 1952 1075 1258 602 320 797 806 893 834 4168 4168 
1493 1481 1430 1576 1593 1599 1070 1255 597 320 807 812 882 844 4165 4165 
1552 1464 1458 1547 1704 1669 1073 1254 593 320 805 810 876 843 4166 4166 
1491 1570 1464 1613 1557 1675 1072 1253 608 320 811 816 891 846 4166 4166 
1525 1495 1480 1634 1591 1764 1071 1254 596 320 801 807 886 839 4165 4165 
1661 1730 1905 2068 1943 2066 1072 1254 605 321 806 807 895 1977 4167 4167 
1533 1487 1493 1566 1783 1572 1073 1255 593 321 800 809 880 841 4166 4166 
1530 1478 1419 1575 1582 2049 1073 1258 595 321 802 802 888 1968 4166 4166 
1504 1506 1425 1534 1647 1926 1071 1255 599 320 805 812 880 831 4167 4167 
1521 2650 1877 2087 1513 1732 1071 1255 623 320 815 825 907 862 4166 4166 
1598 1751 1614 1771 1504 1770 1072 1254 607 320 806 815 902 851 4166 4166 
1511 1482 1425 1559 1462 1665 1073 1254 597 320 795 813 891 841 4165 4165 
1619 1559 1481 1613 1450 1572 1070 1256 597 320 809 812 897 843 4167 4167 
1498 2753 1994 2111 1614 2279 1070 1248 624 320 817 822 908 1989 4166 4166 
1504 1481 1442 1520 1477 1731 1072 1260 608 320 806 813 894 827 4166 4166 
1489 1625 1479 1587 1618 1585 1071 1257 610 320 811 822 904 854 4165 4165 
1603 2267 2203 2425 1861 1775 1070 1254 618 320 817 803 903 865 4166 4166 
1484 1697 1494 1562 1787 1832 1073 1255 614 321 818 825 892 849 4166 4166 
1540 1557 1439 1565 1550 1805 1072 1256 600 321 807 816 885 840 4166 4166 
1518 1743 1884 2111 2383 1968 1070 1256 614 320 802 809 2076 841 4167 4167 
1507 1583 1407 1538 1440 1777 1074 1257 606 320 812 825 913 848 4167 4167 
1524 1512 1746 1941 1398 1504 1073 1258 594 320 795 798 889 841 4167 4167 
1577 1479 1506 1600 1862 2166 1071 1256 593 320 796 814 881 1974 4165 4165 
1494 1509 1459 1519 1833 1776 1069 1257 602 320 804 801 887 840 4166 4166 
1547 1915 1784 1974 1781 1821 1072 1254 611 320 814 818 899 855 4167 4167 
1506 1476 1411 1523 1413 1642 1071 1258 596 320 802 817 893 847 4166 4166 
1630 1514 1501 1631 1602 1630 1071 1255 594 320 806 810 885 851 4166 4166 
1576 1494 1520 1681 1563 1730 1074 1253 597 320 804 807 892 837 4166 4166 
1583 1496 1665 1766 1455 1541 1069 1254 595 321 790 806 888 854 4166 4166 
1551 1557 1471 1534 1733 1827 1073 1257 605 320 810 817 865 833 4167 4167 
1641 1630 1379 1457 1637 1789 1074 1255 600 321 817 823 890 847 4165 4165 
1505 1514 1460 1564 1838 1570 1073 1256 609 319 803 807 885 853 4165 4165 
1852 1504 1418 1556 1532 1819 1071 1253 1608 321 805 808 885 837 4166 4166 
1681 1755 1953 2211 2103 3038 1072 1255 605 320 806 813 2081 1960 4166 4166 
1493 1518 1469 1534 1483 1868 1073 1258 604 320 806 814 894 841 4166 4166 
1502 1500 1443 1525 1603 1497 1072 1256 604 320 809 809 888 842 4166 4166 
1528 1526 1482 1596 1580 1671 1071 1255 601 320 808 805 891 848 4166 4166 
1558 1513 1580 1756 1706 2041 1070 1255 598 321 810 795 886 1967 4165 4165 
1498 1478 1435 1593 1443 1727 1074 1253 596 321 805 807 890 835 4166 4166 
1536 1514 1546 1663 1446 1634 1072 1255 597 321 793 804 889 842 4166 4166 
1458 1521 1414 1539 1408 1695 1071 1250 609 320 811 807 892 839 4166 4166 
1465 1460 1425 1582 1392 1582 1070 1254 606 320 794 800 885 834 4166 4166 
1506 1643 1449 1535 1532 1645 1071 1256 607 320 810 818 905 849 4166 4166 
1493 1624 1460 1543 1482 1599 1071 1252 617 321 813 818 894 846 4166 4166 
1491 1477 1447 1563 1457 1867 1069 1257 603 320 803 810 896 842 4166 4166 
1582 1781 2027 2197 1943 2093 1069 1249 607 320 806 808 887 1973 4165 4165 
1486 1531 1426 1541 1415 1762 1071 1257 603 321 808 818 896 835 4166 4166 
1537 1474 1618 1705 1619 1613 1074 1254 597 320 795 802 815 836 4165 4165 
1544 1526 1600 1681 1433 1534 1071 1255 598 320 801 807 891 859 4166 4166 
1502 1475 1487 1540 1583 1620 1072 1254 599 319 800 809 892 839 4166 4166 
1573 1497 1433 1564 1696 1524 1071 1255 594 320 805 811 878 851 4166 4166 
1543 1661 1772 1872 1540 2252 1071 1254 605 320 802 812 894 1978 4166 4166 
1449 1492 1444 1579 1492 1975 1071 1255 606 320 790 801 885 832 4166 4166 
1471 1503 1626 1873 1514 1580 1072 1256 603 320 795 802 888 839 4167 4167 
1550 1522 1542 1593 1767 1873 1071 1256 596 321 801 817 880 839 4166 4166 
1510 1601 1437 1612 1677 2010 1071 1254 603 321 817 810 889 844 4166 4166 
1502 1478 1507 1553 1615 1809 1071 1252 596 320 798 802 884 836 4166 4166 
1584 1492 1508 1643 1678 1422 1073 1257 592 320 802 809 888 847 4166 4166 
1544 1589 1506 1652 1506 1569 1072 1256 605 321 804 811 883 845 4167 4167 
1609 1615 1422 1518 1513 1870 1073 1255 607 320 809 821 896 840 4166 4166 
1482 1620 1734 1872 1617 1843 1071 1257 618 320 806 803 888 852 4166 4166 
1473 1451 1592 1632 1698 1650 1070 1256 601 321 800 804 884 829 4166 4166 
1570 1793 1386 1535 1570 1696 1073 1254 611 321 820 818 903 854 4167 4167 
1474 1567 1478 1580 1750 1663 1071 1254 613 321 810 809 890 845 4166 4166 
1463 1490 1424 1578 1581 1634 1070 1257 611 320 807 806 886 852 4166 4166 
1500 1514 1611 1769 1751 2111 1069 1252 598 320 807 806 876 1969 4166 4166 
1490 1559 1669 1735 1498 1747 1071 1253 611 320 796 803 895 849 4166 4166 
1476 1566 1431 1548 1610 1788 1071 1255 607 320 806 820 889 842 4167 4167 
1457 1541 2171 2447 1700 1701 1073 1255 605 320 796 794 880 836 4165 4165 
1552 1472 1458 1537 1450 2003 1071 1253 591 320 802 808 885 0 4166 4166 
1574 1501 1476 1559 1821 1662 1071 1254 590 320 803 809 877 842 4165 4165 
1496 1509 1782 2035 1857 1927 1071 1255 604 320 802 803 877 836 4168 4168 
1517 1482 1478 1577 1691 1839 1071 1261 592 320 801 808 880 378 4165 4165 
1523 1523 1436 1570 1858 1732 1074 1257 600 320 807 807 877 840 4167 4167 
1530 1521 1442 1534 1673 1635 1071 1256 602 320 810 811 894 853 4166 4166 
1572 1745 1845 1973 1709 1510 1073 1259 608 320 807 811 899 860 4166 4166 
1552 1373 1423 1519 1653 1762 1071 1256 575 320 790 786 864 814 4166 4166 
1560 1504 1410 1477 1535 2058 1071 1252 598 320 803 821 888 1974 4166 4166 
1500 1679 1435 1524 1610 1693 1071 1256 607 319 814 816 893 849 4166 4166 
1558 1550 1437 1570 1405 1659 1074 1250 605 320 806 815 909 839 4167 4167 
1504 1645 1655 1695 1447 1715 1073 1256 609 320 805 816 896 853 4166 4166 
1502 1508 1513 1622 1639 1626 1070 1255 606 320 803 807 880 841 4165 4165 
1532 1511 1454 1581 1574 1515 1073 1251 597 320 806 811 886 847 4166 4166 
1620 1858 2055 2247 1615 1542 1071 1254 608 320 808 805 895 853 4166 4166 
1522 1529 1430 1574 1529 1778 1071 1253 600 321 805 812 891 843 4166 4166 
1471 1525 1453 1515 1707 1730 1072 1256 606 321 804 814 889 844 4166 4166 
1507 1524 1447 1554 1504 2565 1073 1256 598 321 807 815 894 1954 4166 4165 
1468 1500 1529 1606 1623 1882 1071 1253 602 321 808 804 886 833 4167 4167 
1559 1530 1453 1550 1407 1832 1073 1256 594 321 804 811 903 840 4166 4166 
1640 1490 1434 1526 1682 1634 1071 1256 589 320 808 818 886 850 4165 4165 
1556 1500 1435 1521 1742 1718 1069 1260 594 321 801 808 880 853 4166 4166 
1493 1484 1706 1796 1685 1731 1071 1258 603 320 796 798 878 840 4167 4167 
1488 1531 1487 1626 1421 1953 1073 1253 602 320 798 810 897 829 4166 4166 
1694 1664 1994 2307 2557 2259 1073 1254 609 320 809 810 2075 1982 4165 4165 
1600 1478 1722 1872 1551 1511 1070 1253 595 320 795 801 891 840 4165 4165 
1585 1688 1423 1494 1511 1789 1073 1255 607 321 822 826 898 848 4166 4166 
1453 1548 1463 1553 1627 1659 1071 1255 610 321 812 820 887 841 4166 4166 
1509 1524 1489 1610 1435 1894 1071 1256 599 320 804 812 895 823 4166 4166 
1524 2059 2098 2254 1529 1757 1071 1254 619 319 809 814 906 856 4166 4166 
1593 1482 1657 1731 1337 1814 1071 1255 593 320 798 805 899 841 4166 4166 
1490 1510 1444 1572 1700 1700 1071 1256 601 320 806 810 891 840 4166 4166 
1484 1491 1429 1535 1384 1719 1072 1256 610 320 802 813 896 839 4166 4166 
1502 1487 1406 1574 1716 1906 1074 1258 607 320 810 810 883 845 4167 4167 
1480 1595 1486 1599 1412 1744 1071 1255 605 320 806 814 916 838 4167 4167 
1476 1596 1522 1575 1355 1406 1073 1252 613 320 813 817 907 860 4166 4166 
1492 1495 1470 1541 1577 1735 1073 1255 603 320 811 814 887 840 4166 4166 
1542 1521 1416 1543 1547 1507 1071 1254 604 320 799 807 885 863 4166 4166 
1555 1508 1390 1515 1496 1745 1072 1258 599 320 810 820 891 845 4166 4166 
1493 1641 1761 1887 1635 2019 1070 1257 611 320 805 812 888 841 4165 4165 
1495 1366 1483 1604 1629 1696 1073 1256 558 321 759 766 832 802 4166 4166 
1488 1526 1481 1537 1554 1769 1071 1255 605 320 806 812 332 837 4165 4165 
1554 1604 1420 1642 1486 1516 1072 1253 558 320 820 816 890 857 4166 4166 
1502 1505 1444 1638 1504 1712 1073 1258 601 320 801 805 887 836 4166 4166 
1530 1515 1442 1553 1386 1768 1072 1252 596 320 803 812 903 837 4165 4165 
1583 1533 1511 1582 1646 1694 1071 1254 601 320 803 813 886 862 4167 4167 
1567 1474 1502 1605 1612 1849 1073 1255 592 320 800 807 878 830 4166 4166 
1520 1570 1462 1586 1699 1751 1071 1247 603 321 808 814 887 845 4166 4166 
1497 1495 1823 1958 1495 1722 1073 1257 596 320 797 803 895 837 4166 4166 
1486 1590 1524 1645 1504 1679 1073 1256 613 320 812 801 895 855 4166 4166 
1502 1500 1518 1720 1466 1711 1071 1254 600 320 809 805 893 845 4166 4166 
1524 1479 1485 1600 1745 1645 1071 1251 595 320 805 802 880 847 4166 4166 
1502 1503 1467 1559 1767 1515 1070 1252 609 319 802 805 879 836 4165 4165 
1542 1459 1593 1761 1447 1572 1071 1252 583 320 784 791 884 871 4166 4166 
1489 1487 1511 1620 1473 1599 1072 1256 605 320 806 801 889 850 4166 4166 
1520 1489 1622 1797 1458 1504 1071 1254 596 320 797 801 0 838 4166 4166 
1494 1471 1515 1596 1394 1562 1071 1253 600 321 800 810 894 845 4165 4165 
1489 1636 1479 1614 1709 1739 1071 1255 607 320 822 812 890 843 4166 4166 
1502 1483 1539 1587 1443 1913 1072 1254 605 321 804 802 893 841 4166 4166 
1578 1519 1643 1782 1838 2119 1071 1255 593 320 799 800 888 1969 4165 4165 
1578 1767 1723 2180 1455 1793 1069 1261 604 320 815 805 910 854 4167 4167 
1512 1591 1609 1780 1563 1745 1071 1252 606 320 804 803 890 850 4166 4166 
1493 1450 1537 1659 1430 1869 1073 1254 596 320 795 804 876 831 4166 4166 
1582 1585 1382 1549 1421 1750 1071 1255 600 320 809 814 897 842 4165 4165 
1618 1568 1497 1530 1687 1605 1073 1257 600 320 805 812 887 845 4165 4165 
1472 1501 1482 1556 1558 1886 1070 1255 606 320 806 807 885 833 4167 4166 
1432 1586 2114 2486 2215 2495 1073 1255 629 320 794 799 2073 1962 4166 4166 
1556 1539 1471 1534 1604 1679 1071 1254 601 320 803 814 894 845 4164 4164 
1448 1499 1549 1687 1553 1490 1072 1258 612 321 795 799 896 847 4167 4167 
1563 1475 1535 1615 1589 1618 1070 1256 593 320 797 804 882 843 4166 4166 
1508 1503 1443 1571 1709 1600 1070 1252 596 320 799 813 884 840 4166 4166 
1485 1486 1907 2047 1617 1844 1071 1255 604 320 790 796 894 837 4165 4165 
3351 1583 1214 1302 1459 1933 1070 1251 1370 320 4166 4166 899 835 4166 4166 
1512 1377 1919 2276 2468 2666 1071 1255 581 320 783 777 2045 1939 4165 4165 
1508 1471 1568 1655 1443 1755 1072 1256 603 320 803 801 887 852 4166 4166 
1541 1544 1460 1545 1347 1687 1071 1254 602 320 809 807 894 837 4166 4166 
1442 1474 1483 1571 1754 1910 1071 1258 623 320 809 809 884 839 4165 4165 
1468 1506 1458 1539 1645 2046 1072 1255 600 320 805 808 886 1973 4167 4167 
1568 1535 1479 1588 1924 1731 1071 1261 605 320 811 813 882 844 4166 4166 
1581 1450 1617 1716 1704 1927 1073 1251 590 320 795 805 882 839 4167 4167 
1456 1538 1436 1532 1487 1687 1071 1254 611 320 804 813 897 847 4166 4166 
1405 1590 2523 3298 16383 1946 1069 1249 294 320 835 807 844 880 4167 4167 
1497 1474 1475 1659 1710 1739 1071 1257 600 320 805 805 880 799 4166 4166 
1509 1505 1468 1541 1706 1826 1071 1256 600 320 799 814 882 844 4167 4167 
1605 1485 1490 1619 1368 1858 1072 1256 593 320 806 805 896 841 4166 4166 
1473 1525 1692 1857 1613 1959 1073 1253 612 320 804 810 902 841 4165 4165 
1522 1458 1455 1551 1437 1964 1068 1253 595 320 801 808 884 826 4166 4166 
1577 1488 1396 1566 1434 1535 1073 1256 592 320 801 806 904 862 4167 4167 
1554 1475 1712 1909 1513 1831 1073 1258 594 320 794 802 886 832 4165 4165 
1525 1526 1660 1784 1457 1732 1071 1257 606 320 796 800 889 847 4165 4165 
1502 1538 1416 1532 1410 1828 1069 1248 611 320 813 818 894 834 4167 4167 
1530 1535 1475 1566 1681 1979 1070 1256 599 320 804 815 890 797 4166 4166 
1469 1508 1433 1559 1538 1590 1072 1253 603 320 811 812 896 850 4166 4166 
1550 1591 1445 1531 1399 1594 1070 1253 602 320 801 817 899 850 4167 4167 
1586 1497 1429 1571 1657 1806 1073 1253 592 320 802 805 879 835 4167 4167 
1518 1570 1764 1926 1749 1807 1073 1257 606 320 803 810 891 849 4167 4167 
1515 1484 1493 1541 1647 1771 1070 1254 596 320 798 814 878 839 4166 4166 
1522 1502 1448 1572 1505 1676 1073 1256 605 319 804 816 899 837 4165 4165 
1543 1515 1817 2006 1667 1860 1070 1257 598 320 797 801 882 836 4165 4165 
1540 1512 1479 1671 1456 1675 1071 1251 606 320 808 811 892 848 4167 4167 
1673 1754 1721 1930 2044 1898 1071 1255 606 320 813 811 893 852 4166 4166 
1528 1489 1466 1630 1586 1655 1069 1256 598 320 789 803 883 847 4166 4166 
1477 1500 1452 1551 1449 1715 1071 1256 605 319 804 815 885 838 4165 4165 
1490 1502 1425 1527 1610 1734 1071 1255 598 320 805 811 881 839 4166 4166 
1443 1481 1628 1854 2008 2074 1073 1252 616 320 800 804 876 832 4167 4167 
1512 1449 1412 1514 1431 1760 1072 1253 591 320 800 803 878 831 4166 4166 
1519 1511 1468 1527 1514 1686 1073 1255 606 320 803 816 890 842 4166 4166 
1696 1508 1582 1683 1436 1929 1073 1257 592 320 803 808 901 845 4166 4166 
1592 1506 1567 1628 1717 1622 1074 1255 595 320 802 803 890 839 4166 4166 
1599 1507 2043 2121 1849 6711 1066 1256 593 320 791 801 885 1924 4166 4166 
1512 1499 1467 1554 1622 1509 1072 1256 602 320 808 805 882 845 4167 4167 
1594 1518 1424 1509 1881 1563 1076 1258 598 320 810 818 889 850 4166 4166 
1519 1492 1492 1567 1396 1747 1070 1257 594 320 798 809 898 844 4167 4167 
1562 1484 1498 1545 1563 1911 1070 1255 596 320 797 810 884 830 4166 4166 
1483 1501 1462 1547 1679 1596 1072 1257 608 320 805 812 884 840 4166 4166 
1442 1516 1410 1571 1605 1633 1070 1254 627 320 817 812 903 844 4166 4166 
1558 2051 2193 2546 1782 2366 1071 1257 617 321 809 805 890 1971 4166 4166 
1589 1733 2662 2847 2557 2456 1070 1255 612 321 798 796 2070 1965 4167 4167 
1539 1516 1512 1582 1562 1638 1074 1258 599 321 799 806 884 839 4165 4165 
1585 1486 1450 1594 1711 1853 1074 1256 595 321 807 806 879 821 4166 4166 
1529 1551 1487 1665 1673 1971 1070 1254 600 321 807 807 883 835 4167 4167 
1622 1502 1425 1560 1563 1854 1072 1255 595 320 803 808 881 832 4166 4166 
1589 1388 1434 1582 1542 1695 1071 1255 574 320 789 786 867 814 4166 4166 
1533 1506 1552 1580 1944 2536 1074 1256 607 321 805 809 882 1956 4166 4166 
1546 1484 1413 1567 1415 1743 1071 1253 598 321 802 810 913 838 4166 4166 
1608 1584 1525 1694 1645 1713 1073 1255 600 321 809 810 890 845 4167 4167 
1573 1506 1783 1835 1636 1528 1071 1256 591 321 792 798 888 846 4167 4167 
1541 1540 1568 1636 1522 1792 1071 1253 597 320 809 807 891 840 4166 4166 
1571 1524 1459 1675 1663 1741 1071 1256 595 320 805 809 886 845 4166 4166 
1545 1513 1711 1906 1852 1553 1071 1256 600 320 798 803 885 841 4167 4167 
1592 1449 1533 1678 1402 1512 1070 1255 594 320 798 802 896 835 4166 4166 
2163 1534 1788 1899 1756 2350 1070 1253 1139 320 797 808 889 1962 4166 4166 
1787 1572 2182 2322 1503 2273 1071 1256 593 320 795 799 899 1968 4166 4166 
1527 1476 1561 1681 1417 1906 1071 1256 595 320 801 809 883 836 4165 4165 
1516 1480 1992 2070 1723 2896 1071 1254 605 319 791 800 881 1951 4166 4166 
1461 1515 1492 1553 1437 2363 1069 1254 610 320 803 809 892 1962 4166 4166 
1474 1437 2751 3146 1821 1704 1071 1254 595 320 779 785 868 836 4166 4166 
1692 1485 2173 2208 1438 6321 1070 1256 591 320 779 795 892 3110 4166 4166 
1538 1511 1493 1548 1668 1675 1072 1254 599 320 803 817 886 840 4167 4167 
1559 1549 1546 1706 1504 1579 1071 1256 599 320 804 804 863 842 4166 4166 
1468 1475 1456 1585 1690 1617 1072 1254 607 320 805 806 889 840 4166 4166 
1565 1500 1487 1614 1525 1854 1074 1259 595 321 809 814 892 838 4167 4167 
1601 1517 1515 1618 1535 1677 1073 1252 600 321 802 808 900 840 4168 4168 
1620 1500 1441 1526 1658 1814 1073 1255 597 320 810 816 884 776 4167 4167 
1533 1503 1549 1642 1502 1756 1073 1257 603 320 805 805 892 831 4167 4167 
1444 1525 1409 1530 1554 1964 1071 1253 613 320 808 813 887 840 4167 4167 
1576 1657 1766 2080 1743 1834 1071 1255 611 320 805 806 893 852 4165 4165 
1494 1694 1606 1628 1470 1661 1072 1258 614 320 800 815 901 849 4167 4166 
1476 1513 1469 1597 1551 1657 1073 1255 601 320 798 811 889 850 4167 4167 
1467 1460 1383 1543 1563 2067 1072 1252 609 319 806 809 880 1974 4166 4166 
1564 1693 1786 1941 1833 1705 1070 1254 608 320 807 814 896 848 4165 4165 
1560 1518 1486 1547 1642 1850 1071 1254 602 319 800 813 897 840 4166 4166 
1545 1455 1435 1538 1681 1607 1072 1254 592 320 804 803 880 837 4167 4167 
1575 1500 1479 1681 1474 1532 1071 1257 595 320 801 808 890 839 4166 4166 
1539 1566 2119 2538 2113 1852 1073 1257 600 319 800 793 881 850 4164 4164 
1478 1546 1432 1535 1454 1940 1070 1255 601 318 803 808 894 837 4165 4165 
1538 1542 1284 1435 1452 1563 1073 1261 602 320 837 811 901 843 4165 4165 
1510 1514 1491 1626 1587 1634 1072 1254 597 319 802 814 883 847 4166 4166 
1437 1480 1476 1575 1726 1527 1073 1255 610 320 795 806 884 854 4166 4166 
1546 1588 1440 1518 1528 1891 1071 1255 603 319 806 812 891 839 4166 4166 
1537 1540 1591 1703 2423 1909 1073 1257 598 320 803 811 2060 847 4166 4166 
1476 1478 1549 1637 1583 1470 1073 1256 605 320 774 796 887 838 4166 4166 
1625 1489 1474 1580 1709 1931 1071 1254 593 320 811 810 880 843 4166 4166 
1580 1482 1535 1636 1366 1942 1069 1252 597 320 803 808 891 836 4166 4166 
1580 1559 1770 2077 1804 1856 1071 1255 596 320 806 794 888 842 4166 4166 
1579 1526 1429 1612 1617 1915 1074 1257 597 320 812 812 890 838 4166 4166 
1549 1490 1460 1573 1613 1682 1071 1255 597 321 803 802 893 842 4166 4166 
1536 1569 1450 1532 1434 1469 1071 1254 604 320 814 817 895 851 4166 4166 
1530 1518 1562 1711 1572 2036 1071 1255 600 320 809 809 888 1969 4166 4166 
1586 1365 2222 2409 1577 1465 1074 1258 570 320 757 769 860 829 4167 4167 
1510 1365 1220 1325 1468 1666 1074 1254 586 319 4167 792 876 820 4167 4167 
1462 1664 1459 1538 1643 1456 1071 1253 614 320 812 815 897 863 4166 4166 
1517 1517 1718 1982 1625 1639 1072 1252 599 320 796 803 883 846 4166 4166 
1468 1520 1445 1560 1574 1678 1071 1254 608 320 815 807 889 837 4166 4166 
1564 1685 1531 1721 1651 1842 1070 1257 605 321 808 816 887 848 4167 4167 
1590 2067 2165 2461 1982 2452 1071 1257 612 321 805 809 896 1966 4165 4165 
1563 1501 1442 1561 1706 1721 1073 1256 594 320 800 808 885 847 4166 4166 
1544 1755 1822 2084 1555 1940 1072 1253 610 319 814 805 897 850 4166 4166 
1475 1351 2206 2291 1535 2117 1071 1257 572 319 761 772 876 1948 4167 4167 
1591 2004 1964 2087 1455 1986 1069 1254 617 320 809 820 902 1993 4167 4167 
1525 1486 1459 1545 1644 1653 1072 1258 597 319 810 806 882 848 4167 4167 
1492 1468 1505 1522 1663 1859 1071 1255 601 320 802 810 885 835 4166 4166 
1522 1938 2867 3236 2172 2286 1073 1254 621 320 808 812 2088 1981 4166 4166 
1508 1479 1429 1540 1713 1750 1071 1257 601 320 799 804 880 833 4165 4165 
1501 1487 1666 1756 1504 1721 1072 1260 598 320 798 801 889 841 4165 4165 
1480 1514 1426 1518 1757 1888 1070 1252 604 320 804 817 883 846 4166 4166 
1453 1462 1472 1606 1487 1544 1071 1256 621 320 814 804 894 845 4167 4167 
1518 1521 1508 1636 1593 1647 1073 1256 609 320 812 814 895 849 4165 4165 
4501 1550 1213 1298 1382 2103 1070 1250 589 320 4167 4167 909 1955 4167 4167 
1540 1477 1457 1558 1400 1532 1072 1255 594 319 793 811 896 863 4166 4166 
1484 1466 1455 1598 1531 1721 1073 1257 605 320 803 807 886 839 4165 4165 
1649 1514 1560 1709 1621 1957 1072 1257 599 320 803 805 888 836 4165 4165 
1500 1495 1471 1648 1527 1801 1073 1253 601 321 810 809 879 841 4167 4167 
1574 1577 1825 2048 1549 1763 1071 1253 605 320 800 803 880 846 4167 4167 
1516 1484 1470 1531 1588 1499 1073 1258 603 320 805 807 884 840 4165 4165 
1514 1469 1501 1672 1523 1591 1071 1254 598 320 801 802 892 838 4167 4167 
1548 1493 1561 1672 1396 1515 1071 1255 599 321 803 807 891 857 4166 4166 
1433 1495 1839 2072 1604 1933 1074 1260 634 314 788 798 885 828 4166 4166 
1494 1520 1449 1581 1483 1532 1072 1257 603 320 808 812 895 840 4167 4167 
1472 1691 1737 1942 1691 1866 1071 1253 617 320 805 807 894 838 4166 4166 
1538 1535 1502 1526 1587 1519 1073 1255 597 320 808 818 889 837 4166 4166 
1561 1496 1433 1546 1402 1512 1071 1255 595 320 798 814 887 840 4165 4165 
1652 1506 1775 1903 1665 1624 1071 1256 599 320 802 800 887 846 4166 4166 
1486 1461 1434 1520 1506 2214 1071 1255 601 320 807 815 890 1957 4167 4167 
1536 1937 1472 1513 1440 2057 1071 1257 613 319 821 824 908 855 4166 4166 
1530 1525 1495 1621 1567 1870 1071 1252 598 320 808 806 883 837 4166 4166 
1517 1533 1637 1629 1710 1435 1070 1253 598 320 807 810 891 861 4166 4166 
1538 1595 1424 1546 1435 1745 1073 1256 604 321 823 818 902 851 4166 4166 
1473 1493 1531 1669 1508 1675 1072 1256 613 321 799 803 883 833 4165 4165 
1505 1438 2395 2300 1824 1688 1071 1251 589 321 772 793 869 829 4166 4166 
1468 1473 1727 1934 1594 1798 1073 1249 603 321 797 797 891 841 4165 4165 
1471 1501 1528 1602 1590 1558 1074 1257 604 321 801 808 909 841 4165 4165 
1429 1625 1832 1947 1911 1682 1076 1257 630 321 798 809 892 839 4166 4166 
1503 1895 1489 1669 1542 1723 1072 1255 619 321 823 822 896 846 4166 4166 
1536 1697 1412 1516 1463 2012 1073 1256 608 320 812 820 889 2006 4165 4165 
1528 1423 1463 1582 1531 1719 1072 1257 585 320 779 797 865 823 4166 4166 
1525 1625 1461 1564 1479 2039 1072 1253 606 321 814 814 903 1972 4166 4166 
1490 1508 1480 1637 1614 1812 1073 1253 604 320 805 813 883 837 4165 4165 
1525 1480 1388 1532 1419 1619 1073 1253 597 320 802 807 900 828 4166 4166 
1537 1464 1447 1518 1583 1915 1070 1256 599 321 810 805 882 832 4167 4167 
1546 1847 1897 2143 1843 1831 1071 1252 611 321 812 809 886 852 4165 4165 
1478 1529 1387 1547 1547 1530 1071 1255 612 321 810 815 896 853 4165 4165 
1670 1519 1672 1871 1660 1617 1073 1254 596 321 804 800 888 861 4165 4165 
1526 1631 1890 2029 1561 1831 1070 1256 605 320 799 810 891 842 4165 4165 
1448 1514 1494 1572 1533 1683 1070 1252 624 320 799 803 896 836 4168 4168 
1605 1506 1435 1551 1843 1908 1074 1258 596 320 806 803 889 834 4166 4166 
1519 1519 2185 2433 1727 2353 1071 1252 607 320 792 795 886 1962 4166 4166 
1558 1446 1687 1950 1615 1687 1071 1254 596 320 793 794 880 833 4166 4166 
1483 1477 1439 1536 1342 1735 1073 1253 597 320 801 803 899 833 4166 4166 
1509 1630 1841 1986 1660 1723 1071 1255 611 320 802 810 891 842 4167 4167 
1492 1442 1413 1585 1323 1847 1071 1254 595 320 801 803 4165 829 4165 4165 
1606 1532 1810 2051 2286 2205 1071 1255 593 320 800 802 2057 1965 4165 4165 
1531 1632 2179 2407 1420 1767 1073 1256 607 320 800 809 894 850 4166 4166 
1548 1535 1409 1583 1559 1598 1070 1254 598 321 805 803 888 844 4166 4166 
1622 1539 1488 1591 1516 1786 1071 1257 597 320 808 813 883 839 4165 4165 
1547 1513 1508 1594 1605 2054 1071 1256 600 320 814 810 888 1974 4167 4167 
1469 1568 1739 1918 1913 1845 1070 1252 605 320 799 806 887 850 4166 4166 
1446 1501 1901 1950 1858 2174 1071 1257 614 320 784 802 875 1965 4166 4166 
1489 1518 1735 1887 1661 2104 1071 1254 600 320 794 805 882 1997 4166 4166 
1512 1651 1533 1711 1586 2047 1070 1253 610 320 811 819 906 1955 4166 4166 
1554 1515 1383 1563 1609 2532 1073 1258 592 320 809 804 883 1941 4165 4165 
1530 1533 1626 1861 1825 1900 1073 1255 597 320 800 808 886 824 4166 4166 
1464 1522 1377 1514 1656 1730 1071 1254 611 320 811 818 884 837 4166 4166 
1515 1468 1477 1608 1578 1740 1071 1254 594 320 792 800 882 834 4166 4166 
1492 2047 1748 1933 1516 1559 1071 1255 629 319 818 816 908 864 4166 4166 
1509 1486 1451 1563 1815 1455 1071 1254 596 320 808 809 884 844 4166 4166 
1531 1565 1436 1578 1814 2071 1071 1258 604 321 813 815 877 2003 4166 4166 
1562 1469 1530 1558 1693 2353 1072 1252 593 320 787 807 884 1954 4167 4167 
1509 1880 1693 1804 1502 1993 1074 1255 614 320 811 817 902 1982 4166 4166 
1513 1579 1726 1879 1417 1839 1074 1255 605 320 801 806 908 841 4166 4166 
1571 1770 1417 1529 1550 1789 1072 1252 610 320 817 826 913 850 4166 4166 
1508 1486 1478 1540 1403 1875 1071 1257 596 320 803 809 894 834 4165 4165 
1574 1490 1911 2082 2050 3103 1072 1256 594 320 788 796 2068 1941 4165 4165 
1497 1468 1635 1711 1758 1727 1071 1255 602 320 794 805 878 832 4165 4165 
1503 1605 1476 1605 1611 1522 1073 1256 609 320 805 819 887 848 4166 4166 
1527 1469 1543 1648 1707 1745 1073 1254 600 321 803 805 887 842 4166 4166 
1462 1479 1624 1805 1537 1935 1071 1255 609 321 802 802 891 838 4165 4165 
1497 1726 2280 2399 1487 1627 1071 1257 611 321 795 805 899 847 4166 4166 
1539 1544 1451 1589 1580 1612 1070 1254 601 321 814 811 886 842 4166 4166 
1466 1484 1391 1559 1647 1953 1070 1251 598 320 808 801 879 819 4167 4167 
1519 1550 1463 1591 1641 1830 1073 1254 602 320 811 812 884 842 4165 4165 
1505 1517 1528 1724 1575 1831 1071 1257 608 320 806 801 882 840 4167 4167 
1461 1558 1468 1552 1391 1761 1070 1252 605 320 811 812 918 844 4165 4165 
1488 1888 1839 1943 1754 1604 1070 1253 619 320 809 816 906 855 4165 4165 
1508 1910 1828 1894 1543 1893 1070 1251 613 320 811 819 904 850 4165 4165 
1484 1417 1431 1533 1647 1581 1071 1255 590 320 791 797 872 826 4165 4165 
1519 1466 1435 1529 1777 1683 1073 1258 597 320 803 806 883 835 4165 4165 
1533 1483 1470 1512 1595 1601 1071 1254 597 320 809 814 885 847 4165 4165 
1515 1502 1835 2044 1829 1826 1072 1258 598 320 797 798 883 838 4166 4166 
1490 1534 1446 1588 1487 1589 1072 1255 612 320 806 814 893 846 4165 4165 
1540 1479 1757 1819 1462 1764 1074 1256 598 320 796 805 0 843 4165 4165 
1455 1529 1446 1535 1328 1380 1069 1252 598 320 805 810 0 4165 4165 4165 
1549 1388 1389 1603 1466 1565 1073 1254 578 320 791 788 881 0 4166 4166 
1524 1502 1634 1786 1441 1636 1071 1255 599 321 794 800 888 828 4165 4165 
1536 1458 1434 1596 1603 1550 1074 1258 595 321 802 804 876 842 4165 4165 
1468 1547 1465 1566 1505 1636 1070 1254 607 320 816 813 890 846 4166 4166 
1588 1476 1490 1636 1415 1506 1071 1256 592 320 794 801 897 836 4166 4166 
1562 1519 1419 1532 1503 1506 1072 1255 601 321 810 813 883 858 4166 4166 
1503 1468 1453 1546 1662 1724 1071 1256 596 321 811 808 889 842 4166 4166 
1517 1489 1474 1623 1466 1387 1072 1256 595 320 807 808 883 4165 4165 4165 
1524 1457 1482 1587 1458 2062 1074 1255 592 320 792 800 900 1958 4166 4166 
1612 1543 1611 1730 1474 1454 1074 1258 597 321 800 802 889 843 4167 4167 
3794 1449 1687 1890 1906 2130 1071 1252 4166 320 793 794 871 1965 4166 4166 
1556 1518 1447 1532 1423 1777 1069 1255 601 320 803 811 912 843 4166 4166 
1495 1526 1762 1886 1467 1626 1071 1254 602 321 799 801 890 840 4166 4166 
1497 1465 1411 1574 1733 1692 1071 1253 593 320 805 808 875 839 4166 4166 
1600 1506 1455 1629 1545 1814 1072 1258 598 321 805 813 891 843 4166 4166 
1488 1554 1500 1540 1698 1758 1071 1252 611 321 805 808 883 850 4166 4166 
1463 1501 1474 1567 1539 1793 1073 1254 607 321 806 812 891 834 4165 4165 
1563 1511 2125 2302 1464 1631 1072 1252 596 320 788 795 874 834 4166 4166 
1445 1721 1711 1842 1423 1832 1071 1254 618 320 803 814 908 849 4165 4165 
1526 1477 1446 1485 1504 1755 1073 1257 597 320 811 813 885 836 4166 4166 
1501 1879 2751 2711 1398 1461 1073 1257 615 320 794 810 914 865 4165 4165 
1525 1631 1983 2083 1543 1984 1074 1250 613 320 801 805 900 814 4165 4165 
1521 1492 1461 1514 1390 1737 1074 1256 604 321 803 805 890 834 4166 4166 
1622 1470 1466 1528 1785 1557 1074 1258 585 321 801 809 817 842 4166 4166 
1486 1408 1703 1801 1391 1667 1071 1256 597 321 786 793 891 831 4165 4165 
1522 1467 1635 1830 1426 1697 1072 1256 592 320 795 800 872 838 4166 4166 
1538 1526 2106 2242 1429 1882 1073 1255 604 320 795 799 911 840 4167 4167 
1592 1556 1440 1569 1682 1661 1073 1255 596 320 804 811 890 844 4165 4165 
1494 1492 1448 1602 1466 1723 1071 1255 603 320 804 808 879 840 4166 4166 
1497 1519 1508 1574 1628 1448 1072 1254 605 319 801 806 891 852 4166 4166 
1583 1508 1860 1889 1806 1967 1073 1254 595 321 784 802 880 837 4166 4166 
1465 1511 1474 1595 1347 1786 1069 1255 614 319 805 809 974 846 4165 4165 
1494 1847 1710 1796 1619 1937 1069 1250 613 320 810 817 899 848 4166 4166 
1494 1483 1431 1525 1714 1670 1071 1255 606 320 812 814 885 839 4165 4165 
1545 1638 1906 1924 1567 1867 1071 1254 612 320 804 812 897 848 4166 4166 
1560 1481 1478 1492 1719 1611 1070 1256 591 319 806 817 883 842 4164 4164 
1540 1549 1441 1554 1655 1645 1071 1254 604 320 808 811 882 852 4165 4165 
1571 1465 1597 1767 1980 2152 1069 1253 595 320 788 796 867 1961 4166 4166 
1571 1533 1584 1790 1634 1707 1074 1257 603 320 807 812 890 848 4166 4166 
1653 1720 1675 1802 1548 1654 1070 1254 607 320 806 812 879 852 4165 4165 
1505 1482 1414 1559 1609 1725 1074 1263 603 320 802 811 887 840 4165 4165 
1546 1487 2335 2767 6330 2004 1073 1253 609 320 795 791 2039 3014 4166 4166 
1553 1487 1394 1522 1414 1854 1071 1255 600 318 816 811 896 838 4163 4163 
1529 1486 1430 1555 1571 1809 1071 1253 591 317 803 811 879 834 4165 4165 
1496 1489 1502 1619 1622 1724 1073 1258 607 320 800 804 895 839 4167 4166 
