1500 1551 1405 1567 1305 1373 1071 1260 601 324 802 810 4173 4173 4173 4173 
1563 1515 1403 1611 1308 1376 1072 1260 602 324 801 811 4174 4174 4174 4174 
1544 1596 1618 1790 1300 1376 1074 1270 604 324 791 809 4172 4172 4172 4172 
1477 1611 1895 2368 1310 1376 1074 1260 611 324 792 802 4174 4174 4174 4174 
1633 1784 1786 2146 1308 1371 1070 1258 605 324 804 809 4173 4173 4173 4173 
1626 1515 1942 2263 1306 1375 1074 1261 596 325 787 797 4174 4174 4174 4174 
1542 1496 1474 1607 1309 1376 1076 1262 596 324 791 802 4174 4174 4174 4174 
1633 1508 1718 1799 1303 1376 1072 1260 598 324 792 807 4173 4173 4173 4173 
1553 1462 1429 1581 1310 1377 1074 1262 600 324 791 807 4173 4173 4173 4173 
1520 1790 1414 1582 1307 1376 1073 1262 621 324 811 824 4174 4174 4174 4174 
1489 1527 1469 1695 1307 1375 1073 1258 601 324 797 801 4173 4173 4173 4173 
1516 1544 1411 1574 1312 1376 1071 1256 601 324 802 810 4173 4173 4173 4173 
1455 1732 1691 1997 1308 1373 1092 1263 626 325 799 811 4174 4174 0 4174 
1700 1558 1463 1689 1314 1374 1073 1257 600 324 805 810 4173 4173 4173 4173 
1483 1523 1453 1559 1309 1376 1072 1261 604 324 798 805 4173 4173 4173 4173 
1434 1779 1444 1659 1310 1375 1072 1260 638 299 784 795 4173 4173 4173 4173 
1588 1531 1601 1883 1306 1374 1071 1261 598 324 794 800 4173 4173 4173 4173 
1565 1514 1420 1535 1307 1376 1073 1260 600 324 798 813 4174 4174 4174 4174 
1488 1503 1780 2119 1308 1374 1071 1260 604 324 791 801 4174 4174 4174 4174 
1577 1512 1417 1537 1309 1381 1076 1261 596 324 802 814 4174 4174 4174 4174 
1482 1663 1770 1985 1311 1376 1074 1262 614 324 811 803 4174 4174 4174 4174 
1488 1498 1387 1542 1311 1375 1074 1258 608 324 807 813 4172 4172 4172 4172 
1518 1637 1407 1569 1307 1375 1072 1261 607 324 803 817 4174 4174 4174 4174 
1468 1546 1385 1586 1316 1379 1096 1260 620 324 805 810 4174 4174 237 4174 
1535 1742 1668 1936 1301 1375 1073 1260 615 324 792 812 4173 4173 4173 4173 
1592 1517 1439 1581 1301 1375 1073 1260 601 325 799 805 4174 4174 4175 4173 
1482 1484 1435 1517 1306 1375 1074 1262 612 324 800 815 4173 4173 4173 4173 
1498 1499 1417 1608 1309 1374 1074 1262 603 325 801 809 4173 4173 4173 4173 
1558 1486 1439 1651 1308 1377 1074 1260 599 324 813 801 4172 4172 4172 4172 
1495 1493 1919 2494 1308 1374 1072 1258 614 324 786 790 4172 4172 4172 4172 
1550 1372 1404 1582 1314 1375 1073 1256 567 324 765 770 4173 4173 4173 4173 
1657 1559 1822 2136 1306 1375 1074 1260 599 324 796 801 4173 4173 4173 4173 
1466 1639 1412 1557 1302 1376 1073 1262 615 324 803 821 4173 4173 4173 4173 
1541 1516 1420 1506 1307 1377 1097 1261 605 324 800 808 4173 4173 279 4173 
1509 1480 1484 1634 1308 1374 1074 1258 603 324 790 796 4173 4173 4173 4173 
1503 1666 1430 1545 1307 1375 1073 1261 606 324 804 814 4174 4174 4174 4174 
1455 1556 1432 1566 1310 1376 1098 1258 611 325 807 813 4173 4173 277 4173 
1475 1499 1438 1601 1306 1375 1072 1260 607 325 800 803 4172 4172 4172 4172 
1560 1592 1628 1807 1305 1374 1073 1260 607 325 793 814 4173 4173 4173 4173 
1454 1700 1473 1586 1307 1375 1072 1262 619 324 808 819 4172 4172 4172 4172 
1532 1514 1422 1600 1306 1375 1074 1262 602 324 800 809 4173 4173 4173 4173 
1556 1495 1420 1602 1306 1377 1074 1261 597 323 799 801 4173 4173 4173 4173 
1536 1511 1414 1569 1307 1376 1074 1262 603 324 794 808 4173 4173 4173 4173 
1502 1871 1868 2205 1309 1377 1074 1260 621 324 797 815 4173 4173 4173 4173 
1497 1549 1213 1303 1311 1394 1071 1258 608 324 4173 4173 4173 880 4173 4173 
1469 1494 2057 2384 1307 1374 1073 1260 602 324 777 793 4173 4173 4173 4173 
1576 1561 1888 2253 1307 1374 1071 1258 603 325 785 801 4174 4174 4174 4174 
1565 1551 1428 1575 1307 1374 1072 1258 602 324 820 816 4172 4172 4172 4172 
1591 1413 1450 1697 1305 1374 1071 1257 588 325 787 789 4172 4172 4172 4172 
1602 1635 1482 1717 1308 1376 1074 1258 606 324 801 805 4172 4172 4172 4172 
1516 1574 1619 1908 1310 1376 1072 1259 609 324 799 803 4173 4173 4173 4173 
1825 1810 1850 2027 1313 1373 1074 1260 1624 324 797 815 4172 4172 4172 4172 
1560 1495 1421 1611 1309 1375 1073 1260 599 324 798 804 4173 4173 4173 4173 
1465 1359 1654 1805 1309 1379 1074 1260 572 324 754 765 4172 4172 4172 4172 
1580 1498 1925 2246 1306 1373 1071 1259 600 324 785 801 4172 4172 4172 4172 
1511 1522 1426 1547 1301 1377 1071 1259 605 324 822 809 4171 4171 4171 4171 
1544 1883 1834 2210 1313 1376 1087 1258 621 324 788 812 4172 4172 285 4172 
1458 1535 1388 1569 1309 1392 1073 1261 610 324 821 808 4172 719 4172 4172 
1574 1586 1404 1686 1308 1376 1074 1278 607 324 803 804 4172 4172 4172 443 
1461 1547 1423 1615 1299 1381 1073 1262 619 324 797 816 4172 4172 4172 4172 
1521 1511 1396 1597 1307 1376 1073 1262 606 324 820 815 4172 4172 4172 4172 
1552 1587 1419 1612 1309 1374 1073 1259 609 324 805 813 4172 4172 4172 4172 
1500 1628 1451 1669 1303 1374 1073 1262 610 324 807 813 4172 4172 4172 4172 
1497 1511 1411 1562 1305 1375 1074 1265 612 324 796 807 4173 4173 4173 4173 
1538 1558 1515 1658 1309 1374 1073 1260 607 324 789 809 4173 4173 4173 4173 
1551 1533 1425 1581 1317 1377 1074 1260 599 324 799 808 4172 4172 4172 4172 
1482 1462 1439 1597 1303 1375 1071 1263 614 323 797 805 4172 4172 4172 4172 
1565 1478 1396 1585 1307 1381 1073 1260 600 324 796 806 4172 4172 4172 4172 
1621 1535 1857 2265 1308 1376 1071 1260 599 324 803 803 4172 4172 4172 4172 
1509 1549 1418 1592 1307 1375 1073 1258 605 324 792 812 4172 4172 4172 4172 
1532 1484 1426 1512 1297 1376 1073 1260 599 324 798 809 4173 4173 4173 4173 
4568 1480 1640 1809 1306 1374 1077 1255 1462 324 781 799 4174 4174 4174 4174 
1501 1489 1437 1586 1305 1376 1073 1261 610 324 807 807 4172 4172 4172 4172 
1556 1467 1850 2061 1308 1395 1073 1260 601 324 792 800 4172 670 4172 4172 
1472 1508 1529 1691 1309 1375 1073 1261 607 324 789 806 4172 4172 4172 4172 
1505 1513 1428 1605 1311 1377 1074 1262 602 324 803 814 4173 4173 4173 4173 
1529 1502 1666 1810 1306 1375 1074 1258 599 324 789 798 4173 4173 4173 4173 
1570 1521 1361 1549 1310 1375 1074 1261 599 324 805 810 4173 4173 4173 4173 
1523 1510 1385 1584 1310 1375 1077 1259 598 324 802 808 4173 4173 4173 4173 
1665 1497 1400 1555 1312 1375 1073 1261 589 325 796 802 4173 4173 4173 4173 
1566 1508 1496 1660 1309 1375 1071 1259 601 324 795 812 4173 4173 4173 4173 
1459 1525 1404 1563 1312 1376 1071 1256 605 324 801 811 4172 4172 4172 4172 
1500 1510 1513 1652 1308 1375 1074 1259 610 325 792 806 4173 4173 4173 4173 
1546 1511 1437 1626 1304 1376 1073 1261 593 324 792 804 4173 4173 4173 4173 
1506 1512 1475 1756 1309 1375 1074 1260 601 324 801 806 4173 4173 4173 4173 
1492 1568 1449 1587 1308 1375 1072 1260 606 324 804 809 4172 4172 4172 4172 
1481 1541 1897 2110 1308 1375 1071 1258 614 324 785 795 4173 4173 2903 4173 
1498 1519 1435 1598 1304 1375 1070 1258 609 324 804 809 4172 4172 4172 4172 
1664 1487 1801 2264 1307 1377 1076 1262 601 324 788 798 4171 4171 4171 4171 
1465 1517 1447 1554 1309 1376 1074 1262 605 324 800 813 4172 4172 4172 4172 
1506 1963 1432 1566 1317 1373 1071 1258 621 324 819 826 4171 4171 4171 4171 
1670 1931 1811 2186 1327 1375 1084 1256 611 324 799 816 796 4173 284 4173 
1503 1770 1640 1947 1303 1382 1073 1263 618 324 816 809 4172 4172 4172 4172 
1544 1516 1437 1543 1309 1376 1074 1261 599 324 796 816 4172 4172 4171 4171 
1570 1526 1446 1590 1308 1378 1074 1262 600 324 798 810 4171 4171 4171 4171 
1612 1479 1462 1609 1306 1375 1073 1261 590 324 789 808 4173 4173 4173 4173 
1510 1629 1555 1789 1306 1374 1071 1261 616 324 799 811 4174 4174 4174 4174 
1542 1784 2187 2595 1309 1374 1071 1258 614 324 792 811 4174 4174 4174 4174 
1478 1657 1437 1530 1306 1374 1073 1258 617 324 820 820 4172 4172 4172 4172 
1581 1505 1847 2254 1301 1374 1076 1264 597 325 787 799 4172 4172 4172 4172 
1528 1466 1465 1656 1306 1374 1073 1261 602 325 798 805 4172 4172 4172 4172 
1540 1656 1412 1557 1313 1376 1074 1260 612 324 806 823 4171 4171 4171 4171 
1506 1475 1498 1784 1308 1376 1070 1259 596 324 780 794 4174 4174 4173 4173 
1561 1550 1380 1557 1308 1376 1073 1261 601 324 801 810 4174 4174 4173 4173 
1581 1804 1474 1758 1307 1375 1071 1258 612 324 811 817 4173 4173 4173 4173 
1528 1574 2063 2346 1309 1377 1076 1263 610 324 794 803 4172 4172 4172 4172 
1540 1563 1437 1561 1312 1376 1074 1258 605 325 798 814 4172 4172 4172 4172 
1505 1792 1379 1563 1309 1377 1074 1260 613 325 814 816 4173 4173 4173 4173 
1467 1486 1417 1535 1311 1376 1071 1258 608 325 811 805 4173 4173 4173 4173 
1530 1517 1400 1578 1307 1375 1075 1278 607 324 800 812 4173 4173 4173 424 
1541 1524 1414 1607 1309 1375 1072 1260 600 324 798 807 4172 4172 4172 4172 
1609 2017 1896 2145 1302 1375 1073 1261 613 324 805 812 4173 4173 4173 4173 
1472 1482 1436 1528 1308 1377 1074 1261 602 324 805 809 4173 4173 4173 4173 
1466 1511 1636 1848 1308 1377 1108 1261 612 324 795 801 4173 4173 242 4173 
1478 1639 1390 1545 1308 1374 1073 1260 618 323 810 821 4173 4173 4172 4172 
1456 1545 1428 1555 1317 1376 1076 1260 621 324 802 815 4173 4173 4173 4173 
1535 1538 1438 1597 1311 1374 1070 1259 602 324 801 814 4173 4173 4173 4173 
1508 1522 1372 1543 1306 1375 1073 1261 601 324 801 813 4172 4172 4172 4172 
1446 1527 1706 1959 1314 1377 1074 1260 622 324 792 801 4173 4173 4173 4172 
1509 1557 1440 1655 1307 1374 1071 1266 617 324 805 810 4173 4173 4173 4173 
1523 1545 1543 1772 1309 1375 1071 1259 607 324 802 809 4173 4173 4172 4172 
1522 1534 1430 1569 1310 1377 1074 1262 602 324 797 815 4172 4172 4172 4172 
1494 1626 1427 1561 1310 1374 1071 1257 613 324 813 815 4173 4173 4173 4173 
1606 1516 1442 1577 1313 1376 1073 1258 598 324 808 810 4172 4172 4172 4172 
1514 1526 1465 1591 1308 1375 1072 1260 604 324 815 811 4173 4173 4173 4173 
1446 1727 1422 1566 1309 1375 1085 1262 630 324 808 821 4172 4172 4172 4172 
1500 1572 1591 1741 1314 1376 1074 1260 609 324 797 810 4172 4172 4172 4172 
1497 1528 1509 1630 1308 1376 1074 1258 603 324 804 806 4171 4171 4171 4171 
1713 1523 1695 1833 1307 1380 1073 1261 597 325 785 807 4171 4171 4171 4171 
1492 1547 1450 1627 1301 1376 1073 1262 614 324 798 816 4173 4173 4173 4173 
1644 2126 2133 2437 1308 1374 1073 1258 620 325 802 814 4173 4173 4173 4173 
1489 1537 1439 1629 1306 1383 1072 1260 602 325 797 810 4172 4172 4172 4172 
1501 1510 1714 1909 1308 1375 1072 1261 604 325 786 806 4173 4173 4172 4172 
1551 1541 1424 1568 1310 1376 1071 1259 601 325 804 817 4173 4173 4173 4173 
1542 1505 1434 1570 1309 1375 1082 1262 605 325 798 818 4173 4173 4173 4173 
1529 2199 1636 1942 1305 1374 1074 1261 621 324 812 820 4172 4172 4172 4172 
1750 1491 1375 1559 1315 1375 1092 1257 1622 324 798 801 4173 4173 250 4173 
1521 2401 2318 2655 1307 1376 1074 1261 622 324 798 819 4172 4172 4172 4172 
1465 1519 1409 1536 1307 1375 1072 1261 614 324 798 812 4172 4172 4172 4172 
1513 1521 1452 1623 1307 1378 1074 1260 604 324 803 802 4172 4172 4172 4172 
1439 1557 1405 1520 1308 1376 1074 1261 609 324 802 813 4172 4172 4172 4172 
1502 1484 1517 1684 1306 1376 1073 1259 604 325 791 801 4173 4173 4173 4173 
1551 1524 1380 1572 1307 1380 1079 1262 602 325 822 808 4172 4172 4172 4172 
1539 1540 1447 1609 1309 1375 1071 1258 600 324 798 810 4172 4172 4172 4172 
1484 1543 1999 2450 1308 1374 1073 1261 611 324 795 794 4172 4172 4172 4172 
1569 1551 1442 1546 1307 1375 1074 1262 603 325 799 831 4172 4172 4172 4172 
1549 1506 1366 1594 1315 1376 1075 1261 596 324 799 807 4172 4172 4172 4172 
1474 1569 1411 1579 1308 1375 1073 1262 612 324 807 813 4173 4173 4173 4173 
1580 1484 1566 1764 1307 1389 1074 1259 598 324 793 803 4173 710 4173 4173 
1560 1509 1404 1535 1311 1376 1075 1261 599 324 806 815 4173 4173 4173 4173 
1477 1632 1396 1562 1303 1375 1071 1263 612 324 806 808 4172 4172 4172 4172 
1528 1646 1428 1583 1310 1378 1090 1258 612 324 809 814 4172 4172 256 4172 
1510 1666 1417 1615 1307 1374 1071 1259 616 324 810 816 4172 4172 4171 4171 
1549 1532 1420 1561 1300 1373 1073 1260 603 325 812 818 4172 4172 4172 4172 
1463 1527 1426 1519 1306 1374 1071 1260 614 325 792 816 4172 4172 4172 4172 
1653 1478 1438 1566 1307 1376 2204 1269 594 324 791 809 4173 4173 188 441 
1549 1477 1436 1579 1307 1375 1074 1259 601 325 797 808 4174 4174 4174 4174 
1541 1530 1418 1623 1310 1378 1073 1261 599 324 801 807 4173 4173 4173 4173 
1549 1549 1575 1882 1311 1377 1076 1263 605 324 793 802 4173 4173 4173 4173 
1580 1531 1442 1614 1311 1375 1072 1259 600 324 802 807 4172 4172 4172 4172 
1484 1566 1446 1621 1311 1375 1071 1259 614 324 806 812 4172 4172 4172 4172 
1610 1544 1365 1569 1309 1394 1074 1261 605 324 820 816 4172 699 4172 4172 
1554 1537 1451 1661 1300 1374 1072 1259 598 324 790 798 4172 4172 4172 4172 
1601 1899 1365 1501 1310 1374 1073 1260 611 324 808 826 4173 4173 4173 4173 
1572 1545 1388 1557 1306 1376 1076 1260 603 324 798 814 4171 4171 4171 4171 
1533 1478 1402 1603 1309 1375 1073 1259 594 324 796 803 4173 4173 4173 4173 
1522 1528 1454 1563 1310 1376 1073 1261 604 324 803 807 4173 4173 4173 4173 
1500 1520 1515 1769 1309 1376 1100 1258 604 324 815 805 4173 4173 232 4173 
1513 1469 1452 1621 1308 1375 1071 1261 605 324 795 803 4172 4172 4172 4172 
1476 1592 1870 2119 1310 1376 1073 1259 610 324 790 804 4172 4172 4172 4172 
1473 2093 1889 2257 1306 1375 1074 1261 628 324 819 816 4173 4173 4173 4173 
1457 1496 1663 1902 1307 1375 1072 1260 615 324 788 804 4172 4172 4171 4171 
1628 1538 1425 1662 1309 1376 1074 1261 599 324 815 805 4173 4173 4173 4173 
1630 1578 1438 1609 1314 1377 1075 1261 602 324 808 818 4172 4172 4172 4172 
1488 1485 1460 1579 1301 1374 1071 1260 604 324 814 807 4172 4172 4172 4172 
1454 1429 1419 1569 1310 1378 1075 1261 595 324 774 786 4173 4173 4173 4173 
1561 2255 2109 2439 1310 1378 1075 1262 620 324 806 818 4172 4172 4172 4172 
1499 1520 1701 2010 1311 1375 1072 1260 601 324 804 792 4172 4172 4172 4172 
1520 1514 1458 1610 1306 1374 1071 1259 598 324 792 800 4172 4172 4172 4172 
1624 1474 1453 1678 1310 1374 1071 1257 592 324 809 802 4171 4171 4171 4171 
1505 1516 1416 1538 1308 1375 1073 1259 599 324 798 808 4172 4172 4172 4172 
1515 1469 1672 1938 1308 1377 1073 1261 604 324 790 797 4173 4173 4173 4173 
1468 1508 1476 1699 1310 1378 1074 1261 605 324 792 801 4172 4172 4172 4172 
1604 1494 1426 1634 1307 1376 1073 1260 598 324 796 810 4173 4173 4173 4173 
1742 1600 1911 2143 1306 1374 1075 1259 601 324 786 806 4173 4173 4173 4173 
1507 1509 1439 1614 1312 1375 1074 1260 603 324 798 805 4172 4172 4172 4172 
1625 1525 1440 1622 1302 1376 1077 1264 598 324 799 810 4173 4173 4172 4172 
1524 1501 1409 1558 1315 1374 1073 1258 602 324 796 819 4173 4173 4173 4173 
1563 1534 1481 1559 1314 1377 1075 1270 599 324 795 813 4173 4173 4173 498 
1509 1492 1400 1571 1307 1377 1074 1263 602 324 793 807 4172 4172 4172 4172 
1531 1506 1374 1483 1311 1374 1072 1258 597 324 816 810 4172 4172 4172 4172 
1461 1518 1442 1634 1306 1372 1071 1259 614 323 790 807 4172 4172 4172 4172 
1515 1527 1381 1541 1308 1374 1074 1260 605 324 808 807 4172 4172 4172 4172 
1480 1659 1604 1854 1313 1375 1074 1260 612 324 799 810 4172 4172 4172 4172 
1515 1514 1532 1670 1309 1377 1075 1260 604 324 808 809 4172 4172 4172 4172 
1544 1541 1467 1663 1307 1374 1073 1270 609 325 797 808 4172 4172 4171 4171 
1664 1506 1423 1565 1307 1375 1072 1261 599 325 796 809 4172 4172 4172 4172 
1498 1706 1534 1820 1303 1376 1073 1261 610 324 809 814 4172 4172 4172 4172 
1580 1516 1788 2081 1308 1384 1073 1261 598 324 786 797 4172 1721 4172 4172 
1529 1540 1391 1529 1308 1374 1072 1257 602 324 802 810 4172 4172 4172 4172 
1562 1535 1643 1819 1300 1375 1071 1259 604 324 815 810 4173 4173 4173 4173 
1529 1529 1670 1762 1313 1378 1075 1260 600 324 808 808 4173 4173 4173 4173 
1575 1508 1406 1645 1307 1375 1075 1265 602 323 807 807 4172 4172 4172 4172 
1512 1545 1494 1702 1307 1375 1073 1267 606 324 796 808 4173 4173 4172 4172 
1540 1493 1447 1587 1298 1375 1073 1259 604 324 805 811 4173 4173 4173 4173 
1486 1476 1425 1581 1310 1377 1073 1260 608 324 800 802 4172 4172 4172 4172 
1517 1506 1447 1591 1307 1375 1073 1259 605 324 803 815 4173 4173 4173 4173 
1585 1546 1513 1603 1302 1375 1072 1260 606 323 810 812 4171 4171 4171 4171 
1608 1681 1928 2209 1306 1374 1075 1260 608 324 796 809 4173 4173 4173 4173 
1496 1624 1483 1571 1311 1376 1075 1258 617 324 797 819 4173 4173 4173 4173 
1488 1527 1427 1536 1307 1375 1074 1262 607 324 818 811 4172 4172 4172 4172 
1502 1534 1466 1610 1306 1375 1073 1260 604 324 801 814 4172 4172 4172 4172 
1587 1485 1883 2050 1307 1373 1074 1258 602 324 792 800 4172 4172 4172 4172 
1490 1454 1576 1772 1307 1375 1074 1261 601 324 786 795 4173 4173 4173 4173 
1507 1619 2060 2332 1302 1373 1074 1261 609 324 788 805 4172 4172 4172 4172 
1593 1484 1569 1915 1308 1375 1074 1260 599 324 789 802 4173 4173 4173 4173 
1485 1543 1426 1521 1310 1377 1076 1262 608 324 803 816 4173 4173 4173 4173 
1576 1508 1446 1593 1307 1376 1074 1260 597 324 794 812 4173 4173 4173 4173 
1480 1542 1497 1666 1311 1374 1071 1259 611 324 792 810 4172 4172 2918 4172 
1508 1545 1650 1930 1305 1375 1075 1261 605 324 793 806 4173 4173 4172 4172 
1486 1487 1492 1663 1307 1376 1074 1261 601 324 799 804 4172 4172 4172 4172 
1473 1530 1379 1580 1304 1378 1074 1264 609 324 811 810 4173 4173 4173 4173 
1530 1669 1668 1941 1308 1377 1083 1261 609 324 804 807 4172 4172 4172 4172 
1519 1533 1504 1747 1307 1376 1072 1259 604 324 798 807 4173 4173 4173 4173 
1487 1510 1376 1581 1306 1376 1072 1258 603 324 805 805 4173 4173 4173 4173 
1454 1540 1420 1630 1309 1377 1073 1260 613 324 800 812 4172 4172 4172 4172 
1578 1547 1853 2170 1307 1376 1075 1262 602 324 792 801 4172 4172 4172 4172 
1556 1509 1418 1570 1308 1377 1074 1260 599 324 818 809 4172 4172 4172 4172 
1460 1542 1419 1538 1308 1373 1074 1261 612 324 806 819 4172 4172 4172 4172 
1523 1579 1404 1620 1307 1376 1074 1259 605 324 807 815 4172 4172 4172 4172 
1496 1469 1450 1541 1308 1386 1074 1262 599 324 795 804 4172 573 4172 4172 
1487 1758 1529 1675 1314 1376 1072 1260 617 324 806 815 4172 4172 4172 4172 
1507 1482 1379 1576 1310 1375 1071 1256 600 324 795 815 4172 4172 4172 4172 
1509 1497 1403 1585 1316 1376 1075 1267 602 324 802 811 4172 4172 4172 4172 
1481 1498 1403 1554 1309 1376 1073 1262 608 324 797 807 4173 4173 4173 4173 
1509 1527 1754 2059 1309 1374 1071 1261 599 324 793 802 4173 4173 4173 4173 
1472 1383 1432 1637 1309 1378 1076 1263 583 325 789 784 4172 4172 4172 4172 
1505 1566 1661 1742 1308 1375 1075 1272 608 325 790 815 4171 4171 4171 458 
1525 1535 1426 1541 1308 1375 1074 1261 600 324 795 815 4173 4173 4172 4172 
1516 1477 1575 1769 1305 1376 1074 1262 612 324 810 804 4171 4171 4171 4171 
1558 1504 1671 1953 1310 1375 1074 1262 598 324 790 803 4171 4171 4171 4171 
1536 1482 1418 1524 1318 1376 1075 1260 597 324 799 810 4172 4172 4172 4172 
1560 1583 1372 1587 1308 1375 1074 1261 614 324 824 820 4173 4173 4173 4173 
1536 2012 1348 1510 1314 1378 1085 1258 617 324 840 827 4173 4173 270 4173 
1465 1557 1422 1605 1310 1375 1075 1261 621 324 812 815 4173 4173 4173 4173 
1493 1533 1410 1619 1311 1376 1073 1258 612 323 815 810 4173 4173 4173 4173 
1446 1871 1398 1539 1306 1375 1071 1260 629 324 813 826 4172 4172 4172 4172 
1458 1490 1514 1558 1317 1375 1075 1259 610 324 790 805 4172 4172 4172 4172 
1498 1856 1537 1718 1312 1376 1072 1259 622 324 823 823 4171 4171 4171 4171 
1503 1460 1388 1571 1310 1375 1072 1257 598 324 797 810 4172 4172 4172 4172 
1561 1397 1450 1557 1306 1376 1075 1260 593 324 774 796 4173 4173 4172 4172 
1537 1472 1398 1606 1310 1376 1074 1259 599 324 796 806 4173 4173 4173 4173 
1619 1503 1375 1559 1308 1375 1075 1261 596 324 801 809 4171 4171 4171 4171 
1558 1708 1474 1596 1309 1370 1070 1256 1289 323 801 812 4170 4170 4170 4170 
1556 1544 1725 1963 1307 1376 1076 1260 605 324 793 802 4172 4172 4172 4172 
1490 1518 1380 1581 1308 1376 1073 1261 613 324 806 806 4172 4172 4172 4172 
1494 1655 1417 1640 1307 1375 1073 1259 615 324 805 811 4172 4172 4172 4172 
1509 1581 1397 1559 1309 1374 1071 1259 606 324 815 821 4173 4173 4173 4173 
1464 1628 1412 1681 1314 1374 1071 1259 623 324 815 800 4172 4172 4172 4172 
1442 1728 1634 1931 1308 1375 1071 1259 619 324 815 813 4172 4172 4172 4172 
1496 1588 1942 2340 1302 1375 1074 1260 607 324 793 800 4172 4172 4172 4172 
1509 1695 1412 1569 1308 1375 1074 1259 616 324 813 817 4172 4172 4172 4172 
1461 1497 1410 1508 1309 1376 1084 1259 611 324 805 813 4172 4172 4172 4172 
1558 1567 1462 1551 1309 1377 1076 1268 600 324 804 815 4172 4172 4172 4172 
1475 1555 1390 1486 1310 1375 1073 1259 614 324 797 813 4174 4174 4174 4174 
1464 1547 1403 1550 1309 1377 1074 1260 611 324 820 817 4172 4172 4172 4172 
1481 1476 1399 1577 1308 1375 1074 1260 602 324 800 807 4173 4173 4173 4173 
1501 1521 1423 1536 1309 1377 1073 1265 605 323 813 809 4169 4169 4169 4169 
1505 1580 1396 1531 1307 1375 1073 1261 610 324 802 824 4172 4172 4172 4172 
1478 1529 1410 1625 1306 1373 1068 1259 615 324 807 818 4172 4172 4172 4172 
1536 1519 1706 1998 1308 1375 1075 1261 605 324 804 796 4172 4172 4172 4172 
1523 1505 1434 1599 1306 1375 1072 1260 594 324 816 808 4172 4172 4172 4172 
1498 1589 1900 2318 1310 1375 1096 1262 610 324 779 797 4173 4173 315 4173 
1552 1522 1672 1914 1323 1377 1074 1261 599 324 789 803 4172 4172 4172 4172 
1464 1513 1524 1700 1309 1374 1075 1259 616 324 795 811 4173 4173 4173 4173 
1573 1491 1446 1626 1308 1375 1074 1261 597 323 810 798 4173 4173 4173 4173 
1531 1591 1449 1671 1314 1377 1074 1260 611 324 809 807 4172 4172 4172 4172 
1502 1500 1583 1824 1311 1375 1072 1258 604 324 792 800 4172 4172 4172 4172 
1489 1469 1385 1527 1303 1374 1073 1260 640 316 798 802 4172 4172 4172 4172 
1506 1437 1452 1639 1308 1375 1072 1260 601 324 792 801 4171 4171 4171 4171 
1470 1542 1461 1587 1307 1374 1071 1258 611 324 796 809 4173 4173 4173 4173 
1481 1503 1431 1604 1304 1376 1073 1263 606 324 798 806 4173 4173 4173 4173 
1505 1550 1470 1575 1306 1378 1093 1260 609 324 822 812 4173 4173 259 4173 
1513 1522 1482 1677 1314 1375 1073 1257 599 324 806 799 4173 4173 4173 4173 
1499 1620 1428 1538 1308 1375 1074 1260 608 324 801 818 4172 4172 4171 4171 
1569 1509 1396 1586 1313 1375 1074 1266 595 324 787 806 4173 4173 4173 4173 
1557 1529 1455 1634 1308 1374 1071 1258 601 324 809 809 4173 4173 4173 4173 
1485 1499 1476 1590 1309 1375 1074 1261 604 324 797 801 4173 4173 4173 4173 
1484 1580 1454 1593 1309 1375 1071 1259 609 324 800 813 4173 4173 4173 4173 
1484 1543 1430 1615 1309 1375 1073 1259 602 324 816 804 4174 4174 4174 4174 
1560 1522 1681 1993 1339 1376 1112 1260 598 324 789 803 703 4173 242 4173 
1480 1604 1402 1565 1307 1374 1073 1258 617 324 824 813 4173 4173 4173 4173 
1474 1588 2053 2325 1307 1377 1074 1260 612 324 788 803 4171 4171 4171 4171 
1522 1500 2482 2722 1307 1375 1073 1261 598 323 790 788 4168 4168 4168 4168 
1547 1498 1428 1611 1302 1375 1071 1260 594 324 789 807 4173 4173 4173 4173 
1616 1833 1584 1801 1312 1375 1073 1259 611 324 764 817 4172 4172 4172 4172 
1670 1558 1599 1875 1310 1375 1074 1261 600 323 813 807 4172 4172 4172 4172 
1522 1518 1732 1923 1307 1375 1073 1258 604 324 787 802 4173 4173 4173 4173 
1552 1515 1465 1556 1310 1376 1073 1258 603 324 798 812 4172 4172 4172 4172 
1542 1493 1431 1587 1307 1375 1073 1260 595 325 806 810 4173 4173 4173 4173 
1569 1532 1442 1558 1310 1376 1074 1275 602 324 801 818 4172 4172 4172 472 
1530 1476 1644 1884 1309 1377 1075 1260 598 324 785 801 4172 4172 4172 4172 
1510 1507 1428 1555 1299 1375 1074 1262 605 324 803 804 4172 4172 4172 4172 
1534 1535 1481 1556 1310 1377 1076 1259 603 324 795 813 4173 4173 4173 4173 
1590 1568 1518 1627 1309 1375 1074 1260 599 324 802 810 4172 4172 4172 4172 
1441 1483 1527 1637 1308 1375 1071 1261 609 324 800 802 4172 4172 4172 4172 
1501 1509 1672 1910 1307 1374 1070 1257 601 325 803 797 4172 4172 4172 4172 
1476 1506 1650 1860 1309 1375 1072 1258 598 324 790 805 4172 4172 4172 4172 
1605 1484 1528 1590 1309 1377 1074 1262 591 324 804 800 4172 4172 4172 4172 
1510 1538 1404 1581 1309 1378 1076 1262 604 324 805 810 4172 4172 4172 4172 
1575 1530 2253 2777 1313 1375 1074 1261 604 323 797 789 4172 4172 4171 4171 
1654 1826 2226 2835 1305 1373 1071 1262 611 323 797 810 4173 4173 4173 4173 
1486 1514 1607 1852 1306 1375 1073 1260 601 323 804 798 4172 4172 4172 4172 
1497 2237 1851 2223 1309 1375 1075 1260 624 324 820 821 4172 4172 4172 4172 
1522 1480 1606 1848 1311 1374 1072 1259 533 324 791 798 4173 4173 4173 4172 
1496 1497 1431 1597 1308 1375 1072 1261 599 323 799 810 4172 4172 4172 4172 
1529 1498 1458 1605 1309 1376 1074 1262 599 323 803 796 4172 4172 4171 4171 
1554 1543 1479 1687 1309 1374 1073 1260 601 324 799 804 4172 4172 4171 4171 
1581 1498 1631 1859 1308 1376 1090 1258 600 324 791 803 4172 4172 253 4172 
1482 1830 1695 1789 1307 1376 1072 1263 619 324 814 815 4171 4171 4171 4171 
1488 1426 1524 1780 1309 1375 1072 1261 594 324 779 784 4172 4172 4172 4172 
1608 1528 1460 1639 1310 1375 1075 1261 597 324 806 811 4173 4173 4173 4173 
1460 1471 1564 1819 1307 1375 1073 1260 610 324 789 803 4173 4173 4172 4172 
1580 1496 1449 1533 1308 1377 1071 1261 597 324 793 816 4172 4172 4172 4172 
1499 1520 1488 1604 1301 1375 1073 1264 609 324 797 810 4172 4172 4172 4172 
1514 1433 1402 1533 1314 1403 1070 1257 588 323 802 800 4172 677 4172 4172 
1476 1605 1584 1741 1314 1376 1073 1259 610 324 799 809 4173 4173 4173 4173 
1595 1489 1431 1642 1308 1375 1072 1258 595 324 798 804 4173 4173 4173 4173 
1601 1558 2028 2110 1309 1375 1072 1260 603 324 775 808 4173 4173 4173 4173 
1502 1481 1406 1577 1320 1377 1075 1262 600 324 797 811 768 4172 4172 4172 
1524 1639 1406 1524 1307 1375 1096 1256 609 324 804 817 4173 4173 0 4173 
1629 1525 1610 1827 1308 1376 1074 1262 607 324 790 808 4172 4172 4172 4172 
1527 1543 1879 2307 1309 1376 1072 1258 606 324 795 802 4173 4173 4173 4173 
1561 1513 1555 1652 1313 1374 1071 1258 598 323 801 804 4171 4171 4171 4171 
1483 1530 1348 1622 1309 1376 1074 1261 614 323 809 808 4172 4172 4172 4172 
1529 1484 1939 2274 1310 1378 1075 1263 595 324 776 786 4173 4173 4173 4173 
1463 1429 1399 1629 1310 1378 1074 1259 606 324 803 796 4173 4173 4173 4173 
1481 1639 1633 1878 1307 1376 1073 1259 616 324 801 809 4172 4172 4172 4172 
5082 1367 1431 1493 1305 1375 1073 1267 1488 324 814 837 4173 4173 4173 4173 
1511 1537 1510 1646 1310 1377 1075 1263 612 324 799 814 4173 4173 4173 4173 
1529 1492 1414 1551 1306 1374 1071 1261 607 324 804 809 4173 4173 4173 4173 
1438 1519 1347 1518 1308 1376 1073 1260 617 324 800 819 4172 4172 4172 4172 
1477 1500 1415 1540 1317 1378 1074 1258 612 323 801 808 4173 4173 4173 4173 
1529 1504 1612 1702 1308 1376 1075 1260 613 323 791 816 4173 4173 4173 4173 
1536 1510 1424 1519 1303 1373 1074 1262 601 324 796 810 4173 4173 4173 4173 
1584 1575 1397 1581 1310 1377 1074 1263 606 324 809 813 4172 4172 4172 4172 
1542 1513 1592 1834 1309 1373 1073 1260 609 324 792 807 4172 4172 4172 4172 
1489 1655 1470 1560 1315 1374 1074 1260 617 324 815 823 4172 4172 4172 4172 
1542 1314 2782 3543 1305 1385 3329 1254 1329 324 756 776 985 703 175 4173 
1494 1564 1415 1519 1307 1374 1071 1260 609 324 802 819 4172 4172 4172 4172 
1484 1592 1483 1580 1300 1375 1073 1263 615 323 804 817 4173 4173 4172 4172 
1582 1537 1546 1825 1311 1377 1073 1260 597 324 798 798 4173 4173 4173 4173 
1674 1448 1214 1299 1306 1375 1072 1260 584 324 4172 4172 4172 4172 4172 4172 
1528 1497 1448 1575 1311 1376 1076 1261 597 323 793 806 4173 4173 4173 4173 
1521 1642 1366 1558 1314 1381 1073 1257 609 324 832 819 4173 4173 4173 4173 
1556 1617 1483 1675 1309 1375 1071 1260 607 324 802 806 4173 4173 4173 4173 
1517 1522 1450 1551 1308 1375 1075 1262 605 324 818 808 4173 4173 4173 4173 
1512 1475 1423 1598 1302 1375 1073 1260 597 324 818 805 4173 4173 4173 4173 
1479 1530 1442 1673 1307 1377 1077 1262 615 324 799 802 4172 4172 4172 4172 
1445 1653 1389 1521 1306 1380 1094 1260 624 324 807 819 4172 4172 308 4172 
1530 1526 1370 1571 1309 1376 1074 1261 602 324 822 811 4171 4171 4171 4171 
1588 1445 1613 1781 1310 1377 1074 1260 587 324 785 791 4172 4172 4172 4172 
1505 1616 1454 1600 1311 1378 1077 1263 613 324 797 814 4172 4172 4172 4172 
1495 1549 1500 1795 1311 1375 1072 1259 610 324 816 804 4172 4172 4172 4172 
1524 1555 1443 1598 1308 1377 1096 1257 611 324 819 807 4172 4172 242 4172 
1495 1741 1842 2175 1310 1376 1076 1263 616 324 797 807 4172 4172 4172 4172 
1464 1484 1446 1572 1308 1374 1074 1259 613 324 799 809 4173 4173 4173 4173 
1584 1515 1415 1574 1307 1376 1074 1261 597 324 797 817 4173 4173 4173 4173 
1519 1486 1375 1526 1303 1375 1073 1259 604 324 802 814 4173 4173 4172 4172 
1531 1492 1879 2447 1307 1376 1081 1260 593 323 794 786 4173 4173 4173 4173 
1655 1765 1892 2251 1307 1376 1072 1265 607 324 806 808 4172 4172 4171 4171 
1468 1499 1422 1570 1308 1374 1077 1260 610 324 800 802 4172 4172 4172 4172 
1454 1546 1457 1622 1309 1375 1073 1260 617 324 804 813 4173 4173 4173 4173 
1499 1551 1610 1821 1329 1375 1071 1256 609 324 794 808 0 4173 4066 4173 
1543 1506 1485 1687 1312 1378 1076 1259 602 324 817 807 4173 4173 4173 4173 
1501 1440 1793 2200 1308 1376 1073 1263 599 324 779 786 4173 4173 4173 4173 
1521 1652 1411 1619 1309 1375 1073 1266 613 324 820 810 4172 4172 4172 4172 
1528 1431 1428 1577 1307 1375 1073 1259 593 324 791 791 4172 4172 4172 4172 
1542 1536 1486 1655 1307 1375 1073 1260 602 324 796 808 4172 4172 4172 4172 
1614 1561 1465 1657 1315 1378 1074 1261 599 324 798 806 4173 4173 4173 4173 
1469 1544 1536 1635 1309 1375 1073 1266 613 324 791 810 4173 4173 4173 4173 
1558 1612 1499 1743 1307 1374 1074 1261 609 324 803 808 4172 4172 4172 4172 
1573 2073 2119 2508 1310 1375 1073 1261 620 324 805 812 4172 4172 4172 4172 
1515 1378 1981 2196 1315 1376 1073 1259 581 324 781 778 4173 4173 4173 4173 
1528 1480 1396 1500 1305 1377 1106 1257 599 324 795 806 4173 4173 226 4173 
1545 1629 1591 1802 1310 1376 1074 1262 611 324 809 811 4172 4172 4172 4172 
1485 1565 1393 1591 1311 1374 1074 1260 615 324 801 806 4172 4172 4172 4172 
1556 1507 1470 1533 1306 1375 1075 1260 604 323 795 813 4172 4172 4172 4172 
1495 1464 1387 1569 1309 1375 1074 1259 595 324 784 809 4173 4173 4173 4173 
1574 1506 1746 1967 1307 1375 1074 1261 597 324 780 799 4172 4172 4172 4172 
1474 1492 1411 1571 1310 1375 1072 1259 612 324 796 807 4173 4173 4173 4173 
1590 1498 1440 1576 1309 1375 1074 1260 596 324 797 798 4173 4173 4173 4173 
1544 1540 1627 1810 1314 1375 1073 1258 600 323 808 805 4172 4172 4172 4172 
1504 1405 2056 2531 1305 1374 1073 1260 593 323 772 778 4173 4173 4173 4173 
1495 1930 1606 1843 1312 1375 1071 1259 620 324 805 816 4172 4172 4172 4172 
1530 1610 1637 1747 1305 1376 1072 1260 615 324 799 810 4172 4172 4172 4172 
1481 1522 1474 1626 1307 1375 1074 1262 608 324 802 809 4173 4173 4173 4173 
1557 1728 1530 1756 1307 1375 1071 1258 615 324 805 817 4172 4172 4172 4172 
1547 1550 2142 2629 1300 1374 1073 1260 599 324 795 789 4173 4173 4173 4173 
1541 1535 2102 2332 1308 1376 1075 1263 602 324 780 793 4172 4172 4172 4172 
1603 1509 2548 3439 1305 1375 2015 1269 607 324 806 795 4172 4172 204 445 
1532 1496 1396 1564 1305 1376 1074 1263 606 324 819 812 4173 4173 4173 4173 
1592 1502 1453 1669 1309 1377 1073 1262 595 324 807 803 4173 4173 4173 4173 
1497 1478 1426 1599 1303 1376 1074 1260 601 323 790 804 4172 4172 4172 4172 
1539 1523 1437 1638 1301 1375 1074 1265 605 324 803 811 4173 4173 4173 4173 
1519 1453 1562 1756 1305 1373 1073 1259 593 324 786 793 4173 4173 4173 4173 
1532 1488 1481 1611 1306 1375 1073 1262 600 324 815 805 4172 4172 4172 4172 
1481 1512 1446 1556 1309 1377 1074 1260 612 324 813 810 4172 4172 4172 4172 
1528 1758 1362 1559 1309 1375 1073 1260 614 324 810 821 4173 4173 4173 4173 
1516 1470 1820 1967 1313 1376 1074 1259 599 324 781 794 4172 4172 4172 4172 
1468 1611 1418 1597 1308 1376 1072 1259 611 325 802 818 4172 4172 4172 4172 
1487 1442 1430 1614 1308 1375 1074 1260 606 325 803 800 4172 4172 4172 4172 
1531 1352 1760 1905 1307 1373 1073 1260 556 324 746 751 4172 4172 4172 4172 
1505 1519 1430 1564 1305 1377 1074 1262 612 324 806 815 4172 4172 4172 4172 
1493 1501 1371 1517 1307 1375 1072 1262 611 323 811 815 4173 4173 4173 4172 
1491 1523 2197 2426 1314 1374 1071 1258 607 323 793 798 4172 4172 4172 4172 
1519 1534 1429 1663 1303 1375 1073 1262 609 324 800 808 4172 4172 4172 4172 
1502 1491 1445 1607 1308 1375 1074 1258 605 324 800 812 4172 4172 4172 4172 
1586 1566 1627 1721 1308 1375 1074 1260 601 323 812 810 4172 4172 4172 4172 
1480 1744 1399 1617 1307 1373 1071 1258 620 324 815 813 4172 4172 4172 4172 
1519 1662 1437 1572 1313 1376 1073 1259 607 324 826 816 4173 4173 4172 4172 
1545 1620 1649 2074 1310 1375 1099 1257 610 324 796 791 4172 4172 261 4172 
1541 1546 1460 1706 1308 1375 1073 1262 609 324 816 812 4173 4173 4173 4173 
1534 1514 1446 1535 1306 1374 1087 1263 603 324 818 813 4173 4173 960 4173 
1523 1597 1521 1725 1308 1375 1074 1266 604 324 799 815 4173 4173 4173 4173 
1513 1489 1408 1591 1308 1374 1073 1259 602 323 794 809 4172 4172 4172 4172 
1497 1537 1970 2138 1311 1376 1071 1257 607 324 797 799 4172 4172 4172 4172 
1577 1495 1423 1562 1309 1374 1073 1260 593 324 798 800 4173 4173 4173 4173 
1486 1498 1429 1574 1306 1381 1073 1259 607 324 798 809 4173 4173 4173 4173 
1488 1803 1423 1594 1315 1375 1073 1258 624 324 808 821 4172 4172 4172 4172 
1457 1490 1816 2195 1313 1374 1082 1263 613 324 786 796 4173 4173 4173 4173 
1547 1543 1432 1605 1308 1376 1074 1260 602 324 798 812 4172 4172 4172 4172 
1445 1786 1820 2018 1310 1375 1071 1258 620 324 811 811 4173 4173 4173 4173 
1581 1504 1401 1587 1317 1376 1072 1258 597 324 808 804 4173 4173 4173 4173 
1538 1607 1389 1575 1308 1376 1073 1259 604 324 808 809 4172 4172 4172 4172 
1540 1493 1483 1589 1309 1375 1074 1259 599 325 791 803 4172 4172 4172 4172 
1600 1493 1612 1800 1306 1377 1073 1261 595 324 785 803 4172 4172 4172 4172 
1517 1489 1432 1615 1302 1372 1071 1258 606 324 813 806 4172 4172 4172 4172 
1552 1525 1421 1548 1309 1378 1074 1261 604 324 816 813 4173 4173 4173 4173 
1483 1525 1511 1707 1309 1375 1074 1263 610 324 810 809 4172 4172 4172 4172 
1499 1518 1386 1568 1313 1377 1074 1258 600 323 799 800 4172 4172 4172 4172 
1564 1507 1462 1578 1306 1374 1074 1261 600 324 793 807 4173 4173 4173 4173 
1500 1490 1397 1572 1308 1376 1075 1262 603 324 814 805 4172 4172 4172 4172 
1516 1701 1406 1630 1308 1376 1072 1261 617 323 823 820 4173 4173 4173 4173 
1605 1476 1434 1617 1307 1374 1072 1259 590 323 813 805 4172 4172 4172 4172 
1484 1559 1491 1711 1306 1375 1071 1262 604 324 814 806 4172 4172 4172 4172 
1518 1540 1410 1585 1313 1377 1073 1259 609 324 812 808 4173 4173 4173 4173 
1498 1529 1418 1634 1310 1377 1075 1274 605 323 798 807 4172 4172 4171 453 
1494 1358 1421 1560 1307 1377 1074 1262 575 324 776 773 4172 4172 4172 4172 
1500 1525 1439 1580 1314 1377 1073 1261 612 324 812 812 4172 4172 4172 4172 
1546 1526 1408 1623 1316 1376 1074 1259 606 324 812 811 4172 4172 4171 4171 
1508 1686 1585 1845 1310 1377 1073 1258 612 324 800 813 4173 4173 4173 4173 
1512 1564 1470 1597 1304 1376 1073 1259 607 324 811 812 4173 4173 4173 4173 
1565 1517 1460 1566 1308 1375 1073 1260 600 324 811 813 4172 4172 4171 4171 
1492 1479 1424 1557 1308 1376 1075 1262 602 324 795 813 4172 4172 4172 4172 
1482 1591 1960 2190 1309 1375 1073 1260 612 323 805 804 4173 4173 4173 4173 
1496 1516 1429 1579 1307 1376 1083 1255 608 324 820 810 4172 4172 266 4172 
1500 1430 1382 1575 1307 1375 1073 1261 598 324 805 800 4172 4172 4172 4172 
1501 1557 1446 1647 1310 1377 1074 1261 609 323 812 811 4171 4171 4171 4171 
1486 1484 1443 1554 1307 1375 1073 1260 601 324 795 804 4173 4173 4173 4173 
1513 1533 2022 2364 1330 1377 1075 1271 608 323 803 795 736 4173 1729 4172 
1492 1511 1374 1559 1310 1374 1071 1257 601 323 813 811 4172 4172 4172 4172 
1502 1546 1393 1530 1309 1376 1076 1262 601 324 816 815 4172 4172 4172 4172 
1524 1526 1455 1573 1308 1380 1073 1260 606 323 795 808 4173 4173 4172 4172 
1513 1511 1878 2231 1315 1376 1073 1257 599 324 782 796 4173 4173 4173 4173 
1544 1541 1422 1583 1307 1375 1073 1262 600 324 801 805 4172 4172 4172 4172 
1676 1487 1466 1610 1306 1374 1086 1260 602 324 790 809 4173 4173 969 4173 
1533 1670 1477 1679 1306 1374 1074 1261 610 324 810 808 4173 4173 4172 4172 
1512 1582 1778 2305 1309 1376 1075 1260 612 324 799 803 4172 4172 4172 4172 
1473 1595 1471 1586 1308 1375 1072 1260 618 324 803 810 4172 4172 4172 4172 
1513 1535 1456 1631 1313 1375 1071 1260 607 324 820 808 4172 4172 4172 4172 
1562 1486 1447 1618 1311 1375 1071 1258 601 324 793 806 4173 4173 4173 4173 
4373 1564 1211 1325 1306 1373 1073 1259 1816 324 4173 816 4173 4173 4173 4173 
1590 1708 1407 1599 1313 1375 1073 1257 612 324 809 817 4172 4172 4172 4172 
1523 1526 1445 1583 1311 1375 1071 1260 612 324 802 811 4173 4173 4173 4173 
1514 1511 1529 1772 1306 1372 1070 1258 605 324 808 799 4173 4173 4173 4173 
1610 1535 1462 1647 1310 1373 1072 1261 594 324 796 807 4173 4173 4173 4173 
1538 1517 1522 1730 1310 1376 1075 1261 604 324 795 805 4172 4172 4172 4172 
1437 1487 1600 1697 1310 1374 1070 1259 616 324 787 800 4173 4173 4172 4172 
1505 1519 1397 1563 1309 1375 1076 1260 602 324 818 807 4173 4173 4173 4173 
1525 1537 1451 1675 1306 1375 1073 1259 606 324 798 810 4171 4171 4171 4171 
1570 1574 1616 2013 1307 1377 1074 1261 600 324 793 801 4172 4172 4172 4172 
1521 1524 1548 1693 1308 1375 1096 1255 603 324 808 808 4173 4173 236 4173 
1591 1494 1644 1830 1308 1375 1074 1260 593 323 802 800 4172 4172 4172 4172 
1577 1521 1495 1615 1307 1375 1072 1260 602 324 794 807 4172 4172 4172 4172 
1548 1492 1403 1560 1301 1376 1074 1261 596 324 794 809 4172 4172 4172 4172 
1545 1736 1816 2069 1307 1375 1072 1260 613 323 798 807 4172 4172 4172 4172 
1471 1797 1475 1646 1310 1376 1074 1260 628 324 821 823 4173 4173 4173 4173 
1590 1494 1404 1551 1306 1376 1106 1259 594 324 799 806 4173 4173 284 4172 
1544 1532 1421 1514 1308 1375 1074 1261 607 324 805 813 4172 4172 4172 4172 
1552 1538 1410 1576 1309 1374 1071 1261 609 323 804 812 4173 4173 4173 4173 
1560 1519 1866 2170 1322 1375 1075 1260 607 324 787 796 976 4173 4173 4173 
1498 1526 1441 1564 1306 1375 1073 1260 604 324 804 809 4173 4173 4173 4173 
1474 1543 1762 2008 1319 1378 1076 1262 614 324 810 798 4172 4172 4172 4172 
1537 1737 1484 1543 1308 1375 1073 1269 612 324 809 828 4173 4173 4173 4173 
1464 1724 1398 1530 1309 1376 1074 1261 619 324 816 821 4173 4173 4173 4173 
1636 1425 1747 2211 1307 1374 1073 1255 592 324 799 791 4173 4173 4173 4173 
1459 1540 1377 1624 1315 1374 1073 1258 617 324 811 819 4172 4172 4172 4172 
1613 1489 1448 1597 1306 1374 1075 1260 596 324 794 811 4173 4173 4173 4173 
1537 1504 1438 1634 1317 1377 1076 1260 601 324 801 810 4172 4172 4172 4172 
1589 1609 1844 2148 1310 1378 1074 1260 601 324 804 795 4173 4173 4173 4173 
1487 1501 1421 1573 1306 1386 1071 1257 609 323 791 805 4172 703 4172 4172 
1564 1638 1461 1625 1303 1374 1073 1260 608 323 797 816 4173 4173 4173 4173 
1556 1502 1478 1596 1307 1375 1096 1259 600 323 808 803 4173 4173 233 4173 
1478 1569 1427 1601 1303 1374 1074 1260 613 323 817 808 4172 4172 4172 4172 
1552 1559 1482 1605 1308 1377 1072 1260 605 323 814 813 4173 4173 4173 4173 
1535 1531 1708 2054 1307 1376 1073 1260 595 324 802 798 4172 4172 4172 4172 
1629 1505 1893 2134 1309 1375 1071 1259 596 323 782 799 4172 4172 4172 4172 
1513 1646 1663 1890 1308 1374 1073 1259 616 324 800 812 4172 4172 4172 4172 
1526 1539 1378 1554 1314 1375 1071 1260 607 324 792 811 4173 4173 2761 4173 
1491 1610 1441 1586 1307 1375 1071 1259 614 324 811 809 4173 4173 4173 4173 
1602 1387 1967 2254 1303 1375 1074 1260 587 324 787 788 4173 4173 4173 4173 
1444 1733 1708 1927 1309 1374 1090 1262 618 324 803 810 4173 4173 2 4173 
1556 1519 1485 1665 1309 1375 1071 1258 603 324 796 807 4173 4173 4173 4173 
1508 1505 1451 1578 1307 1375 1073 1263 601 323 801 808 4172 4172 4172 4172 
1462 1540 1432 1583 1315 1375 1072 1259 618 323 812 812 4172 4172 4172 4172 
1597 1513 1387 1545 1314 1378 1092 1258 604 324 818 814 4172 4172 252 4172 
1642 1586 1413 1601 1309 1376 1074 1263 598 323 796 810 4172 4172 4172 4172 
1540 1476 1444 1576 1308 1375 1073 1258 599 323 793 809 4172 4172 4172 4172 
1578 1634 1361 1578 1310 1378 1075 1280 606 324 824 812 4172 4172 4172 495 
1440 1568 1805 2158 1315 1377 1075 1260 611 324 800 790 4173 4173 4173 4173 
1468 1630 1448 1639 1307 1374 1073 1263 615 323 801 809 4173 4173 4173 4173 
1514 1473 1541 1827 1306 1375 1073 1259 601 323 799 796 4173 4173 4173 4173 
1597 1591 2678 3295 1310 1388 1075 1279 609 323 798 796 4173 702 4173 471 
1556 1554 1535 1785 1310 1375 1071 1262 604 323 808 804 4173 4173 4173 4173 
1534 1543 1399 1537 1306 1375 1074 1260 602 324 801 814 4172 4172 4172 4172 
1467 1523 1416 1556 1311 1375 1074 1262 606 324 815 812 4172 4172 4172 4172 
1452 1508 1389 1550 1308 1375 1073 1260 616 324 804 812 4173 4173 4173 4173 
1520 1528 1414 1577 1314 1375 1071 1260 600 324 800 811 4172 4172 4172 4172 
1550 1467 1410 1575 1309 1374 1077 1261 599 324 807 806 4173 4173 1352 4173 
1537 1476 2407 2663 1309 1375 1074 1262 602 324 768 796 4173 4173 4173 4173 
1492 1487 1456 1674 1310 1377 1073 1261 605 324 815 804 4172 4172 4172 4172 
1449 1543 1406 1559 1314 1377 1074 1261 618 323 810 810 4173 4173 4173 4173 
1494 1590 1476 1738 1310 1378 1075 1262 613 323 806 811 4173 4173 4173 4173 
1463 1645 1468 1567 1306 1373 1073 1258 622 323 809 813 4173 4173 4173 4173 
1469 1915 1443 1597 1310 1375 1074 1261 634 323 812 825 4173 4173 4173 4173 
1565 1514 1408 1538 1309 1374 1074 1258 606 324 805 815 4174 4174 4174 4174 
1483 1564 1954 2295 1311 1375 1076 1258 607 324 786 805 4172 4172 4172 4172 
1499 1503 1383 1533 1306 1373 1071 1260 605 324 818 813 4173 4173 4173 4173 
7577 1690 1700 1946 1313 1373 1072 1256 594 324 795 808 4173 4173 4173 4173 
1579 1536 1580 1811 1307 1375 1076 1258 603 324 785 803 4172 4172 4172 4172 
1506 1511 1569 1683 1304 1377 1076 1279 604 324 790 803 4172 4172 4172 443 
1547 1708 1395 1557 1306 1385 1075 1260 609 323 825 814 4171 4171 4171 4171 
1523 1502 1472 1607 1303 1375 1071 1269 602 324 799 794 4173 4173 4173 4173 
1514 1507 1426 1504 1306 1375 1073 1261 600 324 812 817 4172 4172 4172 4172 
1505 1495 1523 1613 1309 1390 1074 1260 604 324 783 804 4172 706 4172 4172 
1575 1520 1379 1519 1309 1378 1075 1261 596 323 817 814 4172 4172 4172 4172 
1579 1494 1502 1624 1308 1373 1071 1258 604 323 808 808 4173 4173 4173 4173 
1783 1499 1459 1678 1307 1374 1072 1259 1615 324 798 807 4171 4171 4171 4171 
1592 1546 1445 1602 1311 1375 1073 1257 599 324 812 804 4172 4172 4172 4172 
1474 1440 1419 1619 1311 1375 1072 1259 607 323 797 811 4166 4166 4166 4166 
1468 1509 1471 1644 1309 1374 1072 1260 605 324 797 809 4173 4173 4173 4173 
1504 1524 1920 2087 1312 1375 1074 1258 603 324 781 805 4173 4173 4173 4173 
1497 1621 1794 2053 1310 1376 1074 1261 610 324 794 805 4173 4173 4173 4173 
1530 1618 1403 1530 1313 1375 1087 1256 611 324 825 822 4172 4172 298 4172 
1626 1771 1666 1867 1307 1375 1074 1258 610 324 811 814 4173 4173 4173 4173 
1533 1498 1816 2205 1303 1374 1071 1258 600 324 784 799 4172 4172 4172 4172 
1610 2044 1671 1783 1308 1376 1071 1262 616 324 815 818 4173 4173 4173 4173 
1492 1645 2202 2617 1313 1401 1073 1257 611 324 786 803 4172 695 4172 4172 
1517 1502 1374 1541 1309 1377 1073 1260 610 324 801 810 4172 4172 4172 4172 
1465 1449 1215 1299 1311 1375 1073 1258 602 324 4172 4172 4172 4172 4172 4172 
1526 1518 1402 1499 1309 1375 1073 1260 604 324 819 816 4172 4172 4172 4172 
1447 1490 1411 1556 1308 1375 1073 1258 624 324 797 805 4174 4174 4174 4174 
1518 1538 1700 1997 1307 1376 1073 1259 612 324 810 802 4172 4172 4172 4172 
1493 1499 1412 1607 1314 1375 1073 1258 606 324 808 800 4172 4172 4172 4172 
1577 1620 1449 1648 1307 1376 1071 1260 608 324 821 812 4173 4173 4173 4173 
1533 1507 1412 1547 1305 1376 1072 1263 601 324 794 804 4172 4172 4172 4172 
1488 1557 1995 2271 1308 1375 1073 1261 609 323 798 794 4172 4172 4172 4172 
1560 1732 2094 2475 1307 1377 1089 1258 608 324 814 807 4172 4172 282 4172 
1524 1506 1377 1574 1308 1375 1071 1258 602 323 803 811 4174 4174 4174 4174 
1578 1545 1893 2113 1301 1376 1071 1261 607 324 783 805 4172 4172 4172 4172 
1464 1482 1484 1595 1311 1377 1075 1260 602 324 787 817 4173 4173 4173 4173 
1482 1504 1630 1855 1310 1377 1076 1265 603 324 792 803 4172 4172 4172 4172 
1557 1536 1422 1594 1308 1377 1074 1260 603 324 799 809 4173 4173 4173 4173 
1502 1480 1595 1747 1306 1375 1073 1260 603 324 783 797 4172 4172 4172 4172 
1549 1518 1422 1586 1308 1375 1072 1259 597 324 799 814 4172 4172 4172 4172 
1568 1526 1476 1620 1307 1374 1074 1261 597 324 807 806 4172 4172 4172 4172 
1502 1524 2032 2172 1308 1377 1074 1262 606 323 781 804 4172 4172 4172 4172 
1620 1512 1409 1621 1305 1377 1074 1263 596 323 806 804 4173 4173 4172 4172 
1488 1562 1401 1569 1309 1377 1074 1261 612 324 806 814 4173 4173 4173 4173 
1564 1579 1486 1700 1309 1377 1074 1260 600 324 810 804 4172 4172 4172 4172 
1541 1469 1389 1686 1306 1375 1072 1260 602 324 795 804 4172 4172 4172 4172 
1495 1522 1514 1717 1310 1374 1071 1256 599 323 790 804 4172 4172 4172 4172 
1479 1740 1540 1753 1317 1377 1075 1261 617 323 819 812 4172 4172 4172 4172 
1558 1538 1465 1527 1308 1374 1073 1260 597 323 791 812 4173 4173 4173 4173 
1564 1561 1384 1579 1310 1373 1073 1258 603 323 804 805 4172 4172 4172 4172 
1561 1455 1444 1651 1306 1376 1074 1260 600 323 795 802 4171 4171 4171 4171 
1506 1556 1514 1710 1307 1375 1074 1262 606 323 813 800 4173 4173 4172 4172 
1649 2137 2132 2565 1308 1375 1073 1260 617 324 801 813 4172 4172 4172 4171 
1488 1955 1577 1778 1311 1374 1072 1260 624 323 823 818 4172 4172 4172 4172 
1547 1536 1490 1647 1308 1374 1073 1260 609 324 793 812 4172 4172 4172 4172 
1506 1500 1418 1555 1307 1376 1074 1260 600 324 796 814 4172 4172 4172 4172 
1636 1839 1758 2041 1312 1375 1072 1259 610 324 803 811 4173 4173 4173 4173 
1514 1493 1424 1611 1309 1376 1072 1259 597 324 795 805 4173 4173 4173 4173 
1571 1473 1521 1719 1305 1374 1073 1258 599 324 804 803 4172 4172 4172 4172 
1494 1533 1395 1603 1308 1374 1073 1260 616 323 797 808 4172 4172 4172 4172 
1622 1518 2058 2599 1309 1375 1093 1256 599 323 787 795 4173 4173 265 4173 
1500 1649 1423 1519 1307 1375 1074 1260 615 323 812 822 4172 4172 4172 4172 
1845 1544 2524 2890 1307 1372 1071 1256 1612 324 784 791 4174 4174 4174 4174 
1486 1532 1468 1730 1309 1376 1074 1261 605 324 797 804 4172 4172 4172 4172 
1561 1535 1391 1587 1308 1375 1073 1260 600 324 820 805 4173 4173 4173 4173 
1514 1498 1434 1641 1308 1375 1073 1271 600 324 806 805 4172 4172 4172 454 
1546 1494 1358 1565 1309 1376 1073 1259 596 323 798 808 4173 4173 4173 4173 
1597 1529 1393 1549 1309 1382 1074 1261 602 323 824 810 4172 4172 4172 4172 
1552 1575 1811 2103 1313 1375 1071 1257 605 324 790 797 4172 4172 4172 4172 
1450 1510 1549 1770 1309 1376 1072 1260 618 323 797 799 4172 4172 4172 4172 
1560 1522 1370 1543 1308 1377 1073 1261 596 323 813 808 4173 4173 4173 4173 
1490 1599 1427 1539 1307 1375 1075 1261 607 323 793 817 4173 4173 4173 4173 
1689 1474 1688 1890 1308 1376 1074 1259 590 323 788 795 4172 4172 4172 4172 
1494 1506 1417 1557 1306 1375 1074 1261 602 323 795 802 4173 4173 4173 4173 
1489 1509 1446 1623 1308 1375 1074 1261 600 324 798 805 4172 4172 4172 4172 
1544 1551 1403 1547 1308 1375 1074 1262 606 324 804 810 4173 4173 4173 4173 
1608 1547 1402 1539 1316 1378 1075 1262 603 324 809 816 4172 4172 4172 4172 
1502 1478 1503 1605 1304 1374 1071 1258 606 324 790 812 4173 4173 4173 4173 
1644 1503 1383 1532 1308 1376 1074 1260 592 324 815 820 4173 4173 4173 4173 
1735 1516 2328 2666 1308 1391 1072 1260 595 324 782 793 4171 845 4171 4171 
1474 1509 1439 1522 1298 1374 1071 1262 605 324 800 815 4173 4173 4173 4173 
1585 1863 1598 1919 1306 1374 1071 1258 620 323 824 814 4173 4173 4173 4173 
1477 1530 1435 1596 1304 1374 1073 1260 608 324 806 813 4172 4172 4172 4172 
1474 1510 1488 1666 1307 1374 1071 1260 603 324 793 804 4173 4173 4173 4173 
1549 1487 1427 1517 1303 1375 1076 1262 597 324 799 806 4172 4172 4172 4172 
1558 1559 1447 1555 1309 1376 1072 1258 610 324 818 811 4173 4173 4173 4173 
1554 1554 1380 1605 1305 1376 1074 1261 601 324 810 808 4172 4172 4172 4172 
1566 1508 1446 1615 1316 1377 1075 1258 595 324 789 803 4173 4173 4173 4173 
1520 1511 1431 1596 1308 1373 1071 1259 604 324 818 819 4172 4172 4172 4172 
1489 1499 1469 1593 1310 1375 1073 1261 609 323 797 804 4172 4172 4172 4172 
1538 1485 1753 1939 1308 1377 1074 1262 595 323 777 804 4172 4172 4172 4172 
1552 1559 1391 1539 1311 1375 1072 1257 601 323 798 809 4172 4172 4172 4172 
1469 1466 1394 1574 1311 1375 1074 1259 604 323 793 799 4172 4172 4172 4172 
1541 1512 1432 1623 1307 1374 1072 1257 601 324 802 806 4174 4174 4174 4174 
1472 1525 1547 1821 1308 1377 1073 1263 610 324 813 806 4173 4173 4173 4173 
1464 1720 1411 1610 1308 1374 1074 1259 619 323 808 817 4172 4172 4172 4172 
1530 1655 1645 1753 1308 1377 1074 1262 608 324 815 811 4172 4172 4172 4172 
1485 1533 1397 1558 1310 1379 1100 1262 605 323 802 806 4172 4172 728 4172 
1533 1435 1476 1693 1310 1375 1087 1258 590 324 806 793 4173 4173 246 4173 
1544 1572 1389 1554 1309 1375 1077 1261 606 324 825 818 4173 4173 4173 4173 
1500 1524 1447 1565 1307 1375 1073 1260 610 323 809 809 4174 4174 4174 4174 
1535 1513 1455 1570 1307 1374 1072 1260 603 323 800 808 4172 4172 4172 4172 
1512 1665 1613 1888 1307 1375 1074 1260 612 323 797 815 4172 4172 4172 4172 
1550 1465 1512 1671 1308 1389 1074 1261 597 323 806 803 4173 714 4173 4173 
1497 1598 1391 1535 1301 1377 1098 1259 610 324 803 816 4172 4172 240 4172 
1468 1437 1421 1631 1308 1375 1074 1260 611 324 794 803 4173 4173 4173 4173 
1548 1507 1440 1610 1309 1378 1076 1262 607 324 800 814 4173 4173 4173 4173 
1525 1651 1424 1538 1306 1374 1071 1259 613 324 811 815 4173 4173 4173 4173 
1577 1519 1405 1569 1306 1376 1073 1261 601 323 814 806 4172 4172 4172 4172 
1566 1461 1439 1549 1306 1375 1074 1259 592 324 786 805 4172 4172 4172 4172 
1711 1533 1418 1625 1309 1380 1236 1254 603 325 815 805 4173 4173 215 4173 
1528 1626 1428 1607 1306 1376 1075 1262 608 324 805 817 4172 4172 4172 4172 
1611 1504 1849 2114 1308 1375 1073 1261 596 323 782 796 4172 4172 4172 4172 
1536 1555 1394 1523 1311 1371 1069 1257 601 324 816 813 4173 4173 4173 4173 
1494 1533 1404 1566 1311 1378 1092 1263 611 323 824 810 4173 4173 680 4173 
1566 1558 1595 1827 1306 1374 1072 1259 544 323 799 803 4172 4172 4172 4172 
1505 1582 1459 1601 1307 1374 1072 1260 609 323 799 810 4172 4172 4172 4172 
1511 1682 1460 1724 1308 1375 1073 1261 618 323 802 813 4173 4173 4172 4172 
1568 1516 1378 1541 1312 1374 1071 1260 596 323 815 809 4172 4172 4172 4172 
1612 1557 1859 2284 1307 1383 3080 1258 607 323 810 802 1008 732 195 4173 
1513 1517 1446 1595 1307 1375 1073 1258 600 323 796 804 4174 4174 4174 4174 
1634 1491 1625 1899 1314 1375 1072 1258 594 323 790 802 4173 4173 4173 4173 
1500 1492 1430 1606 1307 1376 1074 1261 603 324 808 811 4172 4172 4172 4172 
1501 1526 1455 1639 1299 1376 1075 1261 607 324 798 810 4173 4173 4173 4173 
1588 1548 1462 1586 1308 1375 1074 1259 602 323 814 800 4173 4173 4173 4173 
1507 1353 1762 1933 1302 1375 1074 1263 551 324 735 752 4172 4172 4172 4172 
1513 1501 1448 1647 1310 1376 1073 1260 610 325 800 0 4173 4173 4173 4173 
1533 1510 1432 1674 1303 1379 1079 1265 604 323 801 806 4172 4172 4172 4172 
1522 1540 1409 1532 1306 1374 1074 1261 605 324 816 811 4172 4172 4172 4172 
1538 1530 1404 1647 1303 1377 1086 1271 607 324 801 801 4173 4173 511 4173 
1515 1492 1490 1696 1309 1375 1073 1258 607 323 800 806 4173 4173 4173 4173 
1487 1656 1423 1541 1307 1375 1072 1259 617 323 821 820 4173 4173 4173 4173 
1459 1508 1404 1622 1308 1376 1072 1258 613 323 820 806 4172 4172 4172 4172 
1535 1498 1423 1535 1309 1375 1080 1260 602 324 795 811 4172 4172 4172 4172 
1475 1851 1405 1587 1307 1375 1073 1260 624 323 813 827 4172 4172 4172 4172 
1793 1488 1607 1776 1303 1373 1071 1258 1614 324 802 796 4173 4173 4173 4173 
1501 1558 1626 2027 1314 1375 1072 1256 610 323 804 791 4172 4172 4172 4172 
1483 1485 1568 1743 1306 1376 1075 1263 610 323 801 802 4172 4172 4172 4172 
1496 1487 1590 1885 1315 1378 1074 1260 599 323 804 793 4171 4171 4171 4171 
1509 1644 1425 1519 1307 1375 1071 1259 618 323 805 826 4172 4172 4172 4172 
1509 1535 1436 1610 1306 1375 1074 1261 607 322 805 805 4171 4171 4171 4171 
1580 1500 1394 1540 1308 1393 1075 1259 601 322 807 811 4173 779 4173 4173 
1476 1507 1431 1554 1306 1384 1075 1262 605 322 798 808 4173 4173 4173 4173 
1528 1570 1427 1581 1306 1374 1072 1258 607 323 817 811 4172 4172 4172 4172 
1478 1476 2097 2485 1314 1375 1072 1258 597 323 782 791 4172 4172 4172 4172 
1513 1511 1399 1612 1303 1375 1073 1263 608 322 818 808 4172 4172 4172 4172 
1520 1488 1522 1741 1308 1377 1072 1260 602 323 790 800 4172 4172 4172 4172 
1503 1517 1406 1557 1312 1374 1071 1258 605 323 802 807 4172 4172 4172 4172 
1522 1518 1423 1508 1310 1374 1072 1258 604 323 810 811 4173 4173 4173 4173 
1560 1712 1387 1505 1308 1374 1073 1259 610 323 811 819 4173 4173 4173 4173 
1580 1514 1408 1549 1309 1375 1076 1260 600 324 817 807 4172 4172 4172 4172 
1493 1533 1375 1563 1308 1375 1073 1261 601 323 808 807 4172 4172 4172 4172 
1507 1534 2049 2431 1303 1375 1072 1258 605 324 811 799 4173 4173 4173 4173 
1534 1596 1412 1566 1313 1375 1072 1258 603 323 816 816 4172 4172 4172 4172 
1525 1505 1944 2339 1308 1375 1074 1260 603 323 786 792 4173 4173 4173 4173 
1501 1416 1462 1626 1307 1376 1073 1262 595 323 781 791 4172 4172 4172 4172 
1472 1503 1435 1634 1307 1374 1071 1258 606 324 803 804 4172 4172 4172 4172 
1523 1506 1558 1819 1310 1377 1085 1255 606 324 807 810 4172 4172 253 4172 
1566 1530 1780 1972 1309 1374 1074 1261 603 324 809 803 4172 4172 4172 4172 
1535 1505 1478 1660 1308 1377 1074 1261 604 323 817 804 4173 4173 4173 4173 
1489 1489 1411 1575 1310 1377 1075 1262 603 323 815 807 4172 4172 4172 4172 
1505 1570 1420 1609 1313 1376 1072 1260 611 323 807 812 4172 4172 4172 4172 
1589 1488 1395 1576 1308 1374 1073 1260 602 324 815 813 4173 4173 4173 4173 
1532 1529 1437 1590 1310 1374 1074 1272 600 324 800 815 4173 4173 4173 4173 
1532 1468 1417 1587 1308 1375 1073 1258 593 324 808 806 4172 4172 4172 4172 
1548 1477 1430 1561 1302 1376 1074 1262 604 324 801 806 4172 4172 4172 4172 
1528 1473 1437 1598 1314 1376 1075 1261 600 325 796 807 4173 4173 4173 4173 
1573 1447 1573 1723 1305 1374 1071 1261 596 324 783 799 4173 4173 4173 4173 
1500 1733 2289 2649 1307 1375 1074 1263 618 324 795 805 4173 4173 4173 4173 
1562 1705 1443 1548 1314 1373 1071 1258 613 324 803 822 4172 4172 4172 4172 
1447 1685 1476 1686 1309 1376 1075 1261 626 323 817 815 4172 4172 4172 4172 
1545 1481 1430 1651 1307 1373 1073 1258 600 323 806 804 4172 4172 4172 4172 
1470 1666 1599 1793 1309 1376 1075 1261 621 324 800 812 4172 4172 4172 4172 
1499 1510 1696 1978 1312 1375 1073 1258 606 324 793 802 4172 4172 4172 4172 
1520 1562 1563 1732 1314 1378 1076 1261 610 323 810 806 4172 4172 4172 4172 
1610 1542 1415 1550 1312 1374 1072 1259 606 324 804 813 4173 4173 4173 4173 
1499 1550 1501 1747 1303 1374 1071 1261 613 324 819 805 4172 4172 4172 4172 
1533 1606 1411 1534 1313 1375 2276 1254 608 324 807 812 4173 4173 195 4173 
1488 1454 1505 1677 1310 1374 1071 1259 596 323 792 796 4172 4172 4172 4172 
1453 1506 1479 1592 1316 1376 1073 1260 638 93 562 570 4172 4172 4172 4172 
1553 1611 1436 1563 1307 1375 1074 1265 600 324 803 809 4174 4174 4174 4174 
1477 2108 2043 2378 1307 1374 1078 1258 622 323 801 817 4172 4172 4172 4172 
1450 1897 2041 2216 1310 1374 1071 1258 628 324 806 817 4172 4172 4172 4172 
1527 1519 1434 1634 1309 1376 1076 1263 603 323 818 813 4172 4172 4172 4172 
1580 1494 1786 1920 1319 1377 1074 1258 599 323 786 800 4172 4172 4172 4172 
1595 1596 1399 1609 1306 1376 1073 1260 602 323 804 810 4172 4172 4172 4172 
1561 1487 1440 1561 1303 1374 1073 1259 596 323 792 811 4172 4172 4172 4172 
1517 1480 1423 1546 1298 1377 1074 1261 604 323 804 809 4172 4172 4172 4172 
1510 1506 1449 1538 1308 1377 1074 1262 599 323 810 808 4173 4173 4173 4173 
1528 1538 1399 1566 1307 1378 1075 1263 605 323 800 806 4173 4173 4173 4173 
1451 1505 1425 1637 1309 1373 1073 1259 618 323 794 797 4173 4173 4173 4173 
1484 1366 1464 1639 1311 1376 1074 1260 569 323 764 765 4174 4174 4174 4174 
1574 1726 1513 1743 1309 1375 1073 1261 610 323 818 812 4173 4173 4173 4173 
1634 1508 1391 1546 1307 1375 1174 1256 595 323 807 811 4172 4172 220 4172 
1485 1428 1736 2167 1308 1378 1076 1263 589 324 775 780 4173 4173 4173 4173 
1489 1522 1386 1582 1309 1378 1074 1260 608 323 798 809 4172 4172 4172 4172 
1587 1692 2047 2387 1307 1385 1075 1260 611 323 810 806 4172 4172 4172 4172 
1581 1824 1917 2200 1309 1375 1071 1259 609 323 811 808 4172 4172 4172 4172 
1491 1565 1475 1708 1309 1387 1074 1261 613 324 796 806 4173 704 4173 4173 
1543 1512 1599 1831 1307 1377 1073 1264 597 324 794 798 4173 4173 4173 4173 
1482 1502 1433 1588 1310 1374 1070 1256 600 323 809 807 4172 4172 4172 4172 
1549 1563 1399 1555 1311 1377 1074 1260 605 323 818 812 4172 4172 4172 4172 
1477 1504 1486 1713 1308 1376 1074 1261 612 323 796 803 4171 4171 4171 4171 
1571 1498 1468 1599 1308 1377 1074 1266 595 324 815 813 4173 4172 4172 4172 
1525 1490 1422 1583 1310 1376 1073 1260 606 324 799 806 4172 4172 4172 4172 
1474 1682 1416 1506 1307 1374 1071 1259 610 324 804 819 4172 4172 4172 4172 
1600 1657 1453 1607 1312 1377 1093 1257 605 324 820 818 4172 4172 252 4172 
1461 1421 1656 1867 1308 1375 1072 1259 594 323 793 790 4173 4173 4173 4173 
1580 1490 1456 1580 1307 1375 1073 1258 601 323 812 807 4173 4173 4173 4173 
1495 1636 2102 2591 1307 1374 1073 1259 615 323 790 799 4173 4173 4172 4172 
1504 1537 1410 1527 1314 1375 1074 1259 602 323 796 810 4173 4173 4172 4172 
1501 1541 1935 2367 1306 1375 1074 1260 603 324 786 800 4173 4173 4172 4172 
1535 1514 1416 1610 1311 1375 1072 1259 600 323 805 810 4173 4173 4173 4173 
1478 1519 1448 1627 1308 1374 1073 1260 608 324 809 807 4174 4174 4174 4174 
1529 1366 1416 1535 1308 1375 1076 1259 573 323 780 776 4172 4172 4172 4172 
1587 1504 1476 1643 1312 1377 1088 1259 598 323 808 805 4172 4172 300 4172 
1473 1511 1463 1595 1303 1377 1072 1262 609 324 796 814 4173 4173 4173 4173 
1482 1515 1392 1561 1309 1375 1076 1260 609 324 817 808 4172 4172 4172 4172 
1628 1382 1476 1661 1309 1374 1072 1260 569 324 763 770 4174 4174 4174 4174 
1508 1592 1826 2010 1307 1374 1071 1257 608 323 808 803 4173 4173 4173 4173 
1514 1535 1480 1600 1308 1375 1074 1262 605 323 792 807 4172 4172 4172 4172 
1665 1522 1500 1583 1303 1377 1076 1263 599 323 807 815 4172 4172 4172 4172 
1484 1540 1417 1572 1309 1376 1076 1260 608 324 797 812 4173 4173 4173 4173 
1510 1493 1441 1511 1308 1375 1073 1260 600 324 809 814 4173 4173 4173 4173 
1454 1594 1562 1772 1305 1374 1073 1260 618 323 799 810 4173 4173 4173 4173 
1463 1576 1426 1567 1310 1374 1072 1261 617 324 801 812 4172 4172 4172 4172 
1587 1511 1440 1533 1307 1376 1103 1259 600 324 809 811 4173 4173 225 4173 
1474 1494 1420 1541 1308 1375 1073 1260 611 323 812 809 4173 4173 4173 4173 
1505 1559 1394 1490 1306 1376 1073 1261 608 323 817 820 4173 4173 4173 4173 
1522 1607 1367 1523 1310 1375 1076 1262 610 323 804 819 4173 4173 4173 4173 
1584 1466 1512 1697 1308 1373 1070 1256 594 323 804 801 4172 4172 4172 4172 
1456 1516 1467 1642 1309 1374 1071 1260 615 324 811 805 4172 4172 4172 4172 
1564 1799 1848 1993 1311 1375 1073 1258 611 323 789 814 4172 4172 4172 4172 
1431 1486 1746 1920 1307 1374 1073 1261 619 323 788 794 4172 4172 4172 4172 
1559 1512 1430 1599 1305 1375 1074 1262 596 323 794 811 4173 4173 4173 4173 
1510 1524 1516 1685 1316 1378 1072 1258 602 324 805 806 4172 4172 4172 4172 
1508 1577 1444 1556 1308 1375 1073 1260 602 323 803 811 4173 4173 4172 4172 
1472 1521 1438 1570 1309 1377 1073 1258 615 323 805 812 4172 4172 4172 4172 
1543 1741 1449 1600 1306 1375 1072 1258 613 323 811 823 4173 4173 4173 4173 
1474 1540 1462 1623 1309 1375 1073 1261 610 323 814 813 4172 4172 4172 4172 
1550 1531 1412 1520 1307 1374 1071 1260 601 323 820 809 4172 4172 4172 4172 
1445 1755 1559 1738 1308 1378 1098 1261 629 323 803 815 4173 4173 319 4173 
1544 1763 1718 1834 1306 1377 1082 1262 613 323 804 812 4172 4172 4172 4172 
1538 1508 1376 1578 1308 1376 1074 1260 605 323 803 807 4172 4172 4172 4172 
1478 1615 1934 2207 1307 1375 1071 1261 614 323 789 806 4173 4173 4172 4172 
1528 1533 1380 1537 1300 1375 1074 1258 603 323 817 812 4172 4172 4172 4172 
1544 1623 1715 1940 1306 1373 1074 1263 609 323 811 811 4173 4173 4173 4173 
1483 1724 1432 1589 1303 1375 1073 1260 614 323 811 813 4173 4173 4173 4173 
1534 1530 1385 1545 1308 1376 1073 1262 606 323 821 814 4173 4173 4173 4173 
1579 1538 2109 2455 1308 1380 1078 1260 600 324 773 795 4173 4173 4173 4173 
1488 1423 1478 1620 1302 1374 1071 1259 603 324 785 791 4173 4173 4173 4173 
1533 1679 1421 1549 1309 1375 1071 1258 606 323 812 818 4173 4173 4173 4173 
1470 1515 1457 1612 1299 1376 1073 1263 606 323 818 813 4172 4172 4172 4172 
1471 1620 1924 2359 1303 1376 1073 1261 616 323 795 799 4173 4173 4173 4173 
1514 1603 1393 1541 1308 1374 1072 1260 610 323 820 813 4173 4173 4173 4173 
1569 1767 1794 2025 1308 1376 1073 1269 616 323 798 812 4173 4173 4173 4173 
1440 1492 1377 1547 1309 1376 1074 1263 613 323 796 808 4171 4171 4171 4171 
1503 1588 1377 1523 1307 1374 1073 1258 610 324 809 816 4172 4172 4172 4172 
1504 1505 1359 1575 1308 1375 1073 1262 607 323 823 808 4172 4172 4172 4172 
1444 1755 1518 1602 1308 1377 1074 1262 620 324 778 824 4173 4173 4173 4173 
1517 1540 1398 1540 1307 1387 1074 1261 602 323 797 813 4173 773 4173 4173 
1568 1605 1407 1652 1309 1376 1075 1274 603 324 819 812 4173 4173 4173 505 
1564 1674 1905 2133 1308 1377 1073 1258 611 324 798 806 4172 4172 4172 4172 
1509 1522 1396 1538 1314 1376 1074 1259 606 323 813 816 4172 4172 4172 4172 
1508 1601 1439 1549 1310 1375 1074 1260 608 324 802 815 4173 4173 4173 4173 
1434 1627 1423 1539 1308 1377 1071 1261 632 323 806 820 4172 4172 4172 4172 
1519 1505 1468 1571 1308 1375 1072 1261 604 323 811 813 4172 4172 4172 4172 
1503 1539 1532 1697 1306 1374 1073 1260 608 323 806 804 4172 4172 4172 4172 
1531 1487 1427 1571 1314 1375 1073 1261 593 323 808 802 4172 4172 4172 4172 
1528 1492 1413 1554 1310 1376 1072 1260 600 323 800 803 4174 4174 4174 4174 
1559 1548 1425 1587 1309 1374 1073 1262 601 323 802 807 4173 4173 4173 4173 
1553 1499 1706 2002 1307 1375 1073 1260 603 324 797 798 4172 4172 4172 4172 
1505 1728 1512 1676 1307 1374 1072 1260 608 323 805 813 4173 4173 4173 4173 
1685 1469 1821 2010 1310 1390 1090 1258 596 324 784 802 4172 733 278 4172 
1449 2042 1875 2240 1302 1375 1073 1263 629 324 819 816 4173 4173 4173 4173 
1449 1479 1435 1590 1307 1374 1074 1258 605 323 791 810 4173 4173 4173 4173 
1472 1562 1523 1738 1308 1373 1071 1259 609 323 814 806 4173 4173 4173 4173 
1508 1509 1418 1546 1310 1377 1073 1261 602 323 802 811 4173 4172 4172 4172 
1505 1516 1392 1556 1314 1375 1074 1268 611 323 818 808 4172 4172 4172 4172 
1527 1558 1702 2040 1308 1375 1074 1260 603 323 804 800 4173 4173 4173 4173 
1535 1507 1404 1575 1307 1399 1072 1259 599 323 798 804 4173 691 4173 4173 
1480 1497 1430 1570 1310 1374 1073 1261 611 323 809 803 4173 4173 4173 4173 
1496 1608 1390 1540 1308 1374 1072 1258 611 323 819 818 4172 4172 4172 4172 
1544 1562 1398 1536 1308 1374 1071 1261 604 323 802 809 4173 4173 4173 4173 
1572 2126 1849 2199 1307 1375 1073 1261 616 323 821 813 4173 4173 4173 4173 
1571 1508 1366 1621 1309 1376 1074 1261 599 323 802 808 4172 4172 4172 4172 
1528 1567 1413 1575 1310 1375 1074 1261 605 323 817 821 4173 4173 4173 4173 
1545 1520 1443 1617 1306 1375 1073 1261 597 323 796 806 4173 4173 4173 4173 
1598 1455 1374 1580 1309 1376 1073 1261 590 322 791 797 4172 4172 4172 4172 
1527 1458 1408 1585 1306 1375 1072 1259 593 323 794 802 4172 4172 4172 4172 
1519 1441 1461 1655 1306 1374 1072 1262 591 324 797 798 4173 4173 4173 4173 
1506 1514 1447 1601 1305 1376 1073 1261 601 323 807 809 4173 4173 4173 4173 
1537 1647 1477 1667 1308 1376 1071 1260 610 323 805 811 4173 4173 4173 4173 
1486 1545 1541 1755 1314 1376 1074 1260 603 323 811 804 4172 4172 4172 4172 
1463 1714 1402 1604 1319 1376 1097 1259 619 323 825 816 4173 4173 269 4173 
1484 1547 1480 1607 1309 1374 1073 1260 607 322 813 813 4171 4171 4171 4171 
1507 1638 1389 1541 1302 1374 1073 1263 615 323 825 822 4173 4173 4173 4173 
1522 1495 1461 1641 1309 1376 1072 1257 599 323 795 802 4172 4172 4172 4172 
1472 1770 1417 1541 1307 1374 1073 1260 617 323 821 821 4172 4172 4172 4172 
1500 1506 1520 1705 1312 1375 1072 1259 606 324 796 805 4173 4173 4173 4173 
1573 1492 1421 1599 1315 1375 1073 1273 597 323 809 808 4173 4173 4173 452 
1524 1505 1386 1557 1307 1376 1073 1261 599 323 797 806 4173 4173 4173 4173 
1491 1629 1660 1962 1308 1375 1076 1261 618 322 794 802 4172 4172 4172 4172 
1545 1510 1462 1615 1308 1376 1071 1259 602 323 796 805 4172 4172 4172 4172 
1504 1591 1466 1576 1309 1376 1075 1262 605 323 802 811 4173 4173 4173 4173 
1494 1492 1406 1607 1308 1374 1071 1263 604 323 802 803 4173 4173 4173 4173 
1541 1510 1382 1539 1310 1375 1073 1258 603 323 807 806 4173 4173 4173 4173 
1484 1524 1482 1622 1304 1373 1090 1258 1291 323 787 802 4173 4173 284 4173 
1596 1496 1640 1877 1307 1375 1099 1261 597 323 792 796 4172 4172 230 4172 
1544 1535 1457 1671 1310 1377 1075 1260 600 323 802 805 4173 4173 4173 4173 
1501 1519 1861 2143 1308 1374 1073 1260 601 323 788 794 4173 4173 4173 4173 
1490 1515 1385 1521 1306 1375 1073 1257 607 324 801 811 4173 4173 4173 4173 
1672 1825 1389 1611 1309 1376 1073 1260 610 323 829 820 4173 4173 4173 4173 
1493 1545 1459 1631 1306 1374 1072 1262 607 323 815 809 4173 4173 4173 4173 
1490 1524 1398 1553 1309 1376 1074 1260 610 323 799 810 4173 4173 4173 4173 
1833 1740 1924 2182 1300 1372 1074 1261 1621 323 794 802 4173 4173 4173 4173 
1557 1522 1415 1617 1307 1373 1074 1259 1267 323 795 804 4172 4172 4172 4172 
1534 1487 1395 1555 1303 1375 1074 1261 603 323 813 804 4173 4173 4173 4173 
1452 1519 1405 1517 1308 1373 1071 1257 613 323 799 812 4173 4173 4173 4173 
1519 1519 1561 1881 1307 1373 1070 1257 601 323 806 798 4173 4173 4173 4173 
1549 1511 1424 1578 1310 1377 1074 1260 599 323 793 812 4173 4173 4173 4173 
1526 1499 1456 1574 1307 1375 1087 1258 600 323 817 811 4173 4173 289 4173 
1638 1636 1947 2398 1311 1375 1078 1263 605 323 783 802 4173 4173 4173 4173 
1534 1562 1418 1535 1310 1376 1073 1261 605 323 816 818 4173 4173 4173 4173 
1541 1521 1455 1591 1301 1375 1075 1263 598 323 797 814 4173 4173 4173 4173 
1454 1503 1716 1910 1314 1376 1072 1259 605 323 790 801 4172 4172 4172 4172 
1492 1546 1417 1575 1310 1377 1076 1263 603 323 798 807 4174 4174 4173 4173 
1538 1515 1417 1600 1307 1374 1072 1258 600 322 815 808 4173 4173 4173 4173 
1538 1787 1400 1570 1306 1374 1074 1260 608 322 814 815 4173 4173 4173 4173 
1465 1491 1457 1611 1308 1375 1073 1261 618 322 812 808 4173 4173 4173 4173 
1545 1533 1397 1520 1309 1376 1074 1260 600 323 817 812 4173 4173 4173 4173 
1541 1477 1578 1810 1314 1375 1073 1259 595 323 784 801 4173 4173 4173 4173 
1502 1765 1402 1612 1303 1375 1074 1260 612 323 831 820 4173 4173 4172 4172 
1490 1504 1729 1893 1307 1375 1074 1259 599 323 781 806 4173 4173 4173 4173 
1585 1511 1418 1671 1309 1375 1071 1267 601 323 816 802 4173 4173 4173 4173 
1602 1492 1619 1918 1308 1376 1071 1262 593 323 785 798 4172 4172 4172 4172 
1514 1532 1461 1636 1318 1375 1073 1259 605 323 813 809 4172 4172 4172 4172 
1628 1536 1416 1631 1310 1377 1074 1260 601 324 798 810 4174 4174 4174 4174 
1500 1551 1458 1618 1307 1375 1073 1261 603 323 812 812 4172 4172 4172 4172 
1539 1550 1407 1526 1310 1377 1075 1262 599 323 798 820 4173 4173 4173 4173 
1562 1535 1432 1524 1309 1374 1075 1260 596 323 812 811 4173 4173 4173 4173 
1469 1529 1425 1593 1309 1378 1076 1263 618 323 794 809 4174 4174 4174 4174 
1565 1512 1403 1546 1311 1375 1073 1260 607 323 806 805 4173 4173 4173 4173 
1533 1493 1471 1605 1306 1374 1073 1260 597 323 814 803 4173 4173 4173 4173 
1452 1487 1764 1935 1313 1374 1071 1257 602 324 803 800 4173 4173 4173 4173 
1545 1603 1592 1723 1306 1374 1071 1260 606 324 803 814 4173 4173 4173 4173 
1575 1508 1418 1539 1310 1377 1074 1270 601 324 811 813 4173 4173 4173 4173 
1518 1506 1534 1701 1299 1375 1073 1262 601 324 799 807 4173 4173 4173 4173 
1536 1528 1765 1975 1308 1376 1087 1259 606 324 789 808 4172 4172 290 4172 
1604 1482 1445 1559 1307 1375 1073 1262 600 323 795 809 4172 4172 4172 4172 
1554 1435 1442 1649 1308 1377 1076 1261 592 323 807 800 4173 4173 4173 4173 
1579 1348 1739 2022 1310 1377 1074 1262 563 324 746 763 4173 4173 4173 4173 
1480 1630 1395 1613 1309 1375 1073 1260 614 323 808 814 4173 4173 4173 4173 
1553 1486 2142 2528 1308 1378 1076 1262 597 324 776 799 4174 4174 4174 4174 
1476 1587 1406 1538 1312 1377 1074 1262 613 323 820 814 4173 4173 4173 4173 
1490 1488 1404 1565 1306 1378 1075 1263 605 323 797 802 4172 4172 4172 4172 
1510 1549 1410 1551 1305 1376 1076 1261 606 323 818 809 4173 4173 4173 4173 
1521 1866 1682 1950 1308 1374 1073 1258 627 323 823 814 4174 4174 4174 4174 
1502 1653 1404 1621 1310 1374 1071 1260 619 323 828 815 4173 4173 4173 4173 
1542 1522 1433 1527 1309 1375 1074 1258 598 323 815 813 4173 4173 4173 4173 
1621 1485 1478 1667 1307 1373 1073 1260 591 323 795 800 4172 4172 4172 4172 
1555 1556 1567 1766 1309 1374 1071 1257 605 323 793 804 4173 4173 4173 4173 
1613 1522 1490 1689 1307 1373 1072 1258 597 323 812 806 4173 4173 4173 4173 
1475 1591 1430 1558 1306 1375 1073 1262 614 323 801 812 4172 4172 4172 4172 
1449 1435 1749 2049 1307 1375 1073 1261 600 324 792 792 4174 4174 4174 4174 
1544 1541 1421 1584 1309 1376 1073 1261 608 324 805 816 4173 4173 4173 4173 
1571 1510 2182 2749 1308 1374 1073 1258 598 323 785 787 4173 4173 4173 4173 
1541 1533 1470 1679 1310 1378 1075 1263 602 323 801 811 4173 4173 4173 4173 
1501 1703 1437 1546 1307 1374 1074 1260 618 323 820 823 4173 4173 4173 4173 
1611 1598 1373 1522 1308 1375 1074 1260 600 323 803 815 4173 4173 4173 4173 
1635 1619 2035 2337 1310 1377 1075 1261 605 323 795 807 4173 4173 4173 4173 
1521 1521 1423 1594 1310 1375 1074 1263 596 323 812 805 4173 4173 4173 4173 
1533 1482 1374 1543 1308 1375 1073 1259 604 323 815 809 4173 4173 4173 4173 
1531 1508 1508 1673 1313 1375 1072 1258 603 323 797 809 4174 4174 4173 4173 
1586 1583 1841 2021 1308 1374 1073 1262 600 323 786 800 4173 4173 4173 4173 
1464 1491 1452 1554 1308 1374 1074 1260 608 323 796 808 4173 4173 4173 4173 
1621 1319 1879 2082 1305 1375 1072 1261 599 324 787 807 4173 4173 4173 4173 
1514 1519 1432 1600 1307 1374 1071 1259 602 324 815 811 4174 4174 4174 4174 
1539 1891 1425 1546 1314 1376 1073 1259 616 324 811 828 4174 4174 4174 4174 
1569 1426 2157 2500 1307 1377 1089 1258 592 324 783 789 4173 4173 270 4173 
1515 1517 1429 1596 1298 1375 1073 1263 609 323 823 814 4173 4173 4173 4173 
1480 1517 1340 1570 1309 1376 1073 1261 598 323 805 806 4174 4174 4173 4173 
1516 1529 1428 1525 1307 1375 1071 1259 610 324 806 822 4174 4174 2839 4174 
1473 1610 1623 1896 1304 1376 1074 1259 614 323 799 811 4173 4173 4173 4173 
1488 1541 1431 1610 1306 1375 1074 1262 613 323 797 812 4173 4173 4173 4173 
1805 2142 1911 2223 1309 1374 1073 1259 1633 323 822 814 4173 4173 4173 4173 
1504 1609 1393 1622 1306 1374 1073 1259 611 323 807 811 4173 4173 4173 4173 
1579 1516 1426 1610 1308 1377 1073 1262 598 324 820 813 4173 4173 4173 4173 
1489 1508 1654 1675 1315 1375 1072 1258 601 324 793 800 4173 4173 4173 4173 
1505 1465 1366 1499 1307 1375 1073 1260 598 324 810 812 4172 4172 4172 4172 
1481 1557 1275 1467 1307 1376 1073 1262 606 323 831 817 4173 4173 4173 4173 
1562 2109 1893 2268 1307 1376 1087 1257 623 324 823 814 4174 4174 267 4174 
1577 1535 1862 2143 1311 1377 1085 1258 602 324 800 802 4174 4174 265 4174 
1505 1477 1477 1698 1309 1377 1075 1262 600 323 807 804 4172 4172 4172 4172 
1552 1498 1408 1591 1307 1374 1072 1259 597 323 797 804 4173 4173 4173 4173 
1489 1498 1381 1622 1309 1376 1074 1262 604 323 809 810 4172 4172 4172 4172 
1533 1734 1643 1865 1303 1377 1091 1257 616 324 815 810 4173 4173 271 4173 
1493 1497 1421 1635 1309 1377 1073 1263 605 323 799 804 4173 4173 4173 4173 
1542 1519 1591 1762 1310 1374 1073 1257 602 323 786 797 4172 4172 4172 4172 
1545 1560 2161 2534 1308 1376 1074 1263 606 322 799 795 4172 4172 4172 4172 
1497 1749 1854 2158 1314 1374 1073 1263 615 323 814 807 4172 4172 4172 4172 
1513 1620 1439 1607 1307 1375 1073 1261 615 324 788 812 4173 4173 4173 4173 
1488 1530 1393 1594 1314 1374 1073 1257 611 324 798 806 4173 4173 4173 4173 
1501 1526 1531 1649 1314 1378 1076 1262 604 324 794 810 4174 4174 4174 4174 
1528 1549 1430 1569 1356 1376 1071 1260 605 324 813 813 704 4174 4174 4174 
1526 1544 1535 1834 1311 1375 1071 1258 602 324 798 799 4172 4172 4172 4172 
1518 1693 1449 1594 1308 1376 1074 1261 607 323 816 818 4172 4172 4172 4172 
1497 1507 1421 1583 1312 1378 1077 1263 608 323 798 805 4173 4173 4173 4173 
1484 1571 1398 1632 1310 1377 1076 1260 607 323 802 808 4173 4173 4173 4173 
1613 1564 1317 1437 1306 1375 1071 1259 598 323 814 819 4172 4172 4172 4172 
1568 1497 1402 1517 1309 1374 1073 1260 603 324 813 814 4173 4173 4173 4173 
1580 1602 1422 1584 1308 1376 1073 1258 607 324 800 815 4174 4174 4174 4174 
1562 1503 1504 1553 1306 1375 1070 1258 602 324 788 805 4173 4173 4173 4173 
1517 1625 1440 1582 1300 1375 1072 1262 614 324 816 816 4173 4173 4173 4173 
1528 1619 1410 1583 1307 1373 1081 1259 611 323 804 819 4173 4173 4173 4173 
1464 1492 1430 1589 1310 1374 1074 1260 612 323 816 806 4173 4173 4173 4173 
1545 1493 2274 2951 1311 1376 1074 1261 593 323 787 778 4173 4173 4173 4173 
1522 1472 1410 1605 1307 1375 1072 1258 595 323 809 800 4174 4174 4174 4174 
1537 1531 1442 1610 1306 1375 1071 1260 598 323 814 812 4173 4173 4173 4173 
1505 1510 1375 1619 1309 1375 1072 1260 606 323 805 806 4173 4173 4173 4173 
1512 1866 2324 2742 1312 1375 1073 1261 613 323 801 808 4173 4173 4173 4173 
1484 1561 1452 1628 1313 1374 1071 1259 606 323 793 809 4173 4173 4173 4173 
1536 1802 1407 1557 1314 1376 1074 1262 610 323 810 821 4173 4173 4173 4173 
1493 1505 1463 1505 1310 1376 1074 1261 607 323 792 818 4173 4173 4173 4173 
1502 1491 1426 1581 1307 1375 1072 1260 598 323 807 807 4173 4173 4173 4173 
1658 1496 1590 1737 1309 1375 1074 1261 599 323 806 807 4172 4172 4172 4172 
1591 1399 1402 1565 1302 1376 1074 1263 587 323 793 795 4173 4173 4173 4173 
1540 1526 1439 1658 1309 1378 1076 1265 603 324 813 800 4173 4173 4173 4173 
1487 1513 1650 1831 1306 1372 1071 1260 596 323 799 800 4173 4173 4173 4173 
1486 1615 1455 1636 1308 1375 1072 1260 607 324 812 812 4174 4174 4174 4174 
1574 1617 1439 1634 1301 1375 1073 1265 603 323 812 814 4173 4173 4173 4173 
1485 1496 1376 1543 1310 1377 1073 1262 608 324 786 808 4173 4173 4173 4173 
1532 1383 1445 1704 1309 1375 1075 1261 579 324 769 773 4173 4173 4173 4173 
1563 1498 1363 1527 1308 1374 1073 1261 600 324 812 813 4172 4172 4172 4172 
1517 1707 1466 1617 1306 1374 1073 1260 612 324 801 823 4173 4173 4173 4173 
1515 1792 1774 2081 1307 1375 1074 1260 616 325 802 807 4174 4174 4174 4174 
1548 1534 1815 2059 1314 1375 1074 1259 604 323 789 803 4173 4173 4173 4173 
1496 1490 2052 2310 1307 1374 1071 1259 605 323 777 797 4174 4174 4174 4174 
1502 1786 1368 1578 1306 1374 1073 1260 616 323 818 822 4173 4173 4173 4173 
1540 1562 1900 2050 1305 1375 1074 1260 610 323 792 807 4173 4173 4173 4173 
1489 1484 1387 1546 1303 1376 1073 1260 607 323 798 806 4173 4173 4172 4172 
1537 1479 1405 1597 1307 1375 1074 1260 606 323 792 805 4173 4173 4173 4173 
1456 1522 1434 1595 1307 1374 1073 1261 608 323 801 808 4173 3414 4173 4173 
1583 1522 2142 2571 1313 1377 1087 1259 603 324 779 795 4173 4173 252 4173 
1536 1760 2026 2327 1311 1376 1074 1258 612 324 796 810 4173 4173 4173 4173 
1542 1593 1460 1563 1309 1376 1073 1260 603 323 792 810 4173 4173 4173 4173 
1480 1636 1625 1838 1316 1375 1074 1259 612 323 797 804 4173 4173 4173 4173 
1528 1590 1611 1897 1314 1374 1072 1257 600 324 794 806 4173 4173 4173 4173 
1470 1528 1458 1618 1309 1377 1074 1260 606 323 812 807 4173 4173 4173 4173 
1482 1494 1449 1567 1306 1375 1085 1259 603 324 795 801 4172 4172 252 4172 
1457 1687 1411 1621 1303 1376 1095 1258 618 323 809 818 4172 4172 244 4172 
1564 1790 1663 1784 1309 1375 1074 1261 612 323 799 819 4173 4173 4173 4173 
1569 1444 1650 1806 1315 1391 1074 1258 595 323 783 795 4173 720 4173 4173 
1561 1512 1408 1561 1309 1379 1075 1261 595 323 801 808 4173 4173 4173 4173 
1476 1372 1417 1578 1310 1375 1074 1261 560 323 760 758 4173 4173 4172 4172 
1539 1542 1498 1581 1312 1375 1074 1258 600 323 808 806 4173 4173 4173 4173 
1578 1604 1429 1579 1305 1375 1072 1260 603 324 802 814 4173 4173 4173 4173 
1553 1546 1408 1604 1306 1376 1073 1258 605 323 798 802 4173 4173 4173 4173 
1491 2129 1967 2532 1311 1378 1076 1262 628 323 804 807 4173 4173 4173 4173 
1589 1540 1667 2006 1307 1373 1071 1259 602 322 805 798 4171 4171 4170 4170 
1549 1506 1644 1894 1303 1375 1074 1260 603 323 804 802 4172 4172 4172 4172 
1596 1501 2127 2538 1307 1375 1071 1255 596 323 780 797 4173 4173 4173 4173 
1579 1518 1426 1557 1309 1375 1074 1262 597 323 793 802 4172 4172 4172 4172 
1452 1546 1437 1584 1307 1373 1071 1259 613 324 823 818 4173 4173 4173 4173 
