1460 1495 2202 2732 1317 1375 1071 1260 624 336 1137 806 4174 4174 4174 4174 
1505 1763 1396 1526 1308 1376 1073 1261 628 336 1167 835 4174 4174 4174 4174 
1601 1436 1440 1694 1308 1375 1074 1263 613 336 1152 815 4174 4174 4173 4173 
1485 1513 1449 1576 1311 1375 1074 1262 631 336 1159 829 4174 4174 4174 4174 
1564 1628 1533 1693 1301 1373 1071 1262 620 336 1158 823 4173 4173 4173 4173 
1496 1533 1479 1527 1304 1376 1075 1275 628 336 1159 828 4174 4174 4174 4174 
1493 1489 1432 1646 1307 1374 1093 1258 621 336 1157 820 4174 4174 267 4174 
1528 1498 1411 1559 1310 1374 1073 1263 621 336 1159 817 4175 4175 4174 4174 
1517 1533 1410 1578 1314 1375 1074 1263 623 336 1156 818 4174 4174 4174 4174 
1599 1770 1442 1643 1300 1373 1071 1260 625 336 1169 831 4174 4174 4174 4174 
1528 1471 1818 2116 1301 1378 1074 1262 618 336 1146 808 4174 4174 4174 4174 
1473 1503 1538 1733 1303 1374 1075 1262 623 336 1153 815 4174 4174 4174 4174 
1597 1539 1916 2251 1308 1375 1073 1263 618 336 1143 811 4173 4173 4173 4173 
1489 1514 1453 1593 1309 1374 1072 1260 616 335 1151 819 4174 4174 4174 4174 
1522 1489 1456 1614 1316 1373 1071 1274 615 336 1148 817 4173 4173 4173 720 
1603 1443 1496 1651 1312 1374 1073 1260 605 335 1146 812 4174 4174 4174 4174 
1509 1456 1505 1652 1309 1374 1073 1262 612 336 1150 810 4173 4173 4173 4173 
1570 1493 2153 2631 1306 1372 1070 1259 612 336 1137 799 4173 4173 4173 4173 
1460 1521 1452 1635 1309 1373 1074 1260 627 335 1162 817 4174 4174 4174 4174 
1494 1695 1795 2025 1309 1374 1072 1262 633 336 1152 821 4174 4174 4174 4174 
1471 1477 1446 1577 1308 1373 1073 1261 618 336 1158 820 4173 4173 4173 4173 
1593 1471 1519 1717 1308 1373 1072 1261 613 336 1150 815 4174 4174 4174 4174 
1618 1522 1427 1525 1317 1375 1074 1261 614 336 1155 835 4173 4173 4173 4173 
1480 1682 1605 1910 1306 1375 1074 1266 632 336 1160 824 4174 4174 4174 4174 
1493 1499 1490 1647 1308 1373 1072 1262 624 336 1148 818 4173 4173 4173 4173 
1505 1546 1580 1823 1308 1373 1071 1261 627 336 1156 816 4173 4173 4173 4173 
1530 1684 1396 1578 1309 1374 1072 1262 628 336 1163 829 4173 4173 4173 4173 
1526 1572 1499 1605 1306 1374 1071 1263 627 336 1161 831 4174 4174 4173 4173 
1506 1483 1402 1564 1306 1372 1074 1263 615 336 1153 811 4173 4173 4173 4173 
1587 1524 1501 1653 1318 1374 1072 1261 612 336 1152 809 4173 4173 4173 4173 
1474 1499 1420 1636 1311 1375 1070 1261 617 336 1159 819 4173 4173 4173 4173 
1524 1471 1586 1898 1299 1373 1074 1261 615 336 1153 804 4173 4173 4173 4173 
1589 1433 1468 1684 1310 1373 1071 1263 601 336 1139 802 4174 4174 4174 4174 
1481 1512 1522 1717 1308 1373 1071 1261 622 336 1164 816 4174 4174 4174 4174 
1453 1672 1628 1841 1308 1376 1076 1265 641 335 1161 828 4173 4173 4173 4173 
1550 1488 1460 1616 1308 1372 1071 1260 618 335 1155 816 4173 4173 4173 4173 
1685 1489 2031 2405 1309 1374 1072 1260 610 336 1137 801 4174 4174 4174 4174 
1506 1501 1430 1602 1310 1374 1073 1261 616 336 1152 815 4174 4174 4174 4174 
1494 1512 1380 1546 1310 1377 1074 1263 623 336 1165 833 4173 4173 4173 4173 
1489 1482 1433 1622 1295 1363 1040 1270 617 336 1129 813 4173 4173 0 4173 
1496 1538 1489 1683 1299 1374 1073 1263 620 336 1156 818 4173 4173 4173 4173 
1532 1512 1654 1920 1313 1372 1071 1259 618 335 1151 813 4173 4173 4173 4173 
1506 1564 1650 1879 1310 1375 1076 1264 621 336 1151 816 4173 4173 4173 4173 
1559 1501 1461 1586 1308 1373 1072 1261 612 336 1157 815 4173 4173 4173 4173 
1543 1479 1444 1635 1307 1374 1073 1261 617 336 1160 814 4172 4172 4172 4172 
1566 1455 1473 1621 1302 1373 1072 1261 612 336 1145 813 4173 4173 4173 4173 
1536 1486 1460 1644 1309 1373 1072 1263 618 336 1159 816 4173 4173 4173 4173 
1562 1498 1443 1556 1316 1376 1073 1260 612 336 1146 821 4172 4172 4172 4172 
1536 1511 1418 1597 1308 1373 1071 1260 619 336 1164 826 4173 4173 4173 4173 
1503 1480 1742 1987 1316 1373 1071 1259 617 336 1142 801 4173 4173 4173 4173 
1656 1505 1445 1611 1300 1375 1073 1265 621 336 1164 822 4173 4173 4173 4173 
1539 1472 1444 1568 1313 1374 1071 1260 620 336 1155 822 4173 4173 4173 4173 
1531 1537 1432 1633 1308 1376 1076 1263 622 336 1153 817 4173 4173 4173 4173 
1491 1579 1480 1625 1309 1373 1074 1262 627 336 1153 820 4172 4172 4172 4172 
1621 1555 2125 2441 1306 1398 1072 1260 615 336 1141 811 4174 877 4174 4174 
1526 1502 1420 1563 1310 1374 1072 1262 620 337 1163 825 4173 4173 4173 4173 
1553 1512 1483 1667 1319 1372 1070 1259 618 336 1158 816 4172 4172 4172 4172 
1549 1529 1533 1677 1306 1374 1074 1263 621 336 1160 823 4173 4173 4173 4173 
1511 1763 1846 2175 1309 1374 1074 1261 634 336 1158 823 4172 4172 4172 4172 
1516 1476 1509 1758 1307 1372 1072 1260 609 336 1146 811 4173 4173 4173 4172 
1469 1544 1415 1577 1315 1371 1071 1262 627 336 1157 825 4172 4172 4172 4172 
1645 1479 1839 2084 1306 1374 1073 1262 613 336 1141 811 4172 4172 4172 4172 
1521 1513 1426 1581 1303 1374 1073 1262 622 337 1159 821 4173 4173 4173 4173 
1506 1465 1477 1633 1307 1374 1073 1261 618 336 1149 811 4174 4174 4174 4174 
1541 1513 1565 1799 1313 1373 1071 1262 617 336 1149 821 4174 4174 4173 4173 
1495 1482 1392 1574 1308 1372 1073 1262 614 336 1152 818 4172 4172 4172 4172 
1470 1477 1436 1551 1316 1373 1071 1260 618 336 1156 818 4172 4172 4172 4172 
1548 1497 1503 1612 1308 1375 1072 1261 620 336 1160 822 4172 4172 4172 4172 
1437 1477 1410 1527 1316 1375 1073 1263 654 309 1131 794 4173 4173 4173 4173 
1536 1418 1420 1607 1306 1374 1074 1268 604 336 1147 806 4173 4173 4173 4173 
1471 1634 1798 2067 1312 1374 1071 1261 629 336 1149 818 4175 4175 4175 4175 
1434 1497 1489 1628 1309 1376 1073 1263 638 336 1155 820 4173 4173 4173 4173 
1576 1509 1438 1535 1318 1375 1082 1256 612 336 1152 822 4174 4174 275 4174 
1461 1492 1651 1840 1315 1374 1100 1257 635 336 1154 811 4172 4172 291 4172 
1454 1804 1411 1573 1310 1376 1074 1263 634 336 1166 838 4173 4173 4173 4172 
1517 1545 1458 1605 1297 1372 1071 1259 622 336 1159 820 4173 4173 4173 4173 
1574 1502 2331 2853 1318 1409 1434 1259 621 336 1134 808 4172 692 207 4172 
1530 1509 1428 1602 1310 1377 1074 1263 624 336 1159 822 4172 4172 4172 4172 
1533 1508 1512 1675 1309 1374 1074 1263 618 335 1154 813 4173 4173 4173 4173 
1585 1624 1614 1878 1304 1372 1074 1260 626 336 1155 817 4173 4173 4173 4173 
1617 1475 1455 1667 1308 1374 1073 1262 611 336 1153 811 4174 4174 4174 4174 
1505 1522 1540 1711 1312 1374 1074 1262 628 336 1150 816 4173 4173 4173 4173 
1479 1594 1428 1558 1315 1372 1071 1260 634 337 1164 830 4173 4173 4173 4173 
1544 2001 1917 2246 1307 1373 1071 1261 630 336 1158 829 4173 4173 4173 4173 
1487 1485 1414 1571 1310 1388 1072 1260 626 336 1156 818 4174 738 4174 4174 
1582 1490 1447 1527 1311 1377 1073 1265 615 336 1155 825 4173 4173 4173 4173 
1507 1582 1419 1593 1318 1375 1074 1262 626 336 1166 821 4172 4172 4172 4172 
1476 1508 1534 1785 1309 1373 1073 1260 625 336 1154 816 4173 4173 4173 4173 
1561 1635 1433 1590 1306 1374 1073 1261 621 336 1165 826 4173 4173 4173 4173 
1550 1539 1446 1583 1303 1374 1072 1263 616 336 1159 824 4173 4173 4173 4173 
1450 1566 1454 1582 1308 1374 1074 1261 636 337 1169 825 4172 4172 4172 4172 
1556 1958 1820 2084 1307 1375 1070 1261 631 336 1162 830 4172 4172 4172 4172 
1527 1582 1434 1605 1310 1374 1074 1263 624 336 1155 822 4172 4172 4172 4172 
1500 1616 1414 1615 1309 1375 1072 1260 629 336 1163 824 4173 4173 4173 4173 
1489 1559 1408 1557 1309 1374 1074 1262 620 336 1162 826 4174 4174 4174 4174 
1546 1464 1392 1606 1304 1373 1074 1261 613 336 1157 815 4172 4172 4172 4172 
1529 1461 1398 1559 1309 1374 1074 1261 614 336 1148 817 4174 4174 4173 4173 
1512 1506 1395 1528 1318 1375 1074 1260 617 336 1161 826 4173 4173 4173 4173 
1553 1483 1437 1533 1315 1374 1072 1260 611 336 1146 816 4173 4173 4173 4173 
1615 1536 1612 1839 1310 1375 1074 1263 621 337 1159 819 4173 4173 4173 4173 
1520 1505 1436 1521 1308 1373 1072 1261 615 336 1150 825 4173 4173 4173 4173 
1494 1459 1421 1566 1304 1376 1077 1262 625 336 1171 816 4173 4173 4173 4173 
1480 1489 1417 1591 1307 1373 1073 1262 616 336 1154 814 4173 4173 4173 4173 
1514 1635 1454 1645 1310 1404 1074 1262 651 335 1185 852 4173 709 4173 4173 
1556 1762 1400 1569 1307 1373 1072 1259 628 336 1172 827 4173 4173 3701 4173 
1543 1517 1426 1614 1319 1373 1072 1260 614 336 1153 818 4174 4174 4174 4174 
1569 1539 1877 2085 1310 1375 1073 1261 615 336 1130 815 4173 4173 4173 4173 
1474 1614 1413 1559 1313 1372 1073 1260 635 336 1163 827 4173 4173 4173 4173 
1489 1389 1415 1584 1309 1373 1071 1259 605 336 1153 807 4173 4173 4173 4173 
1580 1460 1947 2219 1308 1376 1071 1260 610 336 1137 802 4174 4174 4174 4174 
1577 1490 1445 1621 1309 1374 1071 1261 621 335 1159 813 4173 4173 4173 4173 
1478 1508 1937 2242 1309 1374 1071 1260 621 336 1141 810 4172 4172 4172 4172 
1486 1494 1433 1572 1308 1375 1073 1262 622 336 1152 816 4173 4173 4173 4173 
1485 1495 1463 1633 1309 1374 1074 1262 622 336 1157 814 4172 4172 4172 4172 
1503 1593 1418 1576 1308 1374 1073 1261 626 336 1159 829 4173 4173 4173 4173 
1516 1558 1427 1554 1308 1373 1071 1262 622 336 1159 827 4173 4173 4173 4173 
1556 1553 1419 1579 1311 1374 1076 1264 618 336 1160 826 4173 4173 4173 4173 
1497 1551 1465 1565 1308 1374 1071 1262 622 336 1161 824 4173 4173 4173 4173 
1500 1481 1438 1609 1313 1374 1071 1260 619 336 1156 815 4173 4173 4173 4173 
1552 1698 1868 2203 1308 1390 1071 1260 632 336 1154 818 4173 767 4173 4173 
1551 1504 1423 1524 1307 1374 1071 1260 616 336 1153 819 4172 4172 4172 4172 
1501 1559 1407 1623 1309 1374 1105 1257 620 336 1159 819 4173 4173 237 4173 
1537 1530 1415 1578 1309 1373 1073 1262 620 336 1160 818 4173 4173 4173 4173 
1458 1518 1389 1586 1308 1374 1074 1263 628 336 1157 819 4173 4173 4173 4173 
1543 1500 1461 1586 1307 1373 1073 1260 614 336 1159 822 4173 4173 4173 4173 
1542 1721 1746 1912 1315 1374 1071 1260 626 336 1154 829 4172 4172 4172 4172 
1514 1517 1404 1567 1318 1373 1073 1259 625 335 1155 831 4173 4173 4173 4173 
1492 1545 1467 1612 1303 1374 1073 1263 619 335 1162 824 4173 4173 4173 4173 
1554 1524 1440 1575 1313 1375 1073 1262 612 336 1153 818 4174 4174 4174 4174 
1550 1459 1445 1595 1309 1377 1076 1263 611 336 1147 815 4173 4173 4173 4173 
1501 1477 1615 1936 1310 1376 1083 1262 622 336 1151 809 4172 4172 4172 4172 
1449 1642 1428 1603 1307 1374 1073 1262 637 336 1158 827 4173 4173 4173 4173 
1687 1699 1626 1901 1308 1373 1071 1262 621 336 1150 825 4173 4173 4173 4173 
1496 1460 1442 1567 1307 1373 1074 1262 621 336 1144 818 4173 4173 4173 4173 
1523 1474 1426 1546 1314 1372 1073 1258 615 336 1156 821 4172 4172 4172 4172 
1460 1673 1711 1920 1314 1375 1071 1261 633 336 1159 822 4173 4173 4173 4173 
1533 1607 1583 1809 1317 1375 1092 1261 628 336 1150 821 4173 4173 250 4173 
1490 1470 1497 1648 1309 1374 1074 1262 611 336 1137 814 4173 4173 4173 4173 
1528 1502 1406 1642 1302 1374 1073 1261 619 336 1167 815 4172 4172 4172 4172 
1555 1460 1453 1619 1308 1372 1071 1259 609 335 1156 811 4173 4173 4173 4173 
1514 1478 1449 1566 1308 1374 1073 1262 619 336 1151 815 4173 4173 4172 4172 
1609 1534 1448 1581 1314 1374 1071 1260 619 336 1158 822 4173 4173 4173 4173 
1523 1459 1688 1814 1307 1374 1071 1260 614 336 1139 815 4173 4173 4173 4173 
1485 1651 1439 1619 1308 1374 1072 1261 625 336 1161 820 4173 4173 4173 4173 
1554 1522 1489 1696 1308 1373 1072 1262 616 336 1152 818 4173 4173 4173 4173 
1561 1564 1534 1729 1306 1372 1070 1260 624 336 1152 823 4173 4173 4173 4173 
1553 1512 1426 1613 1306 1376 1090 1260 617 336 1159 821 4173 4173 271 4173 
1520 1487 1388 1579 1308 1374 1073 1261 619 335 1163 821 4172 4172 4172 4172 
1520 1485 1415 1545 1310 1375 1071 1261 622 336 1158 818 4173 4173 4173 4173 
1516 1627 1528 1700 1310 1375 1075 1264 631 336 1163 823 4173 4173 4173 4173 
1500 1505 1601 1727 1309 1373 1073 1263 626 335 1147 818 4173 4173 4173 4173 
1481 1491 1397 1573 1310 1374 1074 1262 613 336 1158 816 4173 4173 4173 4173 
1490 1549 1439 1627 1305 1375 1072 1263 627 336 1160 819 4173 4173 4173 4173 
1520 1483 1489 1634 1308 1374 1073 1264 617 336 1153 819 4174 4174 4173 4173 
1545 1493 1631 1861 1309 1374 1074 1263 616 336 1141 814 4173 4173 4173 4173 
1503 1495 1461 1622 1310 1390 1074 1264 619 336 1156 817 4173 707 4173 4173 
1557 1488 1672 1776 1311 1371 1069 1259 614 336 1150 811 4172 4172 4172 4172 
1453 1480 2109 2492 1306 1375 1074 1263 622 336 1138 806 4173 4173 4173 4173 
1545 1764 1848 1948 1323 1374 1072 1261 630 336 1150 827 803 4173 4173 4173 
1531 1829 1989 2281 1307 1374 1071 1260 629 335 1151 821 4173 4173 4173 4173 
1718 1602 1759 1889 1309 1380 1076 1263 615 335 1144 817 4172 4172 4172 4172 
1496 1740 1887 2114 1308 1373 1073 1261 628 336 1154 822 4173 4173 4173 4173 
1551 1508 1387 1524 1310 1375 1074 1262 616 336 1153 817 4173 4173 4173 4173 
1486 1610 1390 1579 1306 1372 1068 1259 623 337 1165 821 4172 4172 4172 4172 
1556 1482 1422 1675 1307 1374 1072 1262 611 336 1157 814 4173 4173 4173 4173 
1538 1559 1437 1551 1316 1374 1265 1255 621 336 1151 824 4171 4171 213 4171 
1496 1546 2079 2334 1308 1381 1073 1261 619 336 1145 809 4173 4173 4173 4173 
1592 1551 1535 1723 1309 1375 1072 1261 621 336 1154 822 4173 4173 4173 4173 
1540 1510 1506 1678 1309 1372 1072 1261 622 336 1156 817 4172 4172 4172 4172 
1594 1551 1822 2225 1308 1376 1072 1262 614 336 1143 813 4173 4173 4173 4173 
1496 1488 1360 1525 1303 1374 1073 1262 616 336 1161 818 4173 4173 4173 4173 
1489 1567 1801 2040 1306 1388 1073 1266 629 336 1150 818 4173 728 4173 4173 
1513 1489 1435 1522 1307 1372 1073 1262 621 336 1157 820 4172 4172 4172 4172 
1544 1501 1369 1581 1308 1373 1073 1260 623 336 1159 819 4172 4172 4172 4172 
1520 1500 1412 1583 1307 1375 1072 1262 620 336 1160 819 4172 4172 4172 4172 
1437 1531 1462 1570 1314 1373 1073 1260 654 271 1085 747 4173 4173 4173 4173 
1481 1507 1421 1617 1299 1374 1082 1264 627 335 1159 819 4173 4173 4173 4173 
1478 1729 1801 1988 1307 1374 1072 1268 630 336 1153 821 4173 4173 4173 4173 
1509 1563 1608 1999 1309 1374 1074 1262 627 336 1162 809 4173 4173 4173 4173 
1518 1547 1406 1664 1297 1373 1071 1261 625 336 1161 823 4173 4173 4173 4173 
1513 1480 1369 1582 1308 1374 1074 1261 619 335 1160 815 4172 4172 4172 4172 
1512 1454 1446 1608 1307 1374 1073 1260 616 336 1140 811 4173 4173 4173 4173 
1580 1729 1769 2119 1308 1374 1074 1262 629 335 1156 821 4173 4173 4172 4172 
1523 1496 1514 1707 1304 1376 1074 1270 613 336 1153 814 4173 4173 4173 0 
1464 1381 1609 1841 1312 1373 1071 1260 607 336 1127 786 4173 4173 4173 4173 
1474 1499 1528 1674 1309 1374 1071 1262 622 336 1167 818 4172 4172 4172 4172 
1545 1625 1445 1547 1310 1375 1074 1263 626 335 1155 828 4172 4172 4172 4172 
1568 1506 1493 1719 1315 1374 1072 1261 614 336 1152 815 4173 4173 4173 4173 
1556 1505 1440 1572 1311 1373 1080 1262 611 335 1153 822 4172 4172 4172 4172 
1502 1441 1442 1609 1307 1374 1075 1262 612 336 1150 803 4173 4173 4173 4173 
1580 1563 1497 1626 1304 1373 1073 1262 619 336 1161 825 4172 4172 4172 4172 
1558 1515 1438 1548 1298 1374 1071 1262 617 336 1158 822 4172 4172 4172 4172 
1572 1488 1391 1530 1308 1375 1071 1261 616 336 1150 825 4173 4173 4173 4173 
1507 1566 1444 1597 1306 1374 1076 1262 622 336 1163 826 4173 4173 4173 4173 
1590 1466 1394 1558 1308 1373 1071 1262 609 336 1158 826 4172 4172 4172 4172 
1503 1486 1446 1586 1307 1372 1073 1261 624 336 1151 819 4173 4173 4173 4173 
1465 1523 1807 2038 1311 1375 1107 1259 623 336 1145 814 4172 4172 280 4172 
1578 1543 1515 1626 1302 1374 1074 1262 622 335 1152 815 4173 4173 4173 4173 
1594 1455 1395 1566 1308 1375 1069 1260 608 336 1153 817 4173 4173 4173 4173 
1791 1489 1613 1879 1303 1376 1073 1263 611 336 1144 813 4173 4173 4173 4173 
1540 1487 1395 1545 1309 1374 1074 1263 618 335 1160 820 4172 4172 4172 4172 
1564 1494 1416 1523 1307 1372 1071 1260 616 336 1165 819 4172 4172 4172 4172 
1449 1538 1455 1583 1308 1374 1072 1262 638 336 1154 821 4173 4173 4173 4173 
1537 1513 1426 1594 1302 1376 1075 1263 619 336 1161 819 4172 4172 4172 4172 
1500 1458 1418 1611 1306 1374 1073 1262 617 336 1153 814 4172 4172 4172 4172 
1473 1514 1470 1628 1307 1373 1072 1260 623 336 1154 815 4173 4173 4173 4173 
1512 1515 1437 1563 1315 1373 1070 1259 621 335 1158 827 4172 4172 4172 4172 
1497 1586 1451 1618 1305 1374 1073 1261 631 336 1161 826 4173 4173 4173 4173 
2304 1578 1402 1591 1306 1371 1071 1258 1282 336 1148 825 4172 4172 4172 4172 
1563 1790 1472 1557 1306 1374 1084 1262 626 336 1166 831 4173 4173 322 4173 
1497 1524 1421 1529 1312 1374 1073 1260 622 336 1153 826 4172 4172 4172 4172 
1694 1582 1453 1521 1307 1374 1071 1261 620 335 1160 828 4171 4171 4171 4171 
1536 1508 1532 1647 1314 1374 1071 1261 619 336 1153 821 4173 4173 4173 4173 
1474 1479 1484 1639 1308 1373 1072 1270 614 336 1144 814 4172 4172 4172 4172 
1503 1479 1436 1599 1314 1376 1089 1258 620 336 1157 824 4173 4173 253 4173 
1557 1679 1457 1518 1310 1373 1070 1260 623 336 1132 829 4173 4173 4173 4173 
1552 1499 1439 1606 1303 1374 1073 1263 619 336 1157 817 4173 4173 4173 4173 
1529 1522 1545 1762 1307 1374 1073 1262 611 335 1149 815 4172 4172 4172 4172 
1505 1542 1354 1524 1307 1375 1076 1264 627 336 1169 826 4172 4172 4172 4172 
1533 1492 2392 2769 1322 1374 1095 1256 615 335 1138 807 4172 4172 257 4172 
1429 1454 1460 1562 1306 1372 1073 1262 634 335 1147 816 4172 4172 4172 4172 
1476 1530 1401 1596 1310 1375 1074 1262 624 336 1158 817 4172 4172 4172 4172 
1561 1506 1426 1527 1307 1373 1072 1262 622 336 1159 820 4174 4174 4174 4174 
1486 1521 1821 2046 1307 1374 1074 1260 627 336 1147 818 4173 4173 4173 4173 
1545 1451 1406 1573 1308 1374 1072 1262 608 336 1155 818 4173 4173 4173 4173 
1461 1504 1795 2024 1310 1373 1073 1260 629 336 1146 807 4173 4173 4173 4173 
1476 1479 1418 1560 1308 1375 1073 1262 621 336 1149 815 4172 4172 4172 4172 
1454 1615 1706 1962 1309 1373 1071 1261 639 336 1154 815 4173 4173 4173 4173 
1489 1415 1674 1825 1304 1373 1073 1264 611 336 1138 801 4173 4173 4173 4173 
1528 1487 1463 1602 1314 1375 1073 1261 611 336 1153 816 4173 4173 4173 4173 
1435 1766 1394 1555 1308 1374 1075 1260 637 336 1169 840 4173 4173 4173 4173 
1495 1470 1905 2426 1309 1373 1073 1263 618 336 1137 799 4173 4173 4173 4173 
1506 1530 2298 2615 1321 1373 1070 1262 625 335 1141 807 760 4172 4172 4172 
1717 1553 1895 2002 1319 1375 1074 1262 612 335 1146 811 4172 4172 4172 4172 
1502 1500 1473 1686 1310 1372 1074 1261 618 336 1152 816 4172 4172 4172 4172 
1604 1511 3017 3550 1314 1373 1079 1262 614 336 1126 800 4172 4172 4172 4172 
1493 1492 1445 1559 1307 1373 1071 1261 632 337 1152 819 4172 4172 4172 4172 
1474 1510 1616 1789 1311 1372 1071 1258 629 336 1151 815 4172 4172 4172 4172 
1494 1502 1559 1708 1309 1376 1092 1260 627 336 1146 816 4173 4173 245 4173 
1484 1474 1440 1588 1307 1375 1072 1262 626 336 1156 817 4172 4172 4172 4172 
1446 1620 1540 1703 1320 1375 1075 1261 651 334 1159 820 4173 4173 4173 4172 
1516 1668 1405 1642 1314 1373 1070 1260 630 336 1173 824 4174 4174 4173 4173 
1448 1476 2781 2799 1314 1374 1602 1261 626 336 1122 807 4173 4173 207 4173 
1792 1735 2010 2253 1307 1375 1074 1260 1645 336 1139 819 4173 4173 4173 4173 
1452 1490 1382 1600 1305 1374 1073 1263 626 336 1156 815 4173 4173 4173 4173 
1517 1554 2283 2585 1307 1373 1091 1258 628 335 1144 814 4173 4173 274 4173 
1505 1579 1907 2115 1317 1372 1071 1261 622 336 1146 815 4173 4173 4173 4173 
1479 1533 1456 1646 1306 1373 1071 1260 627 336 1158 816 4172 4172 4172 4172 
1511 1490 1471 1607 1305 1373 1074 1263 622 336 1156 819 4172 4172 4172 4172 
1480 1522 1441 1575 1318 1374 1071 1260 623 335 1163 827 4172 4172 4171 4171 
1527 1550 1619 1915 1318 1373 1071 1261 620 335 1149 813 4173 4173 4173 4173 
1547 1664 1477 1676 1302 1373 1071 1260 626 335 1163 822 4173 4173 4173 4173 
1472 1492 1468 1571 1308 1372 1073 1262 623 336 1143 813 4172 4172 4172 2268 
1532 1495 1534 1708 1307 1375 1072 1261 617 336 1150 814 4173 4173 4173 4173 
1488 1492 1391 1546 1306 1373 1073 1262 622 336 1162 824 4172 4172 4172 4172 
1490 1556 1724 1906 1311 1382 1098 1260 620 336 1147 816 4173 4173 242 4173 
1567 1660 1422 1590 1311 1373 1071 1258 624 336 1164 826 4173 4173 4173 4173 
1570 1500 1904 2157 1310 1373 1071 1259 612 336 1145 809 4173 4173 4173 4173 
1550 1538 1393 1633 1306 1374 1095 1262 620 336 1175 817 4173 4173 347 4173 
1530 1477 1478 1607 1310 1375 1074 1263 619 336 1149 819 4172 4172 4172 4172 
1489 1606 1765 1902 1308 1374 1072 1261 623 336 1148 819 4172 4172 4172 4172 
1588 1595 1406 1535 1310 1374 1071 1263 620 336 1161 824 4173 4173 4173 4173 
1549 1451 1371 1559 1308 1373 1071 1260 603 336 1152 810 4173 4173 4173 4173 
1516 1633 1443 1590 1307 1374 1074 1261 631 336 1161 829 4172 4172 4172 4172 
1555 1482 1577 1738 1300 1375 1095 1260 611 336 1148 810 4173 4173 248 4173 
1517 1588 1435 1585 1308 1373 1071 1260 630 336 1157 825 4172 4172 4172 4172 
1506 1538 1477 1635 1309 1374 1071 1262 626 336 1166 821 4173 4173 4173 4173 
1530 1522 1367 1531 1307 1373 1071 1261 614 336 1156 816 4172 4172 4172 4172 
1543 1490 1450 1671 1311 1375 1073 1262 612 335 1152 817 4172 4172 4172 4172 
1539 1478 1416 1585 1303 1374 1074 1263 616 336 1157 817 4173 4173 4173 4173 
1558 1490 1450 1541 1307 1374 1073 1261 615 336 1149 817 4173 4173 4173 4173 
1527 1500 1733 1972 1309 1375 1076 1261 618 336 1148 811 4172 4172 4172 4172 
1636 1649 1405 1606 1309 1373 1098 1257 627 336 1165 829 4173 4173 251 4173 
1509 1468 1389 1573 1303 1374 1072 1263 619 336 1160 821 4173 4173 4173 4173 
1573 1450 1460 1605 1309 1374 1070 1260 614 336 1151 815 4173 4173 4173 4173 
1610 1695 1799 2086 1314 1373 1071 1257 626 336 1154 815 4172 4172 4172 4172 
1522 1455 1454 1582 1299 1373 1071 1260 611 336 1149 812 4173 4173 4173 4173 
1488 1497 1831 2152 1309 1375 1076 1275 623 336 1164 811 4172 4172 4172 451 
1524 1508 1494 1585 1306 1374 1073 1263 627 335 1155 819 4173 4173 4173 4173 
1509 1510 1455 1665 1311 1374 1074 1263 626 335 1152 823 4173 4173 4173 4173 
1637 1502 1790 2075 1304 1374 1074 1263 611 336 1136 807 4173 4173 4173 4173 
1475 1592 1771 2067 1311 1375 1074 1262 624 336 1149 814 4173 4173 4173 4173 
1519 1522 1414 1605 1317 1375 1071 1262 618 336 1151 815 4173 4173 4173 4173 
1504 1487 1429 1535 1301 1373 1072 1263 623 336 1152 817 4173 4173 4173 4173 
1497 1495 1417 1557 1312 1374 1073 1260 625 336 1155 822 4173 4173 4173 4173 
1516 1524 1415 1522 1305 1373 1071 1262 627 336 1153 826 4173 4173 4173 4173 
1564 1353 1447 1606 1310 1374 1072 1260 573 335 1108 784 4172 4172 4172 4172 
1481 1704 1448 1562 1301 1375 1096 1259 633 336 1161 836 4173 4173 253 4173 
1466 1537 1440 1564 1306 1372 1073 1261 633 336 1153 823 4173 4173 4173 4173 
1599 1539 1426 1678 1309 1375 1075 1262 618 336 1160 815 4173 4173 4173 4172 
1523 1462 1911 2085 1311 1373 1072 1262 616 336 1137 802 4172 4172 4172 4172 
1506 1547 1433 1587 1308 1373 1072 1262 620 336 1159 822 4173 4173 4173 4173 
1532 1640 1607 1815 1312 1375 1073 1261 622 336 1156 819 4172 4172 4172 4172 
1508 1492 1535 1604 1308 1373 1073 1262 625 336 1153 816 4173 4173 4173 3897 
1564 1508 1728 2102 1310 1375 1090 1260 618 336 1149 810 4173 4173 252 4173 
1473 1516 1426 1544 1310 1376 1075 1262 624 336 1159 819 4173 4173 4173 4173 
1488 1544 1421 1564 1308 1375 1075 1262 629 336 1162 819 4173 4173 4173 4173 
1555 1451 1594 1885 1308 1373 1073 1260 612 335 1145 807 4173 4173 4173 4173 
1553 1478 1465 1595 1310 1374 1073 1262 609 336 1158 808 4173 4173 4173 4173 
1605 1481 1664 1903 1318 1375 1074 1259 617 336 1146 813 4172 4172 4172 4172 
1513 1495 1444 1613 1303 1375 1074 1262 619 335 1156 819 4172 4172 4172 4172 
1539 1496 1496 1644 1307 1375 1075 1263 619 334 1152 818 4171 4171 4171 4171 
1545 1865 1803 2151 1311 1374 1072 1261 631 335 1161 825 4174 4174 4174 4174 
1613 1790 1421 1530 1295 1375 1073 1263 626 336 1176 836 4172 4172 4172 4172 
1503 1854 1976 2326 1308 1372 1072 1262 632 336 1154 821 4172 4172 4172 4172 
1515 1724 1484 1604 1309 1374 1074 1263 630 335 1167 830 4172 4172 4172 4172 
1466 1549 1590 1718 1308 1376 1076 1263 630 335 1151 821 4172 4172 4172 4172 
1492 1482 1409 1640 1310 1376 1076 1262 617 335 1153 810 4172 4172 4172 4172 
1452 1645 1493 1787 1311 1372 1071 1261 634 336 1161 824 4173 4173 4173 4173 
1496 1495 1421 1508 1303 1374 1073 1260 619 336 1152 815 4172 4172 4172 4172 
1525 1492 1434 1580 1306 1375 1089 1261 615 336 1153 825 4173 4173 252 4173 
1477 1463 1542 1626 1315 1374 1073 1258 610 335 1143 808 4172 4172 4171 4171 
1512 1513 1497 1556 1296 1373 1072 1262 630 336 1167 826 4172 4172 4172 4172 
1502 1519 1420 1618 1308 1373 1071 1261 616 335 1158 822 4173 4173 4173 4173 
1525 1551 1428 1579 1309 1374 1089 1259 626 335 1155 821 4172 4172 248 4172 
1502 1582 2060 2314 1309 1375 1074 1260 623 336 1149 818 4172 4172 4172 4172 
1539 1570 1619 1765 1313 1373 1072 1260 625 335 1151 821 4171 4171 4171 4171 
1549 1506 1393 1491 1316 1375 1071 1261 617 336 1165 824 4173 4173 4173 4173 
1505 1473 1417 1535 1310 1372 1071 1262 621 336 1147 825 4171 4171 4171 4171 
1498 1511 1403 1535 1307 1374 1072 1262 631 336 1155 822 4172 4172 4172 4172 
1580 1573 1483 1708 1313 1373 1072 1260 615 336 1156 821 4173 4173 4173 4173 
1577 1480 1404 1572 1313 1374 1073 1260 613 335 1151 819 4173 4173 4173 4173 
1584 1549 1433 1605 1305 1385 1071 1260 621 336 1162 829 4173 706 4173 4173 
1525 1537 1599 1780 1310 1375 1071 1262 616 336 1151 816 4172 4172 4172 4172 
1562 1508 1659 1850 1308 1374 1071 1258 618 335 1153 811 4170 4170 4170 4170 
1677 1871 1651 1958 1313 1373 1302 1257 627 336 1154 826 4173 4173 230 4173 
1534 1473 1414 1620 1304 1374 1070 1262 622 336 1155 818 4173 4173 4173 4173 
1488 1543 1450 1565 1318 1375 1074 1261 623 336 1154 823 4173 4173 4173 4173 
1522 1493 1419 1531 1311 1372 1072 1259 616 336 1153 820 4173 4172 4172 4172 
1550 1466 1708 1990 1304 1374 1074 1262 612 336 1146 808 4172 4172 4172 4172 
1523 1492 1772 1945 1307 1374 1073 1261 614 336 1145 812 4172 4172 4172 4172 
1508 1527 1415 1616 1309 1377 1076 1263 617 335 1153 820 4172 3347 4172 4172 
1526 1954 1870 2225 1307 1373 1073 1260 633 336 1164 826 4173 4173 4173 4173 
1592 1901 1504 1707 1308 1374 1073 1261 630 335 1167 829 4173 4173 4173 4173 
1558 1497 1402 1544 1307 1374 1073 1263 615 335 1152 817 4172 4172 4172 4172 
1484 1504 1706 1941 1304 1374 1071 1260 618 336 1142 811 4173 4173 4173 4173 
1536 1479 1472 1582 1309 1374 1073 1262 612 336 1149 817 4172 4172 4172 4172 
1465 1495 1555 1770 1308 1372 1071 1261 624 336 1154 814 4173 4173 4173 4173 
1499 1474 1427 1676 1302 1375 1073 1263 621 336 1155 813 4173 4173 4173 4173 
1529 1526 1454 1587 1309 1374 1074 1260 623 335 1170 822 4173 4173 4173 4173 
1453 1759 1484 1655 1311 1374 1074 1264 650 335 1165 830 4172 4172 4172 4172 
1582 1671 1796 2026 1306 1373 1072 1262 626 336 1152 815 4173 4173 4173 4173 
1450 1522 1459 1498 1309 1373 1073 1260 634 336 1155 820 4172 4172 4172 4172 
1485 1480 1440 1623 1306 1373 1073 1262 620 336 1153 816 4172 4172 4172 4172 
1505 1479 1665 1970 1309 1374 1099 1261 621 336 1152 810 4172 4172 295 4172 
1524 1444 1459 1565 1309 1375 1075 1260 611 336 1141 817 4172 4172 4172 4172 
1528 1500 1398 1551 1306 1373 1073 1262 617 336 1162 818 4172 4172 4172 4172 
1519 1490 1386 1541 1308 1372 1069 1260 619 335 1160 822 4172 4172 4172 4172 
1686 1471 1385 1564 1318 1375 1072 1260 610 336 1164 819 4171 4171 4171 4171 
1806 1512 2238 2667 1306 1371 1071 1258 1638 336 1125 809 4172 4172 3901 4172 
1510 1677 1466 1624 1307 1374 1071 1259 633 335 1164 828 4173 4173 4173 4173 
1569 1494 1721 1935 1307 1374 1074 1261 618 335 1150 811 4173 4173 4173 4173 
1464 2027 2146 2492 1304 1373 1072 1264 643 335 1171 821 4172 4172 4172 4172 
1532 1598 2485 2803 1306 1372 1073 1261 623 335 1129 813 4173 4173 4173 4173 
1445 1518 1504 1604 1302 1374 1072 1262 633 336 1160 825 4172 4172 4172 4172 
1579 1497 1395 1526 1298 1375 1073 1264 614 336 1161 830 4172 4172 4172 4172 
1489 1471 1421 1547 1315 1373 1072 1272 624 336 1174 820 4172 4172 4172 462 
1485 1982 1836 2123 1307 1374 1086 1259 639 335 1160 825 4173 4173 308 4173 
1497 1543 1432 1568 1304 1373 1073 1263 627 336 1160 825 4172 4172 4172 4172 
1517 1474 1438 1572 1316 1375 1074 1258 609 336 1159 816 4172 4172 4172 4172 
1567 1551 1414 1579 1316 1375 1072 1260 620 336 1161 820 4172 4172 4172 4172 
1750 1481 1384 1566 1311 1371 1069 1259 610 336 1156 817 4173 4173 4173 4173 
1578 1471 1462 1573 1306 1374 1074 1262 616 336 1156 825 4172 4172 4172 4172 
1708 1702 1805 2069 1306 1374 1071 1261 618 335 1156 821 4172 4172 4172 4172 
1628 1504 1631 1723 1311 1374 1071 1261 608 336 1139 812 4173 4173 4173 4173 
1490 1854 2207 2479 1308 1375 1074 1261 639 335 1154 821 4172 4172 4172 4172 
1501 1491 1435 1572 1308 1374 1074 1265 621 336 1152 817 4173 4173 4173 4173 
1533 1485 1383 1565 1311 1376 1073 1265 608 336 1155 815 4172 4172 4172 4172 
1532 1483 1420 1597 1309 1375 1071 1262 613 336 1149 818 4172 4172 4172 4172 
1568 1487 1436 1493 1307 1374 1074 1262 617 336 1157 825 4172 4172 4172 4172 
1521 1534 1439 1611 1308 1375 1103 1257 627 336 1160 823 4174 4174 260 4174 
1520 1550 1625 1844 1309 1373 1073 1259 618 336 1150 816 4172 4172 4172 4172 
1464 1493 1548 1746 1306 1373 1071 1262 621 336 1147 811 4174 4174 4174 4174 
1542 1492 1414 1571 1299 1374 1072 1262 614 335 1155 816 4171 4171 4171 4171 
1518 1501 1563 1794 1313 1373 1072 1260 618 336 1145 816 4173 4173 4173 4173 
1482 1657 1369 1526 1308 1373 1073 1260 625 335 1162 834 4174 4174 4174 4174 
1512 1446 1454 1576 1311 1375 1071 1274 615 335 1164 817 4172 4172 4172 450 
1485 1510 1422 1533 1308 1375 1071 1261 621 336 1164 829 4172 4172 4172 4172 
1467 1518 1530 1772 1305 1371 1070 1260 626 336 1156 817 4172 4172 4172 4172 
1500 1477 1463 1615 1311 1373 1071 1257 617 336 1150 817 4173 4173 4173 4173 
1538 1551 1454 1596 1295 1384 1074 1281 620 336 1174 833 4173 727 4173 530 
1469 1446 1673 1887 1306 1375 1075 1265 617 336 1137 805 4173 4173 4173 4173 
1540 1496 1770 2112 1304 1377 1077 1264 618 336 1149 814 4172 4172 4172 4172 
1452 1491 1426 1643 1307 1373 1073 1261 627 336 1155 816 4172 4172 4172 4172 
1584 1510 1384 1593 1311 1374 1095 1258 622 336 1157 824 4173 4173 243 4173 
1484 1445 1777 2081 1312 1373 1071 1259 616 336 1140 796 4173 4173 4173 4173 
1469 1405 1510 1661 1308 1374 1073 1262 609 335 1135 804 4173 4173 4173 4173 
1536 1582 1426 1605 1308 1375 1073 1263 619 335 1162 822 4171 4171 4171 4171 
1512 1535 1393 1546 1318 1373 1071 1260 620 335 1161 825 4172 4172 4172 4172 
1591 1663 1470 1618 1306 1373 1073 1262 627 335 1165 827 4173 4173 4173 4173 
1493 1530 2122 2497 1309 1374 1074 1262 622 336 1144 806 4173 4173 4173 4173 
1562 1519 2897 3573 1310 1395 1446 1261 617 336 1135 808 4173 713 214 4173 
1499 1507 1437 1531 1310 1375 1072 1263 622 336 1157 821 4172 4172 4172 4172 
1549 1562 1616 1892 1317 1374 1072 1258 620 336 1152 815 4172 4172 4172 4172 
1556 1518 1674 1885 1308 1374 1073 1262 616 336 1151 816 4173 4173 4173 4173 
1622 1554 1473 1660 1311 1374 1072 1261 620 336 1155 819 4173 4173 4173 4173 
1485 1476 1384 1596 1308 1374 1074 1263 623 336 1157 811 4173 4173 4173 4173 
1519 1572 1481 1610 1307 1374 1070 1262 619 336 1161 822 4173 4173 4173 4173 
1556 1510 1464 1652 1316 1374 1072 1259 617 335 1153 821 4172 4172 4172 4172 
1473 1483 1387 1519 1311 1374 1073 1263 615 336 1153 820 4173 4173 4173 4173 
1473 1520 1409 1587 1302 1399 1072 1263 622 336 1163 826 4174 703 4173 4173 
1525 1350 1214 1297 1308 1373 1074 1258 633 336 4172 4172 4172 4172 4172 4172 
1485 1468 1447 1618 1308 1375 1074 1262 621 336 1162 808 4172 4172 4172 4172 
1547 1681 1418 1607 1306 1375 1073 1262 624 336 1163 828 4173 4173 4173 4173 
1519 1471 1420 1561 1306 1372 1074 1261 615 336 1162 817 4173 4173 4173 4173 
1586 1496 1381 1602 1308 1375 1074 1262 610 336 1158 814 4172 4172 4172 4172 
1470 1515 1588 1782 1307 1373 1073 1263 628 336 1152 815 4173 4173 4173 4173 
1518 1460 1440 1598 1311 1375 1074 1261 621 337 1148 812 4173 4173 4173 4173 
1450 1474 1514 1684 1308 1373 1073 1261 629 335 1152 817 4173 4173 4173 4173 
1554 1507 1418 1610 1297 1373 1074 1265 621 335 1163 821 4173 4173 4173 4173 
1536 1497 1412 1594 1309 1376 1074 1263 614 336 1155 811 4172 4172 4172 4172 
1540 1520 1951 2228 1309 1375 1074 1262 627 336 1139 814 4172 4172 4172 4172 
1577 1478 1417 1610 1309 1373 1073 1262 618 336 1153 815 4173 4173 4173 4173 
1551 1888 1699 1960 1301 1372 1072 1260 630 336 1167 828 4173 4173 4173 4173 
1580 1516 1942 2457 1303 1374 1074 1275 614 336 1156 806 4173 4173 4173 497 
1524 1455 1468 1559 1313 1373 1070 1258 609 336 1150 813 4173 4173 4173 4173 
1480 1518 1525 1673 1310 1373 1074 1261 620 336 1156 814 4172 4172 4172 4172 
1450 1513 1374 1582 1316 1373 1096 1257 630 336 1154 822 4173 4173 240 4173 
1533 1502 1560 1860 1310 1375 1077 1266 623 336 1157 815 4172 4172 4172 4172 
1529 1535 1571 1701 1309 1375 1073 1262 617 336 1146 815 4173 4173 4172 4172 
1488 1486 1461 1632 1315 1374 1072 1261 612 336 1150 810 4173 4173 4172 4172 
1453 1419 1428 1579 1310 1374 1073 1260 616 336 1145 808 4174 4174 4174 4174 
1547 1489 1436 1570 1312 1375 1071 1261 615 336 1155 824 4172 4172 4172 4172 
1531 1544 1446 1545 1308 1373 1074 1262 617 335 1158 823 4173 4173 4173 4173 
1481 1503 1390 1572 1318 1374 1071 1260 625 336 1164 820 4173 4173 4173 4173 
1490 1538 1660 1887 1295 1375 1072 1271 622 336 1148 814 4173 4173 4173 4173 
1529 1563 1385 1563 1311 1373 1071 1261 624 335 1162 823 4173 4173 4173 4173 
1520 1483 1614 1924 1308 1373 1073 1261 617 336 1150 812 4173 4173 4172 4172 
1524 1480 1434 1579 1306 1375 1074 1262 612 336 1147 812 4173 4173 4173 4173 
1548 1475 1583 1793 1311 1376 1074 1263 611 336 1138 808 4173 4173 4173 4173 
1508 1540 1458 1570 1307 1372 1072 1262 619 336 1159 819 4172 4172 4172 4172 
1642 1706 1795 2082 1308 1373 1075 1263 630 336 1159 819 4172 4172 4172 4172 
1499 1482 1404 1591 1305 1374 1074 1263 614 336 1145 817 4173 4173 4173 4173 
1491 1618 1633 1794 1310 1374 1073 1262 625 336 1152 820 4173 4173 4173 4173 
1543 1663 1469 1597 1306 1376 1070 1261 629 336 1161 829 4173 4173 4173 4173 
1513 1747 2009 2463 1310 1375 1075 1262 631 336 1155 814 4173 4173 4173 4173 
1521 1891 1797 2130 1308 1374 1074 1262 634 336 1156 824 4173 4173 4173 4173 
1800 1530 2248 2714 1306 1372 1071 1260 1633 335 1129 808 4172 4172 4172 4172 
1637 1460 2136 2566 1300 1375 1073 1262 608 336 1135 800 4172 4172 4172 4172 
1536 1419 1460 1572 1302 1374 1073 1263 613 336 1150 815 4173 4173 4173 4173 
1485 1504 1655 1889 1311 1375 1074 1263 618 336 1152 813 4173 4173 4173 4173 
1510 1459 1722 2063 1310 1372 1071 1259 617 336 1140 807 4172 4172 4172 4172 
1512 1501 1736 2127 1308 1373 1074 1262 622 336 1146 814 4173 4173 4173 4173 
1498 1455 1375 1527 1303 1373 1073 1262 616 335 1160 818 4173 4173 4173 4173 
1597 1699 1428 1564 1314 1373 1070 1260 623 335 1164 828 4172 4172 4172 4172 
1549 1471 1399 1557 1309 1375 1074 1264 606 335 1148 810 4172 4172 4172 4172 
1564 1523 1409 1593 1316 1374 1071 1258 618 336 1158 823 4173 4173 4173 4173 
1584 1623 1685 1843 1308 1374 1072 1261 617 336 1151 820 4173 4173 4173 4173 
1439 1636 1416 1543 1305 1374 1072 1262 648 336 1170 831 4173 4173 4173 4173 
1623 1498 1625 1835 1312 1409 1072 1262 613 336 1151 811 4173 739 4173 4173 
1519 1502 1434 1580 1308 1374 1074 1261 618 336 1155 823 4173 4173 4173 4173 
1520 1492 1454 1584 1308 1373 1072 1259 626 336 1156 822 4172 4172 4172 4172 
1561 1797 1442 1573 1298 1375 1073 1263 630 336 1162 827 4172 4172 4172 4172 
1479 1474 1417 1555 1307 1373 1072 1260 621 336 1164 821 4173 4173 4173 4173 
1557 1458 1431 1574 1307 1373 1073 1265 610 335 1157 816 4173 4173 4173 4173 
1597 1535 1704 1952 1314 1373 1071 1258 614 335 1146 812 4173 4173 4173 4173 
1509 1675 1458 1587 1314 1372 1070 1256 630 336 1169 830 4173 4173 4173 4173 
1506 1573 2078 2580 1300 1377 1074 1266 628 336 1146 814 4173 4173 4173 4173 
1495 1598 1702 1888 1309 1375 1075 1262 622 336 1139 819 4172 4172 4172 4172 
1548 1502 1431 1581 1306 1373 1072 1262 612 336 1154 823 4173 4173 4173 4173 
1497 1544 1377 1612 1307 1389 1073 1271 624 335 1160 822 4174 704 4174 4174 
1521 1442 1404 1729 1307 1373 1073 1261 612 335 1154 812 4173 4173 4173 4173 
1480 1762 1834 2215 1307 1373 1073 1260 633 336 1156 822 4173 4173 4173 4173 
1477 1512 1495 1651 1307 1373 1071 1260 629 336 1154 821 4173 4173 4173 4173 
1581 1459 1902 2037 1308 1374 1072 1262 607 336 1132 808 4173 4173 4173 4173 
1544 1460 1485 1641 1308 1374 1074 1263 616 335 1149 815 4173 4173 4173 4173 
1528 1742 1426 1643 1310 1376 1074 1263 629 335 1170 836 4173 4173 4173 4173 
1532 1422 1375 1564 1308 1375 1073 1263 600 335 1141 810 4173 4173 4173 4173 
1556 1485 1418 1564 1316 1374 1071 1258 610 336 1145 818 4173 4173 4173 4173 
1506 1481 1407 1510 1305 1374 1073 1263 612 336 1156 822 4173 4173 4173 4173 
1664 1455 1409 1576 1307 1374 1071 1262 604 335 1140 809 4173 4173 4173 4173 
1523 1455 1431 1525 1306 1374 1073 1262 608 337 1139 818 4173 4173 4173 4173 
1447 1486 1445 1641 1308 1373 1072 1261 624 336 1158 819 4174 4174 4174 4174 
1556 1553 1455 1653 1308 1372 1073 1263 621 336 1157 826 4172 4172 4172 4172 
1472 1355 1213 1299 1308 1374 1074 1260 642 336 4174 4174 4174 4174 4174 4174 
1481 1495 1449 1561 1314 1373 1070 1258 614 336 1152 823 4173 4173 4173 4173 
1536 1533 1492 1657 1308 1374 1074 1262 622 336 1153 817 4173 4173 4173 4173 
1454 1532 1369 1598 1308 1373 1075 1260 623 336 1163 819 4173 4173 4173 4173 
1601 1477 1438 1567 1306 1373 1071 1263 612 336 1154 821 4173 4173 4173 4173 
1518 1499 1497 1716 1314 1373 1072 1260 622 335 1149 813 4174 4174 4174 4174 
1579 1498 1493 1614 1308 1375 1074 1263 616 336 1152 812 4173 4173 4173 4173 
1552 1638 1441 1535 1308 1374 1071 1262 626 336 1160 838 4172 4172 4172 4172 
1527 1568 1461 1670 1317 1372 1071 1258 626 336 1160 821 4173 4173 4173 4173 
1533 1472 1408 1535 1306 1374 1075 1262 615 336 1153 817 4173 4173 4173 4173 
1488 1486 1414 1586 1303 1373 1073 1263 619 336 1160 821 4173 4173 4173 4173 
1560 1504 1417 1599 1310 1374 1075 1263 621 336 1163 821 4173 4173 4173 4173 
1452 1478 1395 1551 1309 1374 1071 1261 619 336 1155 817 4173 4173 4173 4173 
1556 1555 1658 1919 1310 1374 1075 1265 622 336 1152 819 4173 4173 4173 4173 
1532 1485 1551 1682 1310 1375 1073 1261 624 336 1153 816 4173 4173 4173 4173 
1472 1496 1415 1563 1310 1373 1072 1260 617 336 1154 824 4173 4173 4173 4173 
1472 1646 1358 1506 1309 1375 1081 1260 624 335 1168 826 4172 4172 4172 4172 
1497 1478 1427 1592 1308 1374 1072 1260 621 335 1156 822 4172 4172 4172 4172 
1531 1486 1414 1504 1317 1375 1072 1266 614 336 1143 817 4173 4173 4173 0 
1521 1494 1624 1957 1317 1371 1071 1258 618 336 1146 804 4173 4173 4173 4173 
1804 1404 2199 2795 1308 1372 1070 1258 1621 336 1116 793 4173 4173 4173 4173 
1549 1644 1707 1879 1310 1375 1071 1262 624 335 1155 820 4171 4171 4171 4171 
1488 1366 1766 2001 1309 1375 1079 1277 595 336 1132 781 4173 4173 4173 460 
1435 1575 1435 1638 1309 1372 1071 1260 647 336 1156 826 4172 4172 4172 4172 
1509 1531 1504 1715 1310 1375 1074 1261 621 336 1158 824 4173 4173 4173 4173 
1524 1624 1835 2017 1309 1372 1071 1259 623 336 1146 821 4173 4173 4173 4173 
1503 1501 1436 1604 1309 1374 1073 1261 611 336 1152 818 4173 4173 4173 4173 
1491 1502 1412 1602 1292 1375 1072 1264 625 336 1163 815 4173 4173 4173 4173 
1476 1542 1395 1568 1308 1375 1073 1262 620 336 1160 827 4173 4173 4173 4173 
1598 1489 2056 2174 1312 1377 1072 1258 611 335 1132 818 4172 4172 4172 4172 
1518 1474 1936 2478 1308 1374 1074 1262 619 335 1145 802 4173 4173 4173 4173 
1580 1628 1444 1554 1311 1404 1075 1263 623 336 1165 834 4173 699 4173 4173 
1505 1533 1472 1630 1295 1374 1074 1263 624 336 1162 820 4173 4173 4173 4173 
1496 1742 1459 1578 1308 1373 1072 1260 628 336 1165 833 4173 4173 4173 4173 
1493 1512 1473 1660 1310 1374 1071 1260 624 335 1173 816 4173 4173 4173 4173 
1528 1490 1521 1695 1310 1374 1072 1258 624 336 1148 819 4173 4173 4173 4173 
1546 1861 1644 1846 1307 1374 1073 1261 635 336 1163 826 4172 4172 4172 4172 
1559 1545 1425 1597 1304 1375 1073 1262 616 336 1170 819 4173 4173 4173 4173 
1531 1474 1363 1612 1311 1376 1074 1263 615 336 1159 820 4173 4172 4172 4172 
1504 1639 1521 1664 1306 1373 1071 1259 623 334 1162 825 4171 4171 4171 4171 
1560 1506 1423 1559 1308 1374 1074 1261 612 336 1155 818 4173 4173 4173 4173 
1517 1533 1407 1567 1310 1374 1072 1260 626 336 1161 824 4173 4173 4173 4173 
1476 1506 1471 1595 1307 1373 1071 1261 614 336 1150 816 4173 4173 4173 4173 
1505 1472 1375 1570 1307 1374 1073 1262 625 336 1149 822 4173 4173 4173 4173 
1513 1466 1438 1661 1307 1374 1072 1261 615 336 1149 816 4173 4173 4173 4173 
1538 1534 1414 1556 1306 1375 1090 1261 613 335 1157 828 4172 4172 274 4172 
1631 2135 2558 3270 1317 1371 1070 1258 635 336 1158 814 4173 4173 4173 4173 
1525 1487 1404 1607 1308 1374 1073 1262 619 336 1156 822 4173 4173 4173 4173 
1688 1674 2227 2622 1310 1374 1074 1263 622 336 1147 818 4173 4173 4173 4173 
1634 1502 1423 1567 1315 1373 1073 1261 613 335 1160 816 747 4173 4173 4173 
1528 1546 2230 2606 1309 1373 1074 1262 621 336 1141 807 4173 4173 4173 4173 
1522 1489 1454 1643 1307 1373 1072 1258 616 336 1152 815 4172 4172 4172 4172 
1496 1527 1404 1615 1308 1373 1073 1262 617 335 1160 816 4173 4173 4173 4173 
1580 1519 1662 2006 1303 1375 1071 1262 621 336 1153 810 4173 4173 4173 4173 
1532 2320 1630 1839 1309 1378 1073 1261 637 335 1166 836 4173 4173 4173 4173 
1479 1493 1369 1510 1308 1373 1071 1263 617 336 1159 826 4173 4173 4173 4173 
1542 1500 1504 1700 1307 1373 1073 1261 614 335 1146 820 4173 4173 4173 4173 
1501 1469 1494 1599 1307 1374 1073 1263 622 336 1155 821 4173 4173 4172 2829 
1475 1476 1390 1551 1312 1373 1070 1258 616 335 1169 816 4172 4172 4172 4172 
1460 1474 1403 1574 1307 1374 1071 1260 623 335 1157 822 4173 4173 4173 4173 
1480 1495 1590 1726 1301 1375 1074 1267 616 335 1148 816 4173 4173 4173 4173 
1538 1735 1938 2073 1303 1374 1074 1263 632 336 1153 828 4173 4173 4173 4173 
1495 1573 1647 1807 1311 1375 1079 1263 626 335 1150 820 4173 4173 4173 4173 
1527 1505 1401 1574 1307 1373 1074 1261 618 335 1158 818 4173 4173 4173 4173 
1450 1506 1438 1528 1308 1375 1073 1276 632 335 1167 822 4173 4173 4173 535 
1489 1526 1385 1580 1306 1372 1072 1262 623 336 1157 815 4173 4173 4173 4173 
1510 1523 1609 1893 1319 1375 1073 1269 616 336 1154 809 4173 4173 4173 4173 
1524 1488 1455 1690 1314 1374 1071 1260 618 336 1155 819 4173 4173 4173 4173 
1512 1526 1511 1692 1308 1374 1070 1260 627 336 1149 817 4172 4172 4172 4172 
1455 1508 1463 1630 1307 1373 1073 1261 628 336 1151 818 4173 4173 4173 4173 
1482 1443 1410 1615 1308 1373 1074 1261 620 336 1158 815 4173 4173 4173 4173 
1466 1534 1407 1595 1307 1373 1074 1262 633 336 1158 824 4173 4173 4173 4173 
1634 1499 1462 1619 1309 1374 1071 1261 610 336 1170 817 4173 4173 4173 4173 
1517 1497 1835 2030 1311 1375 1073 1262 621 336 1148 817 4174 4174 4174 4174 
1485 1528 1958 2257 1308 1374 1072 1262 618 335 1145 807 4173 4173 4173 4173 
1438 1692 1492 1667 1304 1374 1073 1263 639 336 1158 829 4173 4173 4173 4173 
1589 1871 1708 1982 1306 1374 1075 1263 626 335 1166 828 4174 4174 4173 4173 
5920 1554 1458 1647 1302 1370 1072 1260 2029 336 1145 824 4173 4173 4173 4173 
1572 1501 1788 2106 1307 1375 1110 1261 617 336 1143 808 4174 4174 250 4174 
5391 1711 2023 2382 1314 1374 1073 1262 612 336 1153 817 4173 4173 4173 4173 
1447 1465 1427 1574 1303 1372 1073 1262 629 336 1151 815 4173 4173 4173 4173 
1521 1605 1417 1552 1308 1374 1073 1260 621 336 1162 829 4172 4172 4172 4172 
1512 1551 1429 1528 1308 1374 1072 1271 620 336 1160 823 4172 4172 4172 4172 
1493 1354 1497 1577 1304 1374 1072 1263 568 336 1113 772 4173 4173 4173 4173 
1586 1709 1447 1630 1316 1374 1072 1258 620 336 1165 828 4173 4173 4172 4172 
1528 1505 1464 1559 1302 1376 1073 1274 618 335 1161 820 4173 4173 4173 4173 
1480 1490 1441 1549 1308 1375 1075 1265 617 336 1150 818 4173 4173 4173 4173 
1565 1504 1439 1650 1307 1373 1072 1260 614 336 1157 819 4173 4173 4173 4173 
1489 1844 1491 1606 1311 1375 1073 1263 640 335 1172 833 4173 4173 4173 4173 
1590 1500 1442 1528 1308 1374 1072 1263 612 335 1151 818 4173 4173 4173 4173 
1481 1562 1457 1591 1319 1374 1072 1260 624 336 1154 823 4173 4173 4173 4173 
1448 1462 1581 1717 1310 1375 1076 1265 631 336 1147 813 4173 4173 4173 4173 
1631 1521 1554 1738 1317 1374 1071 1260 615 336 1156 820 4173 4173 4173 4173 
1579 1550 1495 1658 1314 1373 1071 1259 617 336 1158 815 4174 4174 4173 4173 
1509 1460 1469 1556 1314 1375 1072 1261 609 336 1142 813 4172 4172 4172 4172 
1515 1467 1483 1733 1298 1373 1073 1263 617 336 1157 809 4172 4172 4172 4172 
1515 1492 1381 1580 1304 1374 1073 1262 617 335 1157 813 4173 4173 4173 4173 
1502 1514 1687 1941 1306 1374 1074 1261 619 336 1144 809 4172 4172 4172 4172 
1582 1484 1402 1637 1307 1373 1072 1261 614 336 1150 814 4172 4172 4172 4172 
1554 1522 1541 1679 1307 1374 1071 1262 621 336 1160 821 4172 4172 4172 4172 
1475 1655 1414 1687 1313 1375 1072 1259 632 335 1165 824 4172 4172 4172 4172 
1512 1535 1397 1621 1305 1375 1071 1263 618 336 1158 818 4173 4173 4173 4173 
1517 1512 1453 1580 1308 1372 1072 1259 621 336 1163 821 4173 4173 4173 4173 
1505 1478 1401 1589 1308 1373 1074 1262 620 336 1159 817 4174 4174 4174 4174 
1504 1518 1631 1860 1306 1375 1074 1262 625 336 1150 813 4173 4173 4173 4173 
1581 1571 1474 1572 1309 1375 1087 1257 620 337 126 0 4173 4173 265 4173 
1562 1495 1403 1578 1310 1373 1072 1271 614 336 1152 816 4173 4173 4173 4173 
1485 1519 1428 1556 1311 1374 1073 1263 622 336 1157 822 4173 4173 4173 4173 
1489 1522 1434 1542 1306 1372 1071 1259 625 336 1163 828 4173 4173 4173 4173 
1453 1477 1429 1530 1307 1375 1071 1261 637 335 1167 826 4172 4172 4172 4172 
1450 1512 1716 1981 1301 1374 1074 1270 630 336 1150 811 4173 4173 4173 4173 
1443 1470 1424 1542 1306 1375 1073 1263 626 335 1150 813 4173 4173 4173 4173 
1514 1522 1429 1622 1307 1374 1084 1263 622 336 1156 819 4173 4173 4173 4173 
1517 1447 1481 1656 1316 1375 1072 1260 613 336 1152 811 4172 4172 4172 4172 
1578 1534 1452 1564 1302 1375 1073 1263 616 336 1161 824 4173 4173 4173 4173 
3813 1521 1817 2018 1305 1370 1071 1259 1765 336 1130 813 4173 4173 4173 4173 
1629 1570 1445 1569 1306 1371 1071 1261 617 336 1162 832 4173 4173 4173 4173 
1465 1576 1455 1651 1314 1372 1071 1258 628 335 1164 824 4173 4173 4173 4173 
1679 1484 1444 1623 1311 1372 1072 1259 605 335 1147 817 4173 4173 4173 4173 
1539 1488 1481 1611 1306 1374 1082 1262 612 336 1150 815 4173 4173 4172 4172 
1532 1501 1684 1831 1297 1375 1074 1263 616 336 1144 811 4173 4173 4173 4173 
1526 1481 1497 1580 1308 1375 1075 1262 615 335 1153 824 4172 4172 4172 4172 
5236 1379 1885 2157 1306 1372 1071 1259 1498 336 1154 832 4173 4173 4173 4173 
1558 1546 1548 1669 1308 1374 1075 1265 618 335 1157 821 4172 4172 4172 4172 
1437 1519 1521 1703 1307 1373 1074 1261 652 330 1149 820 4173 4173 4173 4173 
1520 1457 1400 1560 1308 1374 1073 1262 612 335 1150 812 4172 4172 4172 4172 
1512 1490 1986 2094 1307 1374 1103 1256 619 335 1139 816 4172 4172 246 4172 
1554 1474 1427 1574 1302 1373 1074 1262 616 336 1152 817 4173 4173 4173 4173 
1510 1476 1377 1504 1308 1381 1055 1260 617 335 1152 821 4172 4172 4172 4172 
1522 1504 1470 1717 1317 1375 1072 1260 613 335 1145 807 4172 4172 4172 4172 
1543 1402 1398 1533 1304 1374 1075 1262 608 335 1139 808 4172 4172 4172 4172 
1516 1490 1441 1588 1310 1374 1072 1263 619 335 1154 818 4172 4172 4172 4172 
1482 1505 1412 1533 1308 1373 1073 1261 622 336 1153 818 4173 4173 4173 4173 
1546 1498 1648 1930 1310 1374 1074 1261 619 335 1144 814 4172 4172 4172 4172 
1602 1532 1564 1809 1307 1374 1079 1261 617 336 1154 820 4172 4172 4172 4172 
1481 1575 1667 1897 1309 1372 1071 1260 627 336 1154 817 4173 4173 4173 4173 
1477 1486 1460 1558 1315 1374 1073 1260 619 336 1153 816 4172 4172 4172 4172 
1548 1513 1735 1958 1302 1376 1074 1263 617 336 1139 816 4173 4173 4173 4173 
1509 1472 1450 1645 1307 1373 1073 1260 614 336 1150 813 4172 4172 4172 4172 
1512 1547 1428 1563 1309 1374 1094 1260 623 335 1155 821 4172 4172 247 4172 
1609 1472 1479 1583 1308 1376 1076 1262 611 335 1156 819 4173 4173 4173 4173 
1521 1506 1476 1621 1300 1374 1075 1261 623 336 1150 812 4173 4173 4173 4173 
1568 1514 1442 1576 1309 1373 1073 1261 622 336 1153 819 4173 4173 4173 4173 
1516 1537 1410 1531 1305 1373 1071 1260 619 336 1165 832 4173 4173 4173 4173 
1489 1481 1454 1597 1307 1373 1072 1261 623 335 1150 818 4173 4173 4172 4172 
1517 1497 1408 1575 1317 1375 1089 1258 620 336 1156 821 4172 4172 270 4172 
1473 1460 1474 1562 1305 1373 1072 1262 615 336 1149 808 4173 4173 4173 4173 
1556 1479 1603 1922 1309 1373 1072 1261 613 336 1143 809 4174 4174 4174 4175 
1528 1499 1568 1663 1318 1389 1071 1261 619 336 1150 814 4173 731 4173 4173 
1549 1764 1659 1970 1310 1375 1075 1261 628 335 1159 824 4174 4174 4174 4174 
1448 1501 1428 1620 1309 1372 1071 1261 620 336 1157 822 4172 4172 4172 4172 
1582 1646 1454 1603 1307 1372 1070 1260 624 336 1156 826 4173 4173 4173 4173 
1507 1493 1453 1598 1300 1374 1072 1263 619 336 1157 822 4172 4172 4172 4172 
1474 1547 1631 2067 1303 1372 1074 1260 628 336 1157 810 4173 4173 4173 4173 
1529 1513 1445 1663 1311 1374 1072 1261 617 336 1159 821 4172 4172 4172 4172 
1517 1580 1451 1591 1306 1373 1074 1262 627 336 1158 825 4172 4172 4172 4172 
1470 1514 1410 1545 1310 1373 1074 1261 629 335 1161 821 4171 4171 4171 4171 
1662 1489 1432 1589 1307 1375 1073 1260 553 336 1153 816 4173 4173 4173 4173 
1614 1515 1888 2094 1317 1374 1074 1260 616 335 1148 811 4171 4171 4171 4171 
1464 1557 1395 1557 1307 1373 1073 1261 627 335 1161 831 4172 4172 4172 4172 
1633 1476 1432 1601 1317 1374 1073 1261 606 335 1149 818 4172 4172 4172 4172 
1534 1518 1403 1511 1301 1372 1070 1262 619 335 1159 823 4171 4171 4171 4171 
1525 1671 2486 2803 1309 1375 1099 1261 628 335 1148 817 4173 4173 265 4173 
1487 1541 2162 2511 1308 1374 1071 1263 627 335 1141 807 4173 4173 4173 4173 
1566 1471 1602 1944 1309 1374 1073 1261 614 335 1153 805 4173 4173 4173 4173 
1496 1512 1646 1910 1303 1375 1073 1263 624 335 1151 805 4173 4173 4173 4173 
1453 1517 1556 1769 1311 1374 1073 1258 655 75 867 540 4173 4173 4173 4173 
1493 1542 1559 1781 1308 1373 1074 1262 625 336 1150 813 4173 4173 4173 4173 
1534 1470 1498 1589 1301 1374 1073 1263 613 336 1150 817 4173 4173 4173 4173 
1500 1545 1413 1562 1300 1374 1071 1259 621 335 1160 821 4174 4174 4174 4174 
1478 1448 1385 1526 1302 1375 1074 1262 621 336 1153 812 4172 4172 4172 4172 
1528 1531 1586 1839 1316 1372 1072 1260 622 336 1152 814 4173 4173 4173 4173 
1491 1538 1387 1613 1306 1374 1071 1260 628 336 1161 826 4173 4173 4173 4173 
1570 1684 1422 1564 1314 1371 1070 1260 624 336 1172 831 4172 4172 4172 4172 
1620 1619 1423 1534 1307 1375 1095 1258 625 336 1154 825 4172 4172 251 4172 
1486 1487 1596 1868 1310 1374 1070 1260 633 336 1141 807 4173 4173 4173 4173 
1528 1477 1446 1631 1314 1373 1072 1259 617 335 1148 816 4173 4173 4173 4173 
1545 1526 1393 1549 1314 1375 1075 1263 613 335 1154 825 4173 4173 4173 4173 
1517 1677 1444 1591 1309 1374 1079 1263 631 336 1160 829 4172 4172 4172 4172 
1555 1691 1429 1562 1307 1375 1073 1262 632 336 1170 830 4172 4172 4172 4172 
1477 1502 1454 1604 1304 1374 1071 1262 630 335 1160 816 4173 4173 4173 4173 
1463 1512 1516 1628 1316 1375 1072 1260 624 335 1154 819 4173 4173 4173 4173 
1643 1477 1602 2002 1308 1373 1073 1261 611 336 1147 812 4173 4173 4173 4173 
1530 1471 1458 1634 1315 1374 1073 1263 617 336 1157 813 4174 4174 4173 4173 
1487 1500 1402 1559 1314 1374 1071 1261 623 336 1152 821 4173 4173 4173 4173 
1540 1791 1388 1527 1308 1373 1074 1261 628 335 1169 827 4172 4172 4172 4172 
1533 1500 1400 1569 1311 1375 1074 1269 614 336 1159 814 4173 4173 4173 4173 
1464 1496 1407 1563 1309 1375 1098 1258 644 336 1153 820 4173 4173 259 4173 
1545 1480 1424 1614 1302 1375 1074 1263 615 335 1160 819 4173 4173 4173 4173 
1537 1516 1520 1629 1306 1373 1073 1261 618 336 1155 818 4173 4173 4173 4173 
1600 1493 1476 1677 1308 1374 1073 1261 614 336 1154 823 4173 4173 4173 4173 
1564 1473 1825 1982 1311 1374 1073 1262 616 336 1144 816 4173 4173 4173 4173 
1545 1467 1678 1840 1308 1374 1074 1276 612 336 1159 810 4173 4173 4173 468 
1571 1483 1459 1554 1305 1373 1073 1262 615 335 1166 817 4173 4173 4173 4173 
1515 1606 1526 1763 1308 1374 1071 1263 624 336 1160 819 4173 4173 4173 4173 
1481 1497 1509 1578 1306 1373 1074 1261 623 336 1141 833 4173 4173 4173 4173 
1513 1505 1525 1746 1309 1374 1074 1279 615 335 1165 815 4173 4173 4173 473 
1455 1458 1392 1582 1309 1380 1074 1260 637 336 1148 813 4172 4172 4172 4172 
1594 1511 1427 1585 1312 1374 1073 1259 614 336 1158 824 4173 4173 4173 4173 
1463 1510 1479 1602 1308 1373 1072 1260 625 335 1158 824 4174 4174 4173 4173 
1464 1553 1524 1631 1310 1375 1071 1261 630 335 1150 822 4173 4173 4173 4173 
1533 1494 1424 1579 1308 1375 1073 1263 615 335 1157 819 4172 4172 4172 4172 
1545 1501 1433 1578 1297 1372 1072 1260 615 335 1155 820 4172 4172 4172 4172 
1472 1489 1431 1621 1308 1373 1074 1261 622 336 1160 819 4172 4172 4172 4172 
1457 1497 1594 1839 1314 1373 1070 1260 623 335 1150 811 4172 4172 4172 4172 
1526 1486 1391 1578 1306 1374 1074 1262 618 336 1158 824 4173 4173 4173 4173 
1476 1402 1436 1577 1310 1374 1072 1258 610 335 1134 793 4173 4173 4173 4173 
1473 1538 1426 1500 1303 1374 1074 1262 625 336 1157 824 4173 4173 4173 4173 
1465 1502 1384 1671 1309 1373 1073 1261 623 335 1174 816 4172 4172 4172 4172 
1485 1518 1657 1844 1307 1374 1072 1262 620 336 1146 816 4173 4173 4173 4173 
1453 1660 1448 1526 1309 1375 1108 1259 638 336 1164 832 4173 4173 256 4173 
1522 1518 1401 1555 1307 1372 1072 1261 622 335 1152 820 4173 4173 4173 4173 
1476 1459 1446 1657 1315 1374 1071 1259 617 336 1142 807 4173 4173 4173 4173 
1578 1703 1434 1513 1311 1373 1071 1259 629 336 1167 836 4172 4172 4172 4172 
1534 1468 1485 1583 1310 1374 1079 1262 618 336 1156 825 4172 4172 4172 4172 
1506 1414 1807 2085 1309 1375 1073 1261 611 335 1134 797 4173 4173 4173 4173 
1448 1491 1559 1639 1310 1375 1073 1262 622 336 1151 816 4172 4172 4172 4172 
1449 1442 1425 1543 1298 1379 1074 1270 630 336 1166 818 4172 4172 4172 4172 
1546 1470 1460 1575 1308 1372 1071 1262 611 336 1151 814 4172 4172 4172 4172 
1503 1530 1793 2085 1308 1374 1074 1262 622 335 1146 808 4173 4173 4173 4173 
1609 1532 1482 1642 1303 1373 1074 1263 616 335 1171 825 4172 4172 4172 4172 
1561 1492 1775 1952 1310 1377 1075 1265 616 336 1143 813 4172 4172 4172 4172 
1561 1365 1406 1653 1306 1375 1072 1264 580 335 1127 779 4173 4173 4173 4173 
1466 1722 1436 1584 1317 1374 1072 1260 639 335 1168 830 4172 4172 4172 4172 
1569 1626 1490 1629 1316 1374 1071 1262 628 336 1156 822 4173 4173 4173 4173 
1584 1559 1635 1792 1304 1374 1812 1258 620 336 1148 821 4173 4173 211 4173 
1477 1489 1419 1558 1317 1374 1072 1260 616 336 1157 820 4173 4173 4173 4173 
1493 1482 1559 1759 1311 1373 1071 1260 616 335 1148 811 4170 4170 4170 4170 
1540 1504 1655 1916 1299 1373 1074 1262 613 335 1147 808 4172 4172 4172 4172 
1506 1763 1479 1588 1309 1373 1073 1261 627 335 1164 826 4172 4172 4172 4172 
1455 1528 1430 1632 1308 1374 1073 1271 634 336 1156 822 4173 4173 4173 4173 
1564 1479 1449 1617 1308 1373 1073 1260 547 336 1153 818 4173 4173 4173 4173 
1506 1493 1517 1682 1307 1375 1073 1263 620 336 1157 817 4172 4172 4172 4172 
1484 1513 1214 1300 1307 1375 2056 1254 631 336 4172 4172 4172 4172 205 4172 
1502 1476 1377 1526 1305 1375 1070 1260 610 335 1162 825 4171 4171 4171 4171 
1621 1478 1412 1519 1298 1375 1071 1263 613 336 1162 823 4172 4172 4172 4172 
1616 1502 1454 1611 1307 1374 1071 1259 610 336 1155 819 4173 4173 4173 4172 
1485 1490 1423 1593 1311 1374 1071 1260 616 335 1150 815 4172 4172 4172 4172 
1515 1499 1380 1603 1311 1375 1073 1262 616 335 1155 815 4173 4173 4173 4173 
1550 1539 1327 1461 1308 1374 1073 1262 618 336 1167 826 4173 4173 4173 4173 
1561 1478 1563 1725 1308 1374 1094 1258 611 336 1147 814 4173 4173 240 4173 
1502 1494 1474 1647 1307 1374 1070 1259 620 336 1159 817 4173 4173 4173 4173 
1506 1542 1409 1577 1309 1375 1073 1261 621 336 1161 820 4173 4173 4173 4173 
1504 1834 1466 1606 1310 1376 1074 1262 627 336 1158 829 4172 4172 4172 4172 
1478 1512 1417 1582 1309 1375 1074 1263 624 336 1161 832 4173 4173 4173 4173 
1605 1476 1391 1522 1309 1374 1073 1262 610 336 1155 819 4173 4173 4173 4173 
1551 1565 2394 2875 1310 1372 1072 1260 618 336 1144 812 4173 4173 4173 4173 
1537 1491 1442 1540 1312 1377 1071 1262 614 336 1154 831 4174 4174 4174 4174 
1553 1477 1418 1589 1306 1375 1072 1261 610 336 1161 818 4173 4173 4173 4173 
1576 1538 1453 1557 1306 1372 1071 1264 610 336 1154 823 4173 4173 4173 4173 
1540 1494 1435 1534 1315 1372 1070 1258 613 335 1158 818 4173 4173 4173 4173 
1490 1524 1426 1607 1312 1373 1079 1264 618 336 1152 826 4173 4173 0 4172 
1523 1545 1428 1574 1305 1374 1072 1262 621 336 1155 823 4173 4173 4173 4173 
1478 1514 1614 1780 1307 1374 1074 1262 621 336 1152 821 4173 4173 4173 4173 
1528 1482 1599 1780 1311 1373 1072 1258 613 335 1145 808 4174 4174 4174 4174 
1509 1855 2081 2365 1309 1376 1074 1263 631 336 1156 824 4173 4173 4173 4173 
1554 1535 1443 1588 1308 1376 1080 1263 619 336 1158 825 4173 4173 4173 4173 
1517 1468 1428 1553 1307 1374 1071 1260 607 336 1153 806 4173 4173 4173 4173 
1459 1516 2107 2597 1310 1373 1071 1261 631 336 1145 808 4173 4173 4173 4173 
1572 1473 1374 1576 1312 1374 1071 1260 611 336 1154 817 4173 4173 4173 4173 
1525 1473 1397 1578 1307 1374 1073 1262 616 336 1152 818 4173 4173 4173 4173 
1485 1529 1427 1607 1305 1374 1075 1260 622 336 1160 817 4173 4173 4173 4173 
1473 1504 2036 2342 1305 1376 1077 1271 627 336 1159 813 4172 4172 4172 4172 
1489 1592 1442 1589 1315 1374 1071 1258 629 336 1157 825 4173 4173 4173 4173 
1562 1504 1548 1756 1305 1374 1074 1262 608 336 1146 813 4173 4173 4173 4173 
1727 1851 1944 2053 1314 1372 1072 1258 622 336 1150 824 4172 4172 4172 4172 
1460 1524 1446 1563 1316 1375 1079 1260 626 335 1155 822 4173 4173 4173 4173 
1512 1509 1381 1564 1311 1376 1073 1260 618 336 1160 818 4173 4173 4173 4173 
1495 1671 1486 1612 1301 1373 1073 1267 634 336 1155 830 4173 4173 4173 4173 
1596 1489 1391 1518 1318 1374 1073 1260 614 336 1155 825 4174 4174 4174 4174 
1473 1481 1444 1575 1308 1373 1073 1267 616 335 1153 818 4174 4174 4173 4173 
1500 1558 1410 1614 1305 1375 1073 1264 628 336 1155 824 4173 4173 4173 4173 
1488 1493 1425 1586 1309 1375 1074 1264 617 335 1155 818 4171 4171 4171 4171 
1457 1784 1433 1575 1315 1375 1104 1259 642 336 1166 831 4174 4174 250 4174 
1478 1486 1424 1557 1310 1374 1075 1261 619 336 1160 824 4173 4173 4173 4173 
1437 1482 1428 1646 1307 1375 1073 1262 618 336 1154 816 4174 4174 4173 4173 
1539 1503 1416 1639 1300 1375 1072 1263 621 336 1160 815 4173 4173 4173 4173 
1473 1512 1594 1869 1307 1373 1071 1260 622 336 1152 812 4173 4173 4173 4173 
1473 1482 1477 1593 1303 1375 1072 1262 628 335 1156 822 4173 4173 4173 4173 
1567 1479 1423 1571 1306 1375 1072 1263 613 336 1147 814 4173 4173 4173 4173 
1573 1516 1443 1542 1308 1374 1073 1262 619 336 1156 822 4173 4173 4173 4173 
1515 1666 1444 1556 1311 1375 1076 1260 626 336 1162 830 4173 4173 4173 4173 
5094 1513 2187 2445 1303 1371 1073 1259 1815 336 1131 808 4173 4173 4173 4173 
1472 1455 1441 1566 1306 1374 1072 1262 612 335 1154 814 4173 4173 4173 4173 
1576 1484 1438 1567 1317 1374 1071 1260 618 336 1159 820 4172 4172 4172 4172 
1494 1647 1439 1602 1310 1375 1074 1264 619 336 1158 832 4173 4173 4173 4173 
1576 1508 1693 1933 1297 1373 1071 1260 611 336 1147 806 4173 4173 4173 4173 
1668 1821 2012 2446 1307 1375 1073 1262 626 336 1158 823 4173 4173 4173 4173 
1531 1469 1431 1586 1311 1375 1086 1258 618 336 1163 813 4173 4173 254 4173 
1503 1461 1444 1573 1312 1372 1070 1260 616 336 1158 826 4173 4173 4173 4173 
1576 1508 1432 1596 1309 1379 1073 1262 615 336 1164 821 4173 4173 4173 4173 
1472 1467 1398 1559 1299 1372 1073 1263 613 336 1147 821 4172 4172 4172 4172 
1510 1669 1569 1662 1311 1371 1071 1259 627 336 1146 832 4173 4173 4173 4173 
1494 1503 1486 1672 1311 1373 1071 1260 621 336 1151 813 4173 4173 4173 4173 
1694 1490 1691 2032 1318 1374 1073 1264 612 336 1145 811 4173 4173 4173 4173 
1695 1482 1834 2189 1309 1373 1071 1262 613 335 1139 812 4173 4173 4173 4173 
1484 1500 1458 1603 1310 1376 1073 1262 624 334 1153 816 4171 4171 4171 4171 
1546 1521 1436 1559 1310 1373 1071 1260 614 336 1152 818 4173 4173 4173 4173 
1570 1511 1470 1583 1317 1374 1072 1260 613 336 1155 820 4174 4174 4173 4173 
1494 1679 1737 1981 1308 1375 1073 1262 628 335 1156 818 4173 4173 4173 4173 
1506 1476 1436 1612 1309 1374 1074 1264 618 336 1157 816 4173 4173 4173 4173 
1519 1523 1468 1666 1308 1374 1074 1263 616 335 1147 818 4174 4174 4174 4174 
1491 1519 1445 1593 1312 1375 1073 1261 631 336 1154 822 4174 4174 4174 4174 
1508 1541 1440 1598 1307 1374 1074 1261 620 336 1155 817 4173 4173 4173 4173 
1498 1572 1427 1588 1306 1375 1074 1262 627 335 1170 826 4173 4173 4173 4173 
1511 1381 1441 1544 1309 1374 1072 1260 601 335 1129 800 4173 4173 4173 4173 
1536 1483 1467 1614 1308 1374 1072 1262 618 336 1158 824 4173 4173 4173 4173 
1525 1496 1505 1648 1308 1373 1074 1262 618 335 1157 814 4173 4173 4173 4173 
1556 1846 1694 1977 1306 1374 1072 1262 635 336 1158 828 4174 4174 4174 4174 
1520 1490 1519 1729 1306 1378 1080 1257 627 335 1185 812 4173 4173 4173 4173 
1583 1503 1421 1556 1308 1373 1081 1263 615 336 1155 818 4173 4173 4173 4173 
1505 1504 1382 1520 1308 1372 1071 1259 616 335 1151 824 4173 4173 4173 4173 
1500 1466 1446 1566 1309 1375 1074 1263 618 335 1157 810 4173 4173 4173 4173 
1554 1482 1420 1541 1303 1375 1073 1263 615 335 1150 826 4173 4173 4173 4173 
1460 1508 1410 1560 1301 1373 1071 1262 627 336 1161 825 4174 4174 4174 4174 
1645 1786 1948 2205 1306 1374 1074 1263 624 335 1153 821 4173 4173 4173 4173 
1630 1725 1785 1987 1306 1374 1074 1263 627 336 1154 821 4173 4173 4173 4173 
1530 1738 2567 3400 1319 1402 1902 1259 630 336 1136 811 777 692 220 4173 
1498 1492 1439 1529 1308 1372 1074 1260 618 336 1156 824 4174 4174 4174 4174 
1546 1478 1404 1610 1309 1373 1072 1261 620 336 1152 816 4173 4173 4173 4173 
1504 1472 1414 1555 1309 1373 1072 1278 619 336 1175 822 4173 4173 4173 867 
1495 1467 1550 1736 1315 1374 1071 1261 620 336 1145 814 4173 4173 4173 4173 
1482 1479 1411 1528 1307 1375 1073 1262 609 334 1152 817 4169 4169 4169 4169 
1626 1919 1971 2447 1307 1373 1071 1261 624 336 1151 821 4173 4173 4173 4173 
1535 1466 1431 1623 1307 1386 1072 1260 616 336 1157 814 4173 704 4173 4173 
1525 1794 1403 1522 1310 1375 1073 1262 629 336 1166 846 4173 4173 4173 4173 
1577 1627 1383 1564 1310 1374 1072 1261 624 336 1164 831 4174 4174 4174 4174 
1459 1638 1523 1733 1317 1374 1072 1259 630 335 1157 825 4173 4173 4173 4173 
1488 1515 1499 1597 1309 1374 1071 1262 624 336 1150 817 4173 4173 4173 4173 
1563 1525 1440 1508 1309 1374 1073 1263 617 336 1157 824 4174 4174 4174 4174 
1498 1504 1597 1884 1308 1372 1071 1261 620 336 1153 810 4173 4173 4173 4173 
1490 1536 1440 1600 1300 1373 1073 1261 626 336 1161 820 4172 4172 4172 4172 
1504 1536 1416 1526 1310 1375 1071 1261 626 336 1159 821 4173 4173 4173 4173 
1474 1468 1526 1717 1303 1374 1073 1263 617 335 1145 811 4174 4174 4174 4174 
1565 1662 1613 1981 1313 1373 1071 1259 628 336 1160 821 4173 4173 4173 4173 
1521 1590 1716 2039 1306 1373 1071 1261 621 336 1151 813 4173 4173 4173 4173 
1526 1810 1936 2151 1307 1373 1072 1260 629 336 1130 824 4173 4173 4173 4173 
2053 1838 2389 2870 1306 1380 1079 1258 1616 336 1135 815 4173 4173 4173 4173 
1489 1558 1401 1561 1317 1375 1072 1261 629 335 1164 821 4173 4173 4173 4173 
1575 1910 1765 2057 1308 1372 1072 1260 628 336 1158 829 4173 4173 4173 4173 
1514 1561 1422 1593 1307 1373 1073 1262 619 336 1162 822 4172 4172 4172 4172 
1488 1526 1420 1570 1308 1376 1074 1263 613 335 1163 823 4173 4173 4173 4173 
1510 1484 1408 1554 1311 1374 1078 1260 623 336 1160 820 4173 4173 4173 4173 
1500 1595 1426 1568 1311 1375 1074 1263 622 336 1156 823 4174 4174 4174 4174 
1526 1496 1388 1577 1306 1373 1072 1261 614 336 1147 817 4172 4172 4172 4172 
1521 1472 1567 1821 1308 1372 1074 1263 619 336 1146 808 4173 4173 4173 4173 
1516 1472 2034 2439 1299 1375 1075 1266 615 336 1136 803 4173 4173 4173 4173 
1534 1534 1514 1715 1310 1375 1071 1265 618 336 1151 814 4173 4173 4173 4173 
1650 1494 1406 1541 1299 1373 1073 1262 613 336 1158 817 4173 4173 4173 4173 
1462 1453 1390 1585 1307 1374 1074 1262 625 336 1157 823 4173 4173 4173 4173 
1446 1611 1482 1628 1311 1373 1084 1266 635 336 1160 828 4173 4173 0 4173 
1573 1527 1394 1575 1309 1373 1072 1262 620 336 1160 824 4173 4173 4172 4172 
1544 1960 2149 2505 1307 1374 1099 1259 636 336 1155 824 4172 4172 252 4172 
1480 1470 1411 1530 1309 1375 1073 1263 627 336 1150 817 4173 4173 4173 4173 
1513 1603 1575 1775 1311 1372 1070 1260 624 336 1156 815 4174 4174 4174 4174 
1511 1539 1494 1642 1309 1374 1073 1261 618 336 1158 824 4172 4172 4172 4172 
1469 1542 1403 1600 1313 1373 1074 1258 619 336 1157 818 4174 4174 4174 4174 
1551 1672 1428 1550 1310 1373 1074 1263 626 336 1163 827 4173 4173 4173 4173 
1471 1555 1438 1567 1311 1388 2314 1259 628 335 1152 828 4172 717 202 4172 
1540 1774 1839 2162 1307 1373 1073 1262 632 336 1156 819 4173 4173 4173 4173 
1584 1577 1510 1669 1308 1374 1072 1260 618 336 1163 821 4173 4173 4173 4173 
1482 1842 1879 2122 1317 1372 1070 1258 636 336 1161 830 4172 4172 4172 4172 
1533 1490 1425 1636 1315 1374 1072 1261 620 336 1163 818 4174 4174 4173 4173 
1516 1465 1435 1595 1303 1374 1071 1261 621 336 1156 820 4174 4174 4174 4174 
1541 1539 1526 1717 1309 1372 1071 1262 612 336 1154 812 4173 4173 4173 4173 
1521 1505 1448 1559 1317 1374 1071 1260 623 335 1152 811 4173 4173 4173 4173 
1554 1508 1506 1655 1315 1372 1071 1258 613 336 1145 822 4173 4173 4173 4173 
1694 1552 1431 1589 1310 1373 1074 1263 616 336 1158 827 4173 4173 4173 4173 
1549 1471 1490 1664 1310 1373 1072 1262 611 335 1152 814 4172 4172 4172 4172 
1520 1536 1437 1608 1309 1374 1072 1259 617 336 1159 829 4174 4174 4174 4174 
1529 1555 1460 1669 1306 1374 1092 1259 629 335 1157 817 4172 4172 258 4172 
1533 1487 1533 1758 1304 1375 1071 1261 618 336 1151 816 4172 4172 4172 4172 
1536 1511 1519 1676 1306 1374 1074 1262 616 336 1155 819 4174 4174 4174 4174 
1524 1499 1398 1538 1308 1371 1073 1260 614 336 1150 825 4173 4173 4173 4173 
1632 1530 1658 2050 1305 1372 1071 1258 616 336 1148 814 4172 4172 4172 4172 
1464 1471 1462 1643 1308 1372 1071 1257 620 336 1146 814 4173 4173 4173 4173 
1514 1503 1429 1594 1305 1374 1074 1261 612 335 1157 820 4173 4173 4173 4173 
1572 1466 1783 2110 1308 1374 1074 1261 608 336 1137 801 4173 4173 4173 4173 
1497 1478 1516 1770 1298 1374 1073 1265 624 335 1148 811 4173 4173 4173 4173 
1492 1468 1436 1532 1312 1371 1073 1261 618 336 1143 820 4173 4173 4173 4173 
1545 1476 1416 1577 1304 1376 1075 1262 615 336 1152 822 4172 4172 4172 4172 
1496 1490 1554 1736 1318 1374 1071 1260 617 336 1147 818 4173 4173 4173 4173 
1562 1533 1459 1632 1307 1381 1071 1262 619 336 1150 819 4174 4174 4174 4174 
1555 1510 1587 1707 1306 1374 1074 1262 621 336 1156 819 4173 4173 4173 4173 
1506 1535 1345 1587 1306 1374 1072 1262 620 336 1164 820 4172 4172 4172 4172 
1524 1534 1438 1533 1308 1374 1074 1262 622 336 1153 825 4172 4172 4172 4172 
1476 1482 1417 1585 1310 1374 1075 1266 615 336 1153 816 4173 4173 4173 4173 
1444 1476 1430 1594 1309 1373 1075 1262 640 335 1154 824 4173 4173 4173 4173 
1440 2046 1929 2169 1307 1374 1073 1261 651 334 1163 824 4173 4173 4173 4173 
1654 1478 1430 1556 1314 1373 1071 1258 609 336 1136 818 4173 4173 4173 4173 
1538 1468 1691 1886 1304 1374 1072 1263 610 335 1138 805 4173 4173 4173 4173 
1481 1819 1661 1923 1314 1374 1073 1261 636 336 1159 825 4173 4173 4173 4173 
1549 1577 1453 1634 1309 1374 1072 1262 620 336 1162 822 4173 4173 4173 4173 
1552 1475 1386 1510 1318 1375 1074 1261 611 336 1158 822 4173 4173 4173 4173 
1528 1464 1419 1565 1307 1374 1073 1263 612 336 1149 818 4173 4173 4173 4173 
1572 1475 2018 2298 1306 1374 1075 1265 611 335 1129 799 4173 4173 4173 4173 
1543 1499 1417 1602 1310 1374 1074 1263 613 336 1159 818 4172 4172 4172 4172 
1487 1444 1406 1543 1310 1374 1073 1263 606 336 1157 811 4172 4172 4172 4172 
1497 1470 2214 3027 1300 1374 2791 1259 620 336 1133 798 4173 4173 195 4173 
1492 1760 1466 1656 1310 1375 1073 1265 632 336 1167 833 4174 4174 4174 4174 
9361 1628 1640 1754 1310 1370 1068 1257 599 335 1158 827 4173 4173 4173 4173 
1530 1398 1446 1601 1306 1373 1074 1262 596 336 1143 804 4174 4174 4174 4174 
1510 1477 1451 1591 1310 1374 1073 1262 620 336 1160 817 4173 4173 4173 4173 
1671 1598 1965 2265 1307 1374 1073 1263 620 335 1144 819 4172 4172 4172 4172 
1502 1376 1913 2366 1309 1373 1073 1260 605 336 1121 782 4173 4173 4173 4173 
1536 1466 1450 1576 1311 1377 1076 1265 613 336 1150 812 4173 4173 4173 4173 
1512 1480 1451 1557 1306 1372 1071 1261 616 335 1153 817 4173 4173 4173 4173 
1695 1494 2021 2611 1309 1374 1073 1262 616 336 1162 807 4173 4173 4173 4173 
1517 1569 1755 2011 1305 1371 1071 1260 625 336 1155 817 4173 4173 4173 4173 
1542 1466 1436 1523 1308 1374 1073 1260 611 336 1142 817 4173 4173 4173 4173 
1557 1479 1443 1581 1310 1374 1072 1261 618 336 1152 815 4173 4173 4173 4173 
1585 1534 1685 1978 1305 1374 1103 1258 616 336 1148 803 4173 4173 255 4173 
1539 1493 1436 1681 1309 1374 1077 1262 620 336 1152 813 4173 4173 4173 4173 
1569 1639 1420 1538 1315 1374 1069 1259 619 336 1159 826 4173 4173 4173 4173 
1612 1478 1959 2281 1300 1374 1074 1265 612 336 1141 811 4173 4173 4173 4173 
1586 1487 1450 1619 1307 1373 1072 1259 616 336 1152 820 4172 4172 4172 4172 
1513 1486 1364 1534 1305 1372 1071 1259 617 336 1162 816 4172 4172 4172 4172 
1452 1498 1372 1589 1315 1375 1074 1262 635 336 1160 817 4173 4173 4173 4173 
1474 1479 1443 1568 1310 1374 1074 1262 625 336 1160 821 4172 4172 4172 4172 
1537 1484 1735 2001 1307 1370 1070 1258 1272 336 1133 805 4173 4173 4173 4173 
1469 1536 1413 1498 1313 1374 1071 1261 624 336 1157 821 4172 4172 4172 4172 
1496 1476 1611 1861 1310 1372 1073 1262 615 335 1140 805 4173 4173 4173 4173 
1536 1981 1511 1647 1307 1373 1073 1260 633 336 1175 839 4173 4173 4173 4173 
1477 1478 1429 1594 1309 1379 1073 1263 612 336 1151 809 4172 4172 4172 4172 
1472 1532 1429 1536 1310 1375 1073 1261 620 336 1157 831 4173 4173 4173 4173 
1521 1492 1436 1655 1308 1374 1071 1261 615 336 1158 814 4172 4172 4172 4172 
1605 1480 1436 1574 1307 1377 1094 1260 612 335 1142 815 4172 4172 240 4172 
1558 1490 1410 1522 1305 1378 1076 1258 623 336 1187 824 4174 4174 4174 4174 
1490 1522 1429 1622 1306 1373 1073 1262 632 335 1160 818 4172 4172 4172 4172 
1652 1510 1438 1593 1308 1374 1073 1262 611 336 1157 816 4172 4172 4172 4172 
1537 1506 1623 1982 1308 1375 1077 1265 615 335 1142 808 4173 4173 4173 4173 
1620 1479 1923 2217 1304 1373 1072 1263 612 336 1134 805 4172 4172 4172 4172 
1495 1817 1435 1634 1298 1372 1071 1262 637 335 1165 828 4174 4174 4174 4174 
1579 1494 1492 1641 1294 1375 1071 1263 616 335 1152 820 4172 4172 4172 4172 
1511 1642 1513 1663 1303 1374 1073 1262 632 336 1166 825 4172 4172 4172 4172 
1790 1456 1900 2239 1308 1372 1071 1261 1629 336 1122 802 4173 4173 4173 4173 
1624 1487 1429 1567 1314 1374 1071 1260 613 335 1154 821 4173 4173 4173 4173 
1504 1809 1370 1535 1305 1375 1074 1263 632 335 1175 835 4172 4172 4172 4172 
1524 1475 1446 1580 1307 1372 1071 1260 622 336 1152 820 4173 4173 4173 4173 
1533 1504 1400 1587 1310 1374 1071 1262 618 336 1166 822 4172 4172 4172 4172 
1518 1483 1414 1582 1303 1373 1074 1263 616 335 1155 815 4174 4174 4174 4174 
1504 1471 1362 1580 1308 1373 1072 1261 624 336 1153 821 4172 4172 4172 4172 
1606 1503 1472 1674 1311 1373 1072 1260 613 336 1151 817 4173 4173 4173 4173 
1577 1473 1479 1631 1311 1390 1071 1262 605 336 1146 810 4173 694 4173 4173 
1545 1503 1380 1541 1308 1375 1072 1266 622 335 1163 820 4172 4172 4172 4172 
1509 1500 1619 1820 1310 1374 1076 1261 614 335 1144 808 4172 4172 4172 4172 
1468 1800 1809 2102 1306 1372 1072 1260 636 336 1160 828 4172 4172 4172 4172 
1562 1505 1570 1863 1308 1375 1072 1261 613 336 1151 813 4173 4173 4173 4173 
1538 1459 1510 1628 1315 1374 1071 1261 617 335 1151 813 4172 4172 4172 4172 
1503 1619 1580 1792 1307 1374 1074 1261 631 336 1154 823 4173 4173 4173 4173 
1567 1566 1412 1565 1316 1380 1077 1260 624 336 1166 820 4173 4173 4173 4173 
1671 1645 1592 1878 1299 1374 1073 1264 621 336 1160 823 4172 4172 4172 4172 
1534 1522 1826 2203 1307 1373 1071 1263 616 336 1144 806 4173 4173 4173 4173 
1560 1645 1523 1684 1317 1374 1070 1259 621 336 1159 826 4174 4174 4173 4173 
1666 1513 1370 1530 1317 1377 1096 1260 616 336 1157 819 4172 4172 261 4172 
1502 1472 1442 1547 1308 1372 1072 1260 616 336 1155 820 4173 4173 4173 4173 
1548 1509 1448 1572 1315 1374 1071 1259 614 336 1154 817 4173 4173 4173 4173 
1544 1751 1474 1569 1308 1375 1074 1263 635 336 1165 836 4172 4172 4172 4172 
1503 1683 1560 1693 1308 1373 1071 1260 629 336 1162 825 4173 4173 4173 4173 
1537 1497 2339 2998 1307 1374 1073 1261 620 336 1142 805 4173 4173 4173 4173 
1474 1517 1467 1614 1308 1374 1074 1262 623 336 1157 818 4173 4173 4173 4173 
1540 1509 2143 2579 1313 1373 1070 1258 618 336 1140 801 4173 4173 4172 4172 
1507 1455 1436 1574 1308 1373 1073 1262 618 336 1150 821 4174 4174 4174 4174 
1604 1715 1437 1567 1313 1372 1072 1260 631 336 1168 828 4173 4173 4173 4173 
1502 1494 1417 1545 1305 1375 1074 1263 619 336 1157 822 4172 4172 4172 4172 
1491 1499 1468 1630 1310 1373 1073 1260 624 336 1158 817 4174 4174 4174 4174 
1517 1481 1614 1782 1309 1375 1074 1264 616 336 1145 816 4173 4173 4173 4173 
1563 1454 1440 1562 1317 1392 1074 1263 610 336 1143 810 4173 731 4173 4173 
1520 1486 1467 1603 1303 1372 1071 1262 622 336 1151 824 4173 4173 4173 4173 
1508 1580 6149 7356 1311 1374 1073 1263 623 336 1131 794 4172 4172 4172 4172 
1446 1586 1411 1592 1309 1374 1074 1262 634 336 1165 827 4174 4174 4174 4174 
1503 1503 1686 1869 1314 1374 1070 1259 620 336 1142 808 4173 4173 4173 4173 
1494 1673 1714 1900 1297 1373 1072 1262 629 336 1150 823 4173 4173 4173 4173 
1514 1666 1444 1607 1313 1375 1070 1259 627 335 1164 826 4172 4172 4172 4172 
1511 1365 1489 1661 1309 1373 1073 1263 585 336 1116 779 4172 4172 4172 4172 
1513 1504 1422 1581 1315 1384 1071 1258 619 336 1173 817 4172 712 4172 4172 
1510 1566 1824 1967 1306 1371 1071 1261 619 336 1152 817 4173 4173 4173 4173 
1604 1514 1442 1575 1306 3470 1071 1261 617 335 1147 815 3208 1905 1563 1726 
1561 1535 1415 1597 1317 1375 1073 1260 613 336 1152 811 4173 4173 4173 4173 
1560 1511 1397 1642 1317 1373 1071 1259 614 335 1154 799 4172 4172 4172 4172 
1473 1530 1428 1568 1309 1373 1073 1263 616 335 1153 817 4173 4173 4173 4173 
1555 1677 1377 1598 1307 1373 1071 1261 626 336 1169 823 4173 4173 4173 4173 
1507 1485 1463 1670 1306 1376 1076 1264 615 336 1147 809 4172 4172 4172 4172 
1604 1498 1459 1600 1308 1374 1074 1277 613 336 1168 823 4173 4173 4173 453 
1487 1512 1474 1535 1308 1374 1071 1258 618 336 1147 823 4174 4174 4173 4173 
1522 1495 1437 1495 1315 1374 1073 1262 617 336 1155 819 4173 4173 4173 4173 
1489 1475 1417 1534 1308 1373 1073 1261 612 336 1150 815 4172 4172 4172 4172 
1504 1679 1413 1566 1311 1375 1100 1257 630 336 1156 836 4173 4173 242 4172 
1545 1451 1480 1649 1307 1374 1072 1261 614 336 1140 815 4172 4172 4172 4172 
1486 1484 1865 2119 1305 1374 1072 1262 620 336 1146 810 4172 4172 4172 4172 
1457 1614 2026 2646 1311 1375 1073 1265 639 336 1149 806 4172 4172 4172 4172 
1606 1498 1402 1590 1309 1375 1074 1263 615 336 1155 811 4172 4172 4172 4172 
1506 1535 1389 1542 1308 1376 1076 1263 622 336 1164 828 4172 4172 4172 4172 
1482 1630 1409 1588 1308 1371 1071 1260 627 336 1165 823 4173 4173 4173 4173 
1535 1481 1461 1635 1307 1376 1073 1263 620 335 1151 821 4173 4173 4173 4173 
1601 1957 2235 2663 1311 1374 1071 1260 633 335 1156 819 4174 4174 4174 4174 
1526 1626 1646 2016 1317 1378 1072 1260 627 335 1159 815 4174 4174 4173 4173 
1450 1557 1452 1676 1308 1375 1075 1263 635 335 1157 822 4172 4172 4172 4172 
1554 1523 1531 1708 1310 1373 1073 1259 617 336 1155 820 4173 4173 4173 4173 
1520 1525 1405 1662 1319 1373 1071 1258 620 336 1160 812 4173 4173 4173 4173 
1539 1607 1461 1583 1309 1374 1073 1261 623 336 1165 825 4174 4174 4174 4174 
1560 1566 1444 1561 1308 1373 1074 1259 552 336 1159 836 4172 4172 4172 4172 
1492 1478 1400 1541 1308 1373 1072 1263 613 336 1151 823 4172 4172 4172 4172 
1513 1552 1411 1610 1309 1374 1071 1262 628 336 1158 821 4173 4173 4173 4173 
1496 1528 2082 2397 1303 1373 1073 1262 629 336 1141 804 4173 4173 4173 4173 
1464 1513 1424 1594 1310 1373 1071 1260 623 336 1152 816 4174 4174 4174 4174 
1536 1467 1442 1599 1316 1375 1094 1258 615 336 1152 816 4173 4173 238 4172 
1595 1642 1533 1735 1308 1373 1072 1260 624 336 1163 825 4173 4173 4173 4173 
1540 1477 1391 1599 1308 1374 1071 1263 620 336 1163 820 4172 4172 4172 4172 
1498 1508 1396 1652 1308 1374 1074 1261 617 335 1159 820 4173 4173 4173 4173 
1531 1462 1498 1706 1311 1376 1092 1258 612 336 1140 811 4172 4172 244 4172 
1512 1517 1395 1574 1306 1373 1073 1262 620 336 1159 818 4173 4173 4173 4173 
1499 1480 1433 1587 1309 1375 1073 1260 613 335 1149 819 4173 4173 4173 4173 
1521 1427 1426 1628 1306 1375 1074 1263 609 336 1149 808 4173 4173 4173 4173 
1521 1830 2021 2323 1310 1373 1071 1258 636 336 1156 819 4172 4172 4172 4172 
1547 1484 1413 1542 1311 1377 1080 1263 612 336 1151 822 4173 4173 4173 4173 
1436 1551 1372 1548 1309 1374 1074 1263 636 336 1160 824 4173 4173 4172 4172 
1468 1561 1385 1590 1303 1375 1076 1264 629 336 1160 819 4172 4172 4172 4172 
1514 1943 1800 2135 1306 1373 1073 1262 637 336 1160 826 4173 4173 4173 4173 
1496 1610 1414 1607 1318 1372 1071 1258 625 336 1162 826 4173 4173 4173 4172 
1510 1544 1460 1573 1311 1375 1076 1262 621 336 1158 826 4172 4172 4172 4172 
1515 1471 1478 1615 1308 1373 1071 1259 619 336 1158 822 4173 4173 4173 4173 
1462 1491 1451 1573 1307 1378 1084 1260 635 336 1193 818 4173 4173 4173 4173 
1545 1530 1391 1527 1305 1374 1073 1262 617 336 1161 818 4173 4173 4173 4172 
1544 1538 2075 2447 1308 1372 1072 1261 622 336 1147 812 4173 4173 4173 4173 
1523 1741 2726 3671 1306 1375 1070 1260 626 336 1150 809 4172 4172 4172 4172 
