1631 1522 1932 2436 1308 1374 1073 1258 593 323 794 795 4172 4172 4172 4172 
1466 1526 1718 2011 1307 1375 1073 1260 613 323 807 800 4173 4173 4173 4173 
1520 1534 1434 1617 1307 1374 1073 1259 603 324 801 803 4172 4172 4172 4172 
1615 1620 1384 1582 1308 1375 1071 1259 601 323 818 812 4172 4172 4172 4172 
1512 1495 1385 1513 1312 1374 1072 1257 598 323 791 817 4173 4173 4173 4173 
1509 1503 1443 1599 1307 1375 1073 1258 601 323 800 802 4172 4172 4172 4172 
1454 1582 1470 1634 1308 1375 1073 1260 612 322 813 806 4173 4173 4173 4173 
1536 1472 1438 1590 1306 1374 1073 1259 599 323 815 810 4173 4173 4173 4173 
1551 1539 1705 1885 1306 1374 1073 1257 602 323 791 806 4174 4174 4173 4173 
1555 1831 2080 2364 1310 1377 1074 1260 613 323 793 813 4173 4173 4173 4173 
1520 1508 1888 2346 1315 1382 1073 1266 592 323 788 790 4172 4172 4172 4172 
1520 1529 1434 1556 1309 1375 1073 1261 595 323 808 806 4172 4172 4172 4172 
1577 1653 1454 1619 1314 1373 1070 1262 603 323 797 816 4173 4173 4173 4173 
1528 1515 1435 1631 1309 1376 1075 1260 595 323 814 807 4173 4173 4173 4173 
1512 1559 1586 1845 1306 1375 1072 1259 610 323 799 802 4174 4174 4174 4174 
1573 1630 1449 1582 1307 1374 1073 1257 602 323 796 815 4173 4173 4173 4173 
1529 1770 1942 2297 1309 1374 1073 1258 620 323 800 810 4173 4173 4173 4173 
1549 1500 1414 1565 1303 1376 1074 1258 598 323 818 811 4172 4172 4172 4172 
1825 2082 2014 2389 1308 1373 1071 1256 1626 323 801 813 4173 4173 4173 4173 
1495 1637 1685 1956 1307 1374 1073 1259 611 323 814 806 4172 4172 4172 4172 
1450 1550 1453 1539 1310 1375 1074 1262 615 323 800 807 4173 4173 4173 4173 
1579 1842 1432 1638 1309 1378 1086 1259 616 323 815 820 4173 4173 311 4173 
1490 1538 2350 2965 1311 1386 1314 1263 603 323 789 791 4173 4173 207 4173 
1497 1573 1443 1581 1314 1375 1072 1260 619 323 798 819 4173 4173 4173 4173 
1507 1748 1554 1750 1310 1376 1075 1260 621 323 804 822 4172 4172 4172 4172 
1483 1560 1415 1554 1303 1375 2709 1255 609 324 818 814 993 829 188 4172 
1719 1596 2023 2354 1310 1374 1074 1288 596 323 788 799 4173 4173 4173 462 
1482 1514 1446 1623 1310 1376 1072 1258 606 323 802 805 4172 4172 4172 4172 
1513 1913 1690 1918 1310 1376 1077 1260 612 322 816 816 4172 4172 4172 4172 
1495 1548 1641 1924 1310 1374 1072 1259 602 324 783 811 4172 4172 4172 4172 
1514 1532 1445 1643 1314 1374 1071 1260 607 323 803 814 4172 4172 4172 4172 
1638 1500 1433 1482 1307 1375 1073 1261 595 323 813 815 4172 4172 4172 4172 
2000 1551 2210 2409 1307 1375 1074 1258 1627 323 778 797 4172 4172 4172 4172 
1608 1490 1423 1625 1307 1374 1074 1261 597 323 815 804 4172 4172 4172 4172 
1489 1494 1460 1661 1310 1375 1073 1260 597 323 793 800 4172 4172 4172 4172 
1590 1539 1670 1955 1307 1375 1072 1258 598 323 786 796 4173 4173 4173 4173 
1509 1514 1646 1879 1314 1375 1073 1259 599 323 805 804 4172 4172 4172 4172 
1564 1520 1419 1583 1309 1374 1074 1262 599 323 800 815 4173 4173 4173 4173 
1466 1765 2244 2549 1301 1375 1073 1259 623 323 807 806 4173 4173 4173 4173 
1501 1533 1678 1935 1311 1374 1074 1259 603 323 788 800 4172 4172 4172 4172 
1508 1555 1441 1599 1308 1375 1075 1260 611 323 814 807 4172 4172 4172 4172 
1495 1568 1411 1600 1311 1378 1077 1261 604 323 815 815 4172 4172 4172 4172 
1562 1510 1406 1606 1311 1377 1076 1261 597 323 790 804 4173 4173 4173 4173 
1432 1506 1406 1543 1306 1374 1073 1258 616 323 817 819 4173 4173 4173 4173 
1506 1581 1629 1841 1309 1375 1073 1260 604 323 803 809 4173 4173 4172 4172 
1517 1523 1465 1592 1309 1374 1071 1257 606 324 794 805 4172 4172 4172 4172 
1540 1550 1413 1523 1309 1378 1073 1260 599 324 823 812 4172 4172 4172 4172 
1602 1535 2053 2323 1308 1374 1072 1266 601 323 793 794 4173 4173 4173 4173 
1638 1470 1780 2005 1303 1375 1157 1256 590 323 781 800 4172 4172 211 4172 
1536 1530 1722 1879 1308 1374 1074 1260 604 323 790 796 4172 4172 4172 4172 
1538 1510 1460 1573 1311 1377 1095 1258 602 323 816 814 4174 4174 234 4174 
1527 1520 1445 1642 1313 1374 1073 1258 601 323 813 805 4172 4172 4172 4172 
1555 1539 1437 1576 1309 1374 1073 1260 599 323 815 807 4173 4173 4173 4173 
1482 1540 1426 1627 1305 1375 1072 1256 600 323 812 809 4171 4171 4171 4171 
1562 1479 1623 1822 1317 1375 1071 1259 591 323 780 797 4173 4173 4172 4172 
1465 1747 1436 1599 1310 1377 1074 1260 620 323 826 817 4172 4172 4172 4172 
1456 1595 1409 1608 1310 1377 1076 1261 613 323 806 813 4171 4171 4171 4171 
1557 1372 1398 1649 1307 1377 1074 1259 551 323 775 760 4172 4172 4172 4172 
1642 1517 1662 1963 1310 1375 1079 1258 598 323 807 802 4172 4172 4172 4172 
1528 1569 1483 1628 1311 1375 1073 1260 612 323 805 813 4174 4174 4174 4174 
1494 1518 1438 1615 1311 1377 1076 1263 598 323 800 808 4172 4172 4172 4172 
1482 1514 1456 1543 1314 1375 1072 1259 608 324 798 815 4172 4172 4172 4172 
1503 1608 1465 1603 1307 1381 1072 1258 609 323 804 810 4172 4172 4172 4172 
1492 1558 1498 1687 1311 1374 1072 1258 606 324 798 805 4172 4172 4171 4171 
1522 1540 1480 1568 1314 1374 1073 1260 598 323 804 810 4172 2520 4172 4172 
1737 1566 1887 2161 1312 1377 1074 1258 599 323 798 798 4172 4172 4171 4171 
1478 1571 1695 2034 1308 1375 1084 1258 604 323 811 799 4173 4173 290 4173 
1514 1517 1423 1579 1303 1375 1072 1258 604 323 795 806 4173 4173 4172 4172 
1505 1519 1421 1607 1308 1378 1074 1261 602 323 802 813 4173 4173 4173 4173 
1489 1519 1607 1814 1308 1374 1073 1257 604 323 794 802 4172 4172 4172 4172 
1489 1515 1498 1657 1314 1375 1072 1259 605 324 811 801 4172 4172 4172 4172 
1568 1572 1434 1621 1309 1376 1074 1259 605 324 821 809 4172 4172 4172 4172 
1476 1970 1430 1572 1307 1376 1074 1259 618 324 826 823 4172 4172 4171 4171 
1613 1514 1399 1578 1309 1374 1073 1260 599 323 822 810 4171 4171 4171 4171 
1532 1538 1403 1541 1308 1374 1074 1260 611 323 797 821 4173 4173 4173 4173 
1492 1500 1859 2216 1311 1375 1073 1258 601 324 783 798 4172 4172 4172 4172 
1567 1550 2219 2665 1311 1381 1076 1259 602 323 785 795 4171 4171 4171 4171 
1512 1536 1419 1543 1307 1375 1074 1260 601 323 816 811 4171 4171 4171 4171 
1550 1762 1693 1971 1309 1375 1074 1258 610 323 804 811 4171 4171 4171 4171 
1541 1592 1429 1619 1313 1379 1093 1259 607 323 806 809 4173 4173 246 4173 
1529 1511 1436 1657 1306 1375 1074 1259 603 323 801 808 4171 4171 4171 4171 
1529 1526 1401 1547 1306 1376 1074 1273 601 323 802 811 4171 4171 4171 436 
1526 1608 1409 1532 1310 1375 1074 1256 608 323 812 816 4172 4172 4172 4172 
1527 1503 1662 1893 1309 1373 1073 1260 603 322 789 800 4172 4172 4172 4172 
1512 1516 1484 1693 1309 1375 1075 1260 609 323 798 809 4171 4171 4171 4171 
1483 1564 1382 1564 1307 1375 1074 1271 607 323 813 815 4172 4172 4172 445 
1523 1395 1436 1560 1311 1375 1073 1258 575 323 771 791 4172 4172 4172 4172 
1600 1779 1396 1535 1309 1391 1074 1258 608 323 827 824 4171 728 4171 4171 
1549 1497 1446 1590 1312 1377 1073 1282 593 324 793 805 4173 4173 4173 446 
1590 1548 1881 2207 1301 1376 1073 1258 599 324 789 801 4172 4172 4172 4172 
1533 1507 1438 1600 1298 1375 1072 1258 603 323 809 806 4171 4171 4171 4171 
1509 1483 1460 1579 1307 1374 1073 1261 601 323 806 797 4171 4171 4171 4171 
1535 1594 1485 1679 1311 1375 1073 1256 608 323 803 810 4171 4171 4171 4171 
1542 1811 1863 2069 1309 1375 1074 1262 612 323 795 811 4172 4172 4172 4172 
1503 1535 1659 1854 1310 1375 1074 1258 601 323 805 799 4171 4171 4171 4171 
1521 1481 1561 1644 1307 1400 1073 1260 595 323 800 804 4171 728 4171 4171 
1518 1540 1379 1558 1307 1374 1081 1257 605 323 806 808 4172 4171 4171 4171 
1538 1493 1446 1551 1309 1375 1075 1260 600 323 798 824 4171 4171 4171 4171 
1488 1391 1463 1562 1308 1375 1071 1257 592 323 782 794 4173 4173 4173 4173 
1572 1511 1432 1547 1303 1375 1073 1258 594 324 808 807 4171 4171 4171 4171 
1509 1576 1780 2003 1317 1377 1074 1261 606 324 809 798 4171 4171 4171 4171 
1614 1512 2028 2378 1309 1376 1087 1257 594 323 783 794 4172 4172 279 4172 
1638 1515 1868 2205 1311 1374 1071 1258 598 324 781 799 4172 4172 4172 4172 
1629 1582 1820 2138 1314 1376 1074 1280 600 323 809 806 4172 4172 4172 467 
1572 1546 1444 1594 1311 1378 1086 1257 601 324 813 805 4172 4172 4172 4172 
1542 1591 1493 1574 1307 1375 1073 1260 602 323 812 814 4172 4172 4172 4172 
1549 1530 1431 1563 1311 1375 1072 1260 599 323 813 808 4171 4171 4171 4171 
1507 1525 1486 1655 1309 1374 1072 1261 600 323 801 814 4171 4171 4171 4171 
1514 1531 1492 1670 1310 1375 1072 1257 607 324 794 805 4172 4172 4172 4172 
1530 1509 1527 1709 1312 1376 1074 1260 600 323 810 801 4171 4171 4171 4171 
1490 1573 1410 1565 1308 1376 1072 1260 606 322 817 814 4172 4172 4172 4172 
1447 1856 1490 1616 1310 1375 1073 1259 619 323 810 820 4171 4171 4171 4171 
1557 1546 1416 1600 1309 1377 1074 1261 600 323 810 814 4171 4171 4171 4171 
1564 1563 1463 1645 1309 1376 1072 1260 607 323 804 808 4173 4173 4173 4173 
1506 1539 1452 1664 1307 1375 1072 1257 605 323 814 809 4171 4171 4171 4171 
1480 1386 1689 1949 1316 1376 1074 1261 577 323 758 766 4172 4172 4172 4172 
1560 1462 1602 1854 1308 1374 1073 1258 592 323 785 797 4172 4172 4172 4172 
1708 1517 1806 2091 1306 1373 1074 1258 594 323 803 797 4171 4171 4171 4171 
1472 1476 1609 1849 1308 1375 1073 1259 598 323 802 806 4172 4172 4172 4172 
1529 1567 1533 1629 1307 1375 1073 1258 601 323 797 810 4171 4171 4171 4171 
1503 1551 1399 1542 1308 1375 1073 1258 610 323 818 818 4173 4173 4172 4172 
1509 1516 1413 1611 1309 1374 1072 1258 605 324 803 811 4171 4171 4171 4171 
1489 1598 1465 1668 1308 1374 1072 1259 610 323 801 809 4173 4173 4173 4173 
1573 1514 1410 1577 1302 1375 1074 1258 605 323 801 808 4172 4172 4172 4172 
1510 1517 1400 1549 1308 1374 1074 1259 608 323 791 812 4172 4172 4172 4172 
1493 1564 1485 1586 1309 1374 1073 1259 598 323 808 816 4172 4172 4172 4172 
1605 1519 1434 1542 1307 1376 1072 1259 596 323 809 805 4171 4171 4171 4171 
1566 1888 1910 2187 1307 1376 1076 1273 615 323 799 814 4171 4171 4171 481 
1494 1600 2174 2290 1332 1375 1074 1260 607 323 784 811 733 4172 4172 4172 
1556 1519 1453 1546 1307 1375 1072 1258 596 322 812 803 4172 4172 4172 4172 
1596 1391 1453 1580 1307 1375 1073 1266 579 322 775 793 4172 4172 4172 4172 
1516 1526 1406 1573 1724 1376 1073 1260 598 322 803 807 682 4172 4171 4171 
1705 1830 1818 2109 1307 1374 1072 1258 604 323 806 812 4171 4171 4171 4171 
1490 1536 1444 1669 1302 1374 1075 1258 615 323 820 810 4171 4171 4171 4171 
1488 1586 1408 1561 1310 1375 1074 1259 612 323 814 817 4172 4172 4171 4171 
1492 1769 2001 2316 1307 1375 1072 1258 614 322 800 810 4172 4172 4172 4172 
1528 1610 1438 1607 1307 1378 1087 1258 604 324 805 810 4171 4171 261 4171 
1550 2171 1788 1963 1301 1374 1074 1258 620 324 806 820 4172 4172 2977 4172 
1473 1500 1369 1534 1313 1375 1074 1257 615 323 801 811 4172 4172 4171 4171 
1557 1717 1683 2039 1309 1376 1073 1260 609 323 815 808 4173 4173 4173 4173 
1499 1478 1449 1655 1305 1376 1073 1259 600 323 800 803 4171 4171 4171 4171 
1458 1459 1437 1614 1308 1376 1073 1258 611 323 801 807 4172 4172 4172 4172 
1530 1590 1450 1550 1308 1374 1071 1258 602 323 815 819 4172 4172 4172 4172 
1486 1536 1450 1557 1307 1374 1071 1259 604 323 803 817 4172 4172 4172 4172 
1506 1514 2047 2381 1312 1375 1074 1258 606 323 787 798 4171 4171 4171 4171 
1484 1626 1418 1567 1310 1381 1074 1260 608 323 811 816 4172 4172 4172 4172 
1551 1494 1923 2194 1307 1374 1072 1257 602 323 798 795 4173 4173 4173 4173 
1532 1515 1428 1669 1308 1375 1073 1259 603 323 817 805 4172 4172 4172 4172 
1487 1651 1746 2028 1308 1375 1073 1258 610 323 799 808 4172 4172 4172 4172 
1500 1707 1214 1298 1307 1375 1072 1257 611 324 4172 4172 4172 4172 4172 4172 
1501 1508 1811 2148 1303 1373 1070 1257 600 323 786 790 4172 4171 4171 4171 
1520 1660 1421 1554 1308 1375 1074 1259 603 323 799 813 4172 4172 4172 4172 
1760 1717 1897 2122 1303 1390 1072 1258 604 323 801 809 4172 709 4171 4171 
1480 1498 1438 1565 1308 1375 1071 1261 598 323 795 805 4172 4172 4172 4172 
1586 1495 1526 1570 1315 1376 1073 1258 592 323 789 808 4172 4172 4172 4172 
1511 1506 1709 1930 1309 1374 1096 1263 601 324 803 805 4171 4171 0 4171 
1529 1726 1709 2013 1310 1375 1073 1260 610 323 799 813 4172 4172 4172 4172 
1506 1606 1402 1574 1310 1376 1074 1260 613 324 809 814 4172 4172 4172 4172 
1568 1557 1507 1783 1308 1374 1072 1258 602 323 809 804 4172 4172 4172 4172 
1574 1942 1668 1872 1309 1376 1073 1259 614 323 807 817 4172 4172 4172 4172 
1470 1608 1695 1859 1306 1378 1074 1259 619 323 792 809 4172 4172 4172 4172 
1519 1530 1494 1619 1311 1376 1073 1259 600 323 794 810 4172 4172 4172 4172 
1541 1505 1498 1587 1305 1374 1071 1257 598 323 808 805 4172 4172 4172 4172 
1514 1415 1475 1677 1303 1389 1072 1261 594 323 784 798 4171 718 4171 4171 
1566 1552 1408 1543 1309 1377 1076 1261 599 323 823 813 4172 4172 4172 4172 
1550 1544 1402 1532 1307 1373 1074 1258 600 323 805 820 4171 4171 4171 4171 
1577 1508 1464 1659 1310 1376 1074 1259 597 323 794 802 4173 4173 4173 4173 
1538 1514 1556 1705 1312 1376 1072 1255 602 323 795 804 4172 4172 4172 4172 
1458 1508 1467 1555 1305 1374 1071 1257 614 323 804 809 4172 4172 4172 4172 
1658 1442 1413 1606 1310 1376 1074 1261 584 323 805 802 4172 4172 4172 4172 
1539 1566 1459 1634 1307 1375 1074 1260 610 323 817 808 4172 4172 4172 4172 
1472 1488 1380 1591 1307 1374 1071 1259 604 323 792 805 4173 4173 4173 4173 
1589 1549 1486 1609 1303 1373 1071 1258 600 323 799 810 4173 4173 4173 4173 
1506 1825 1858 2040 1310 1376 1074 1261 620 322 805 816 4172 4172 4172 4172 
1497 1526 1464 1633 1308 1377 1073 1260 598 322 812 802 4171 4171 4171 4171 
1483 1773 1903 2210 1309 1375 1073 1259 612 322 807 811 4172 4172 4172 4172 
1484 1531 1441 1578 1311 1375 1073 1260 605 323 786 809 4172 4172 4172 4172 
1430 1559 1486 1582 1300 1376 1073 1258 638 317 793 811 4172 4172 4172 4172 
1540 1496 1422 1563 1306 1377 1075 1275 598 323 812 810 4171 4171 4171 438 
1462 1426 1214 1298 1308 1375 1074 1258 616 323 4172 4172 4172 4172 4172 4172 
1501 1571 1418 1558 1303 1378 1075 1261 613 323 800 814 4173 4173 4173 4173 
1611 1522 1404 1538 1310 1378 1074 1259 594 323 798 815 4172 4172 4172 4172 
1567 1510 1397 1567 1313 1376 1072 1258 604 323 813 809 4171 4171 4171 4171 
1604 1533 1437 1594 1307 1376 1074 1258 600 323 813 808 4173 4173 4173 4173 
1622 1520 1481 1663 1310 1375 1073 1261 597 323 801 800 4172 4172 4172 4172 
1730 2204 2011 2371 1308 1374 1074 1258 612 323 817 815 4172 4172 4172 4172 
1493 1506 1774 2168 1301 1375 1073 1257 605 323 793 799 4171 4171 4171 4171 
1501 1519 1409 1536 1309 1378 1075 1261 607 323 817 811 4172 4172 4172 4172 
1463 1634 1568 1700 1308 1374 1073 1258 613 323 797 817 4172 4172 4172 4172 
1556 1500 1942 2288 1310 1375 1073 1259 601 323 801 792 4173 4173 4173 4173 
1609 1822 1741 1889 1309 1376 1330 1258 609 323 811 819 2905 4171 220 4171 
1469 1535 1667 1959 1307 1375 1073 1259 602 323 791 801 4172 4172 4172 4172 
1497 1514 1792 1939 1307 1402 1073 1258 600 323 791 804 4171 685 4171 4171 
1637 1385 1444 1604 1309 1375 1073 1260 569 322 768 784 4172 4172 4172 4172 
1727 1544 2070 2403 1307 1375 1074 1258 593 323 796 796 4172 4172 4172 3717 
1577 1653 1422 1633 1306 1374 1074 1258 604 323 818 810 4172 4172 4172 4172 
1529 1517 1482 1624 1307 1374 1073 1258 598 324 811 803 4172 4172 4172 4172 
1544 1458 1885 2244 1301 1374 1071 1258 596 323 798 794 4172 4172 4172 4172 
1551 1531 1458 1632 1310 1377 1076 1262 606 323 803 810 4172 4172 4172 4172 
1518 1608 1426 1542 1309 1376 1075 1268 602 324 827 822 4172 4172 4172 4172 
1536 1744 1476 1727 1312 1376 1081 1259 613 323 812 818 4173 4173 4173 4173 
1546 1500 1416 1530 1306 1376 1073 1258 598 323 817 811 4173 4173 4173 4173 
1536 1499 2020 2371 1308 1375 1073 1259 596 323 788 796 4172 4172 4172 4172 
1513 1491 1770 2141 1299 1373 1071 1256 600 323 805 797 4172 4172 4172 4172 
1477 1535 1411 1602 1310 1374 1071 1258 611 323 818 808 4171 4171 4171 4171 
1542 1547 1887 2164 1307 1376 1074 1260 603 323 783 798 4173 4173 4173 4173 
1469 1581 1437 1542 1310 1375 1091 1255 611 323 802 813 4172 4172 260 4172 
1522 1501 1593 1814 1309 1374 1073 1261 598 323 796 801 4172 4172 4172 4172 
1500 1527 1495 1607 1308 1373 1073 1258 601 323 790 810 4173 4173 4173 4173 
1716 1674 1753 2022 1313 1377 1073 1261 599 323 795 807 4172 4172 4172 4172 
1532 1795 1586 1811 1303 1375 1076 1262 618 323 819 822 4173 4173 4173 4173 
1482 1480 1922 2252 1309 1376 1074 1260 603 323 784 792 4172 4172 4172 4172 
1512 1551 1464 1523 1306 1375 1071 1257 606 323 798 808 4172 4172 4172 4172 
1559 1533 1636 1803 1303 1374 1071 1258 603 323 791 809 4172 4172 4172 4172 
1564 1547 1602 1930 1307 1376 1079 1258 605 323 796 802 4172 4172 4172 4172 
1519 1585 1663 2003 1307 1375 1071 1256 610 323 809 802 4173 4173 4173 4173 
1476 1503 1436 1567 1309 1375 1073 1259 599 322 817 800 4172 4172 4172 4172 
1445 1542 1492 1626 1308 1374 1073 1257 609 323 794 811 4172 4172 4172 4172 
1546 1583 1440 1586 1310 1375 1073 1258 602 323 799 812 4172 4172 4172 4171 
1546 1537 1432 1588 1314 1375 1072 1260 601 324 813 810 4171 4171 4171 4171 
1541 1525 1785 1866 1307 1374 1073 1258 598 323 782 806 4172 4172 4172 4172 
1472 1983 1448 1668 1309 1376 1073 1258 621 323 808 813 4172 4172 4172 4172 
1488 1633 1412 1613 1310 1375 1074 1272 608 322 801 813 4171 4171 4171 0 
1514 1574 1429 1531 1309 1376 1074 1259 608 323 796 810 4173 4173 4173 4173 
1547 1640 1437 1631 1316 1377 1073 1260 609 323 807 808 4172 4172 4172 4171 
1521 1527 1636 1868 1310 1375 1074 1260 602 323 794 805 4172 4172 4172 4172 
1532 1577 1448 1562 1306 1374 1071 1258 601 323 804 819 4172 4172 4172 4172 
1488 1361 1501 1702 1315 1376 1098 1258 565 322 771 764 4172 4172 199 4172 
1509 1535 1434 1579 1309 1374 1072 1258 542 322 799 813 4173 4173 4173 4173 
1473 1550 1409 1615 1308 1374 1076 1260 608 322 805 808 4173 4173 4173 4173 
1547 1541 1486 1550 1307 1375 1075 1258 597 323 801 805 4173 4173 4172 4172 
1501 1719 1433 1653 1308 1377 1073 1260 613 323 824 815 4172 4172 4172 4172 
1475 1417 1582 1657 1309 1375 1073 1257 588 322 780 801 4172 4172 4172 4172 
1478 1578 1639 1836 1311 1375 1073 1260 611 324 794 813 4172 4172 4172 4172 
1530 1498 1370 1543 1304 1377 1074 1258 603 324 798 808 4171 4171 4171 4171 
1535 1593 1502 1712 1321 1372 1071 1261 602 323 801 808 795 4172 4172 4172 
1456 1654 1498 1643 1308 1377 1073 1261 614 323 822 817 4173 4173 4173 4173 
1596 1531 1507 1667 1308 1374 1074 1260 598 322 797 809 4173 4173 4173 4173 
1490 1508 1492 1662 1304 1376 1074 1259 608 323 806 801 4171 4171 4171 4171 
1556 1500 1474 1615 1306 1378 1074 1257 596 323 814 800 4171 4171 4171 4171 
1485 1478 1620 1875 1313 1374 1073 1258 601 323 784 793 4172 4172 4171 4171 
1497 1549 1442 1536 1311 1377 1075 1260 608 322 814 805 4171 4171 4171 4171 
1501 1550 1840 2207 1305 1375 1074 1260 605 323 789 799 4172 4172 4172 4172 
1588 1445 1372 1565 1309 1377 1073 1260 591 323 791 798 4174 4174 4174 4174 
1596 1550 1434 1626 1310 1376 1075 1260 599 322 805 809 4172 4172 4172 4172 
1519 1695 2226 2679 1307 1374 1071 1266 608 323 788 799 4173 4173 4173 4173 
1545 1529 1524 1697 1308 1374 1074 1258 610 323 810 811 4171 4171 4171 4171 
1510 1505 1686 1797 1311 1376 1074 1261 598 323 799 805 4173 4173 4173 4173 
1518 1518 1373 1547 1308 1376 1096 1260 599 323 804 811 4172 4172 662 4171 
1600 1528 1739 2029 1303 1381 1072 1259 598 323 793 798 4172 4172 4172 4172 
1457 1670 1536 1699 1313 1376 1074 1260 628 323 808 812 4172 4172 4172 4172 
1469 1497 1791 1921 1309 1375 1071 1259 603 324 781 804 4172 4172 4172 4172 
1468 1499 1516 1775 1303 1374 1073 1255 608 322 792 803 4172 4172 4172 4172 
1508 1501 1592 1767 1310 1375 1073 1259 601 323 804 806 4171 4171 4171 4171 
1494 1586 1444 1554 1314 1376 1073 1258 608 322 821 811 4173 4173 4173 4173 
1530 1569 1481 1625 1307 1375 1073 1260 598 323 817 809 4172 4172 4172 4172 
1505 1898 2113 2700 1306 1374 1075 1258 619 323 810 806 4172 4172 4172 4172 
1465 1514 1434 1572 1312 1374 1071 1256 608 323 812 804 4171 4171 4171 4171 
1513 1530 1397 1556 1309 1376 1073 1258 600 322 803 817 4172 4172 4171 4171 
1553 1544 1434 1598 1302 1374 1074 1260 600 323 797 808 4172 4172 4172 4172 
1514 1536 1454 1595 1307 1375 1073 1258 605 323 814 811 4171 4171 4171 4171 
1572 1520 1420 1548 1309 1376 1072 1261 599 323 796 815 4173 4173 4173 4173 
1576 1318 1212 1297 1306 1374 1073 1255 595 324 4172 4172 4172 4172 4172 4172 
1500 1626 1443 1571 1316 1376 1095 1258 609 323 813 813 4171 4171 247 4171 
1475 2048 2158 2777 1308 1376 1076 1260 607 323 799 804 4173 4173 4173 4173 
1484 1534 1775 2177 1310 1373 1072 1257 601 323 790 797 4172 4172 4172 4172 
1499 1528 1469 1580 1308 1375 1073 1259 603 323 809 809 4172 4172 4172 4172 
1512 1530 1441 1574 1311 1375 1073 1258 598 323 797 807 4171 4171 4171 4171 
1557 1557 1452 1597 1311 1373 1072 1258 598 323 811 807 4172 4172 4172 4172 
1559 1519 1415 1609 1307 1375 1074 1259 598 323 799 797 4172 4172 4172 4172 
1585 1492 1491 1586 1303 1375 1074 1259 597 323 797 811 4172 4172 4172 4172 
1466 1604 1441 1536 1310 1376 1072 1261 615 323 797 816 4172 4172 4172 4172 
1490 1642 1448 1574 1305 1374 1070 1259 616 323 805 820 4172 4172 4172 4172 
1528 1474 1462 1635 1310 1376 1074 1260 601 323 795 802 4171 4171 4171 4171 
1556 1484 1449 1585 1304 1375 1073 1257 592 323 807 804 4172 4172 4172 4172 
1777 1508 1412 1579 1309 1377 1073 1257 1614 323 796 803 4172 4172 4172 4172 
1529 1691 1405 1586 1309 1375 1074 1260 610 323 804 818 4171 4171 4171 4171 
1555 1532 1498 1606 1306 1374 1073 1257 604 323 810 807 4171 4171 4171 4171 
1529 1505 1459 1602 1309 1376 1071 1259 595 323 809 801 4173 4173 4173 4173 
1541 1409 1405 1562 1308 1375 1074 1258 574 322 783 783 4172 4172 4172 4172 
1651 1638 1943 2100 1309 1374 1071 1258 599 323 791 806 4172 4172 4172 4172 
1638 1483 1662 1862 1316 1378 1076 1261 594 323 788 794 4173 4173 4173 4173 
1512 1564 1443 1627 1313 1376 1074 1260 600 324 802 812 4173 4173 4173 4173 
1491 1534 1573 1706 1308 1376 1074 1261 605 323 791 812 4172 4172 4172 4172 
1534 1522 1578 1733 1308 1377 1074 1261 601 323 810 812 4172 4172 4172 4172 
1503 1545 1416 1571 1430 1375 1073 1259 607 323 805 806 691 4172 4172 4172 
1532 1610 1488 1646 1307 1375 1071 1257 604 322 793 807 4173 4173 4173 4173 
1479 1588 1464 1606 1309 1373 1070 1258 611 322 811 814 4172 4172 4172 4172 
1556 1471 1433 1625 1305 1377 1075 1259 604 323 814 808 4172 4172 4172 4172 
1532 1532 1441 1558 1307 1375 1074 1260 602 323 798 815 4172 4172 4172 4172 
1453 1513 1637 1856 1309 1376 1072 1265 610 323 803 800 4173 4173 4173 4173 
1499 1515 1424 1609 1309 1376 1155 1258 602 323 810 802 4172 4172 221 4172 
1551 1509 1434 1622 1306 1376 1076 1260 595 323 815 813 4172 4172 4172 4172 
1546 1621 1495 1591 1305 1373 1073 1259 604 324 804 813 4171 4171 4171 4171 
1533 1474 1357 1574 1309 1377 1073 1261 596 323 803 808 4172 4172 4172 4172 
1483 1500 1506 1675 1309 1374 1072 1258 609 323 813 809 4172 4172 4172 4172 
1571 1559 1418 1583 1303 1375 1072 1257 595 323 802 812 4171 4171 4171 4171 
1617 1493 1434 1528 1308 1376 1072 1260 598 322 800 813 4172 4172 4172 4172 
1680 1553 1932 2205 1306 1375 1072 1259 597 323 788 797 4172 4172 4172 4172 
1493 2158 1841 2346 1309 1374 1074 1258 621 324 776 816 4172 4172 4172 4172 
1486 1530 1466 1529 1311 1374 1071 1258 609 323 796 806 4172 4172 1687 4172 
1516 1551 1499 1731 1307 1376 1074 1259 601 323 789 802 4171 4171 4171 4171 
1574 1518 1420 1570 1309 1375 1073 1261 598 323 807 814 4173 4173 4173 4173 
1484 1726 1746 1900 1309 1375 1074 1258 609 322 799 805 4173 4173 4173 4173 
1500 1511 1453 1575 1308 1375 1074 1258 600 323 796 806 4172 4172 4172 4172 
1540 1615 1393 1585 1307 1375 1073 1258 604 323 820 814 4173 4173 4173 4173 
1540 1498 1391 1634 1313 1375 1101 1257 597 322 809 806 4172 4172 229 4172 
1576 1502 1785 1991 1307 1375 1074 1260 596 322 784 802 4173 4173 4173 4173 
1515 1511 1459 1536 1308 1375 1071 1258 601 322 814 811 4171 4171 4171 4171 
1480 1697 1444 1602 1302 1375 1074 1257 620 322 803 818 4172 4172 4171 4171 
1609 1668 1722 1962 1307 1375 1073 1258 604 323 808 814 4173 4173 4173 4173 
1636 1492 2007 2251 1308 1374 1072 1259 594 323 779 794 4173 4173 4173 4173 
1533 1520 1499 1730 1308 1374 1073 1257 601 323 812 808 4171 4171 4171 4171 
1561 1497 1422 1531 1311 1377 1076 1261 600 323 813 811 4172 4172 2767 4172 
1609 1389 1563 1721 1309 1376 1074 1260 580 323 788 785 4171 4171 4171 4171 
1571 1666 1417 1593 1309 1379 1074 1260 603 323 823 811 4172 4172 4172 4172 
1546 1562 1459 1658 1308 1375 1073 1257 601 323 814 812 4173 4173 4173 4173 
1545 1498 1436 1628 1309 1386 1072 1260 595 323 814 805 4172 706 4172 4172 
1515 1514 1614 1930 1307 1374 1073 1258 600 323 797 799 4172 4172 4172 4172 
1552 1756 2053 2309 1305 1374 1073 1259 611 323 809 808 4172 4172 4172 4172 
1501 1585 1466 1619 1308 1376 1074 1260 610 322 803 810 4172 4172 4172 4172 
1480 1487 1415 1591 1309 1374 1071 1259 604 322 797 803 4173 4173 4173 4173 
1497 1533 1728 2077 1316 1375 1074 1259 604 323 795 801 4171 4171 4171 4171 
1575 1802 1486 1600 1307 1374 1074 1260 607 323 810 821 4172 4172 4172 4172 
1454 1556 1495 1639 1308 1374 1074 1260 619 323 801 808 4171 4171 4171 4171 
1539 1374 1470 1569 1310 1378 1076 1262 564 322 760 771 4172 4172 4172 4172 
1483 1524 1419 1548 1309 1376 1074 1260 610 323 815 809 4172 4172 4172 4172 
1681 1503 1434 1568 1308 1375 1073 1272 593 323 798 811 4173 4173 4173 443 
1538 1555 1416 1602 1307 1377 1070 1259 602 323 825 814 4172 4172 4172 4172 
1464 1468 1650 1958 1310 1374 1073 1274 603 323 802 792 4172 4172 4172 440 
1570 1521 1468 1669 1308 1377 1073 1259 599 323 797 802 4172 4172 4172 4172 
1466 1556 1395 1630 1307 1376 1074 1258 610 322 823 804 4172 4172 4172 4172 
1489 1365 1578 1789 1310 1378 1075 1262 573 322 757 780 4172 4172 4172 4172 
1533 1485 1392 1532 1308 1377 1074 1259 594 322 819 802 4172 4172 4172 4172 
1469 1523 1494 1652 1307 1370 1071 1256 1251 323 811 806 4172 4172 4172 4172 
1585 1319 2410 3273 1304 1377 1115 1257 596 323 783 780 4172 4172 218 4172 
1521 1492 1497 1592 1309 1386 1071 1260 597 323 798 803 4172 816 4172 4172 
1604 1556 2087 2528 1308 1375 1073 1260 598 323 798 792 4172 4172 4172 4172 
1550 1514 1537 1732 1303 1375 1072 1258 598 323 809 809 4172 4172 4172 4172 
1472 1354 1476 1620 1309 1376 1073 1260 550 322 747 748 4171 4171 4171 4171 
1504 1490 1818 2130 1320 1374 1071 1260 598 323 803 792 753 4172 4172 4172 
1509 1480 1415 1551 1302 1375 1075 1260 595 323 807 813 4172 4172 4172 4172 
1628 1549 1486 1651 1308 1376 1071 1259 599 324 802 806 4172 4172 4172 4172 
1629 1727 1406 1640 1310 1376 1076 1261 606 323 814 819 4172 4172 4172 4172 
1539 1582 1484 1611 1313 1383 1075 1259 605 323 796 819 4172 4172 4172 4172 
1540 1519 1406 1543 1308 1376 1074 1258 593 323 797 805 4172 4172 4172 4172 
1637 1519 1437 1652 1305 1376 1075 1261 600 323 807 802 4172 4172 4172 4172 
1544 1533 1722 1976 1309 1375 1073 1259 602 323 807 802 4172 4172 4172 4172 
1741 1661 2914 3670 1318 1375 1072 1256 600 323 783 792 4172 4172 4172 4172 
1465 1527 1411 1545 1310 1375 1074 1259 607 323 813 805 4173 4173 4173 4173 
1520 1505 1428 1590 1313 1374 1073 1257 602 323 794 808 4172 4172 4172 4172 
1539 1489 1382 1620 1313 1376 1073 1258 597 323 800 799 4172 4172 4172 4172 
1517 1887 1732 1845 1308 1375 1074 1259 615 323 798 816 4173 4173 4173 4173 
1465 1728 1556 1817 1308 1375 1074 1258 620 323 818 808 4172 4172 4172 4172 
1474 1547 2077 2428 1308 1374 1073 1263 610 322 788 800 4172 4172 4171 4171 
1522 1565 1437 1565 1307 1375 1073 1260 604 323 820 812 4172 4172 4172 4172 
1479 1759 1777 2030 1301 1374 1071 1260 615 323 803 808 4173 4173 4173 4173 
1713 1553 3033 3598 1306 1377 1100 1257 595 323 789 792 4171 4171 307 4171 
1563 1587 1860 2215 1309 1378 1074 1260 598 323 799 796 4172 4172 4172 4172 
6208 1485 1794 2071 1312 1373 1071 1258 578 323 780 791 4172 4172 4172 4172 
1512 1556 1396 1559 1308 1374 1074 1259 604 323 795 811 4172 4172 4172 4172 
1493 1495 1478 1730 1310 1375 1074 1259 604 323 811 798 4172 4172 4172 4172 
1545 1522 1386 1587 1308 1375 1073 1260 598 323 816 808 4172 4172 4172 4172 
1554 1528 1565 1836 1308 1377 1074 1260 598 323 797 801 4173 4173 4173 4173 
1567 1561 1918 2324 1308 1378 1092 1259 604 322 785 801 4173 4173 245 4173 
1489 1534 1484 1617 1308 1375 1070 1258 600 322 799 809 4172 4172 4172 4172 
1471 1910 1626 1826 1315 1373 1071 1258 625 322 825 818 4172 4172 4172 4172 
5959 1379 1212 1299 1310 1375 1073 1259 4172 323 4172 4172 4172 4172 4172 4172 
1541 1511 1475 1539 1317 1376 1072 1263 598 322 805 811 4172 4172 4172 4172 
1543 1513 1450 1582 1312 1375 1071 1259 597 323 797 804 4172 4172 4172 4172 
1537 1506 1493 1695 1316 1375 1074 1260 609 322 811 808 4172 4172 4172 4172 
1541 1596 1946 2327 1308 1398 1075 1259 609 322 794 805 4171 718 4171 4171 
1553 1488 1675 1853 1311 1378 1076 1262 603 322 787 803 4173 4173 4173 4173 
1489 1551 1494 1591 1307 1374 1071 1258 606 323 808 812 4172 4172 4172 4172 
1521 1506 1394 1535 1308 1375 1071 1258 598 323 814 808 4172 4172 4172 4172 
1511 1593 1628 1792 1305 1376 1070 1264 608 323 798 803 4172 4172 4172 4172 
1482 1996 1792 1948 1309 1375 1073 1273 618 322 819 817 4172 4172 4172 464 
1520 1487 1476 1653 1308 1372 1072 1258 600 323 810 801 4171 4171 4171 4171 
1545 1501 1503 1647 1309 1374 1073 1258 605 323 798 807 4172 4172 4172 4172 
1559 1557 1472 1688 1313 1376 1076 1258 600 323 811 806 4172 4172 4172 4172 
1670 1839 2127 2550 1319 1375 1071 1260 607 323 795 809 4172 4172 4172 4172 
1486 1429 1444 1635 1315 1375 1074 1262 596 323 807 799 4172 4172 4172 4172 
1483 1403 1414 1536 1309 1375 1073 1259 581 323 794 792 4172 4172 4172 4172 
1562 1586 1418 1625 1308 1376 1073 1259 602 323 807 814 4173 4173 4173 4173 
1529 1535 1442 1556 1307 1375 1073 1260 606 323 792 815 4172 4172 4172 4172 
1509 1522 1449 1606 1310 1376 1074 1262 603 323 790 804 4173 4173 4173 4173 
1533 1726 1651 1834 1313 1377 1076 1262 615 323 798 811 4172 4172 4172 4172 
1492 1485 2229 2668 1316 1373 1071 1257 603 323 786 792 4172 4172 4172 4172 
1474 1536 1403 1565 1308 1373 1072 1259 599 322 813 813 4172 4172 4172 4172 
1550 2224 2683 2985 1308 1376 1074 1259 617 322 789 807 4172 4172 4172 4172 
1484 1521 1494 1675 1308 1374 1071 1268 603 323 792 803 4172 4172 4171 4171 
1536 1634 1510 1652 1308 1374 1075 1259 605 324 803 813 4172 4172 4172 4172 
1500 1540 1536 1702 1308 1374 1072 1259 603 323 796 805 4172 4172 4172 4172 
1540 1513 1423 1573 1315 1375 1074 1261 601 323 813 804 4172 4172 4172 4172 
1506 1559 1410 1613 1308 1375 1071 1259 605 323 800 812 4172 4172 4172 4172 
1555 1531 1472 1644 1310 1386 1077 1275 599 323 811 803 4172 4172 4172 439 
1467 1482 1404 1563 1307 1375 1074 1257 607 323 809 814 4173 4173 4173 4173 
1545 1494 1408 1612 1314 1376 1072 1259 593 322 810 803 4172 4172 4172 4172 
1737 1658 1442 1548 1310 1375 1074 1260 601 322 805 816 4172 4172 4172 4172 
1565 1510 1481 1577 1312 1374 1073 1261 595 323 812 805 4173 4173 4173 4173 
1554 1572 1470 1544 1308 1374 1072 1256 603 324 821 816 4173 4173 4173 4173 
1452 1535 1399 1573 1311 1374 1073 1258 606 323 812 807 4172 4172 4172 4172 
1542 1504 1401 1618 1301 1374 1071 1259 601 323 811 802 4172 4172 4172 4172 
1488 1475 1658 1858 1308 1374 1071 1260 607 323 788 798 4172 4172 4172 4172 
1516 1493 1424 1605 1307 1376 1074 1260 601 323 806 805 4172 4172 4172 4172 
1505 1478 1431 1631 1313 1378 1075 1261 600 322 809 805 4172 4172 4172 4172 
1577 1396 1458 1530 1308 1372 1072 1256 581 322 782 794 4173 4173 4173 4173 
1496 1493 1406 1591 1308 1375 1073 1260 592 323 810 802 4173 4173 4173 4173 
1507 1484 1929 2229 1318 1375 1074 1260 601 323 786 785 4171 4171 4171 4171 
1545 1601 1567 1797 1311 1375 1072 1258 605 323 797 810 4172 4172 4172 4172 
1544 1495 1430 1594 1306 1379 1079 1258 603 323 813 804 4172 4172 4172 4172 
1553 1486 1450 1575 1308 1381 1084 1258 601 323 796 805 4171 4171 4171 4171 
1538 1522 1448 1537 1309 1376 1074 1259 600 323 811 809 4172 4172 4172 4172 
1491 1555 1465 1584 1304 1374 1074 1260 604 323 818 809 4172 4172 4172 4172 
1498 1495 1652 2030 1313 1376 1074 1260 598 322 802 794 4173 4173 4173 4173 
1531 1537 1473 1632 1306 1375 1074 1259 599 323 816 803 4172 4172 4172 4172 
1526 1581 2016 2306 1310 1377 1073 1259 601 323 782 800 4173 4173 4173 4173 
1518 1523 1405 1586 1310 1376 1075 1259 597 322 802 807 4172 4172 4172 4172 
1500 1525 1396 1628 1307 1375 1074 1258 603 323 820 807 4172 4172 4172 4172 
1492 1590 1503 1677 1310 1376 1074 1260 603 322 799 807 4171 4171 4171 4171 
1552 1523 1436 1569 1314 1379 1076 1260 604 323 803 810 4172 4172 4172 4172 
1626 1534 2470 3183 1309 1375 1080 1261 601 323 800 790 4172 4172 4172 4172 
1596 1544 1509 1595 1309 1376 1074 1260 596 323 810 808 4171 4171 4171 4171 
1521 1549 1660 1903 1311 1375 1072 1259 610 323 805 803 4172 4172 4172 4172 
1576 1493 1597 1767 1314 1374 1074 1258 595 322 792 799 4172 4172 4172 4172 
1455 1524 1463 1553 1309 1374 1070 1262 610 323 800 807 4171 4171 4171 4171 
1537 1724 1578 1700 1312 1374 1072 1259 612 323 804 812 4172 4172 4172 4172 
1504 1506 1445 1567 1308 1376 1084 1258 604 323 815 810 4173 4173 270 4173 
1578 1870 1511 1551 1306 1375 1074 1260 610 322 808 821 4172 4172 4172 4172 
1450 1517 1417 1552 1303 1375 1073 1259 609 323 802 811 4172 4172 4172 4172 
1489 1568 1453 1602 1306 1375 1074 1259 602 322 801 813 4171 4171 4171 4171 
1532 1534 1425 1582 1308 1375 1079 1260 603 323 815 805 4172 4172 4172 4172 
1505 1535 1751 2125 1311 1375 1074 1260 602 322 807 798 4173 4173 4173 4173 
1447 1624 1463 1654 1308 1380 1074 1260 608 323 812 814 4173 4173 4173 4173 
1477 1530 1455 1655 1310 1375 1073 1258 609 323 802 813 4172 4172 4172 4172 
1539 1517 1427 1566 1307 1375 1074 1258 594 323 810 807 4172 4172 4172 4172 
1506 1582 1899 2078 1306 1374 1071 1261 606 323 803 797 4172 4172 4172 4172 
1509 1504 1470 1608 1308 1375 1095 1259 603 323 789 812 4171 4171 277 1472 
1521 1495 1785 2125 1308 1374 1073 1258 600 323 781 802 4171 4171 4171 4171 
1446 1479 1513 1754 1308 1374 1071 1259 610 323 804 803 4173 4173 4173 4173 
1496 1513 1465 1616 1318 1374 1093 1257 601 323 811 802 4171 4171 282 4171 
1521 1827 2545 2836 1315 1374 1082 1260 612 322 790 809 4172 4172 4172 4172 
1493 1768 1690 1958 1309 1374 1072 1259 623 322 815 809 4172 4172 4172 4172 
1472 1504 2489 3091 1308 1374 1074 1259 606 323 776 788 4173 4173 4173 4173 
1560 1705 1747 2031 1308 1376 1073 1258 606 323 800 809 4171 4171 4171 4171 
1548 1701 1757 1943 1309 1375 1073 1261 611 322 798 808 4172 4172 4172 4172 
1497 1517 1386 1635 1311 1378 1076 1262 603 322 794 801 4172 4172 4172 4172 
1557 1565 1459 1643 1308 1377 1074 1258 601 322 805 807 4172 4172 4172 4172 
1540 1538 1620 1874 1309 1377 1092 1258 602 323 809 799 4171 4171 312 4171 
1769 1488 2164 2479 1309 1376 1073 1260 593 323 784 791 4171 4171 4171 4171 
1526 1609 1401 1559 1299 1375 1098 1256 604 323 817 812 4172 4172 237 4172 
1498 2051 1407 1554 1309 1376 1074 1259 616 322 812 825 4172 4172 4172 4172 
1531 1419 1426 1488 1304 1375 1072 1258 591 322 813 810 4172 4172 4172 4172 
5892 1491 1486 1783 1306 1373 1070 1257 584 323 793 801 4172 4172 4172 4172 
1541 1418 1832 2015 1306 1374 1076 1258 588 322 790 790 4172 4172 4172 4172 
1613 1550 1489 1637 1309 1375 1074 1260 601 323 800 812 4173 4173 4173 4173 
1487 1556 1494 1573 1308 1377 1073 1259 603 322 793 810 4171 4171 4171 4171 
1557 1537 1471 1575 1311 1377 1079 1263 600 323 798 813 4171 4171 4171 4171 
1607 1534 2071 2763 1309 1376 1109 1256 603 324 803 792 4172 4172 223 4172 
1453 2004 1858 2132 1304 1373 1071 1257 634 319 814 808 4172 4172 4172 4172 
1459 1586 1526 1668 1309 1375 1075 1261 603 323 792 813 4172 4172 4172 4172 
1501 1516 1402 1538 1309 1374 1075 1261 601 323 801 813 4173 4173 4173 4173 
1509 1508 2090 2075 1306 1375 1074 1260 605 322 775 811 4172 4172 4172 4172 
1530 1509 1428 1532 1304 1373 1069 1256 596 322 797 804 4171 4171 4171 4171 
1549 1659 1439 1599 1308 1376 1071 1259 607 322 816 812 4171 4171 4171 4171 
1624 1397 1474 1659 1308 1376 1075 1259 570 322 768 775 4171 4171 4171 4171 
1534 1526 1470 1607 1315 1377 1074 1260 597 323 811 808 4173 4173 4173 4173 
1502 1508 1449 1685 1303 1375 1071 1259 605 323 810 805 4173 4173 4172 4172 
1577 1514 1533 1723 1307 1375 1071 1259 598 323 783 807 4171 4171 4171 4171 
1557 1477 1909 2199 1311 1375 1073 1258 604 323 790 798 4172 4172 4172 4172 
1439 1517 1414 1587 1307 1375 1072 1258 615 323 804 806 4172 4172 4172 4172 
1514 1401 1433 1620 1302 1375 1074 1260 581 322 773 792 4171 4171 4171 4171 
1523 1465 1404 1591 1306 1374 1074 1258 595 322 799 799 4171 4171 4171 4171 
1699 1852 1685 1838 1309 1374 1074 1258 604 323 803 814 4172 4172 4172 4172 
1577 1517 1526 1666 1309 1374 1072 1259 594 322 796 810 4171 4171 4171 4171 
1497 1513 1448 1615 1311 1374 1072 1258 606 323 813 804 4173 4173 4173 4173 
1556 1521 1483 1563 1307 1375 1075 1259 599 323 806 801 4172 4172 4171 4171 
1513 1555 2057 2513 1306 1374 1071 1258 605 323 787 791 4173 4173 4173 4173 
1517 1636 1488 1596 1299 1375 1074 1258 611 323 822 813 4172 4172 4172 4172 
1521 1506 1469 1652 1307 1375 1072 1261 597 324 810 798 4172 4172 4172 4172 
1561 1526 1368 1586 1303 1375 1074 1257 594 322 798 803 4171 4171 4171 4171 
1548 1556 1568 1818 1309 1375 1072 1260 601 323 793 798 4171 4171 4171 4171 
1508 1671 1400 1575 1309 1376 1074 1259 612 322 823 812 4172 4172 4172 4172 
1494 1516 1406 1605 1312 1376 1075 1258 604 322 805 809 4171 4171 4171 4171 
1566 1466 1369 1550 1308 1375 1074 1261 594 323 796 791 4172 4172 4172 4172 
1616 1675 2009 2221 1310 1375 1074 1270 603 322 810 805 4171 4171 4171 446 
1485 1615 1784 1934 1313 1376 1074 1261 605 322 789 801 4171 4171 4171 4171 
1522 1480 1536 1623 1305 1373 1072 1257 595 322 805 803 4171 4171 4171 4171 
1608 1540 1975 2381 1309 1376 1074 1258 597 322 781 795 4172 4172 4172 4172 
1513 1501 1439 1686 1308 1374 1073 1258 597 323 798 805 4172 4172 4172 4172 
1500 1495 1411 1587 1302 1374 1072 1259 526 323 795 803 4171 4171 4171 4171 
1580 1535 1638 1770 1306 1374 1072 1257 606 322 804 805 4171 4171 4171 4171 
1517 1738 1970 2229 1307 1374 1073 1259 610 322 798 808 4173 4173 4173 4173 
1552 1570 1455 1574 1309 1374 1072 1258 600 323 805 810 4173 4173 4173 4173 
1512 1535 1532 1822 1307 1373 1073 1258 601 323 791 805 4172 4172 4172 4172 
1580 1535 1461 1745 1307 1375 1073 1260 599 323 801 804 4172 4172 4172 4172 
1561 1545 1706 1890 1310 1376 1074 1261 595 322 794 804 4172 4172 4172 4172 
1594 1511 1953 2206 1316 1376 1074 1260 594 323 777 797 4173 4173 4173 4173 
1634 1436 1673 1959 1309 1376 1074 1258 527 323 806 793 4172 4172 4172 4172 
2634 1700 2120 2314 1306 1371 1071 1267 1175 322 801 799 4172 4172 4172 4172 
1504 1660 1859 2058 1305 1375 1072 1259 607 322 797 808 4173 4173 4173 4173 
1469 1830 1398 1592 1471 1384 1074 1259 617 323 832 820 698 749 4171 4171 
1501 1511 1629 1811 1308 1374 1078 1258 601 323 812 797 4172 4172 4171 4171 
1586 1535 1455 1591 1308 1374 1074 1261 599 323 798 807 4172 4172 4172 4172 
1567 1555 1412 1631 1307 1375 1073 1258 596 323 815 800 4171 4171 4171 4171 
1521 1458 1699 2001 1310 1376 1097 1257 596 323 789 797 4171 4171 241 4171 
1435 1479 1533 1706 1306 1374 1071 1258 603 323 794 801 4173 4173 4173 4173 
1557 1524 1453 1543 1308 1375 1072 1258 597 323 799 807 4173 4173 4173 4173 
1451 1545 1794 1942 1311 1374 1071 1260 615 322 801 806 4172 4172 4172 4172 
1561 1492 1603 1726 1306 1373 1073 1258 599 323 793 804 4172 4172 4172 4172 
1536 1551 1533 1711 1306 1374 1074 1258 601 323 812 802 4171 4171 4171 4171 
1597 1515 1541 1621 1306 1376 1074 1263 603 323 812 808 4172 4172 4172 4172 
1499 1511 1422 1517 1312 1375 1072 1258 602 323 800 813 4171 4171 4171 4171 
1543 1618 1410 1522 1307 1375 1072 1259 607 323 825 819 4173 4173 4173 4173 
1520 1558 1449 1563 1313 1374 1072 1259 607 323 815 809 4172 4172 4172 4172 
1523 1983 2483 2939 1312 1375 1071 1259 617 323 796 806 4173 4173 4173 4173 
1584 1488 1830 1965 1304 1376 1074 1258 598 324 778 802 4171 4171 4171 4171 
4872 1519 1229 1320 1307 1373 1073 1257 1450 323 820 810 4173 4173 4173 4173 
1562 1661 1779 1862 1308 1380 1070 1258 606 323 810 805 4172 4172 4172 4172 
1476 1514 1454 1533 1306 1375 1072 1258 604 323 798 813 4172 4172 4172 4172 
1632 1582 1643 1736 1308 1375 1074 1259 599 323 790 812 4172 4172 4172 4172 
1656 1567 1946 2258 1309 1374 1070 1260 598 322 803 796 4172 4172 4172 4172 
1525 1509 1444 1543 1307 1376 1073 1259 592 322 797 808 4171 4171 4171 4171 
1529 1554 1436 1636 1308 1378 1073 1260 607 322 819 808 4171 4171 4171 4171 
1501 1510 1850 2267 1309 1373 1070 1258 601 322 784 794 4173 4173 4173 4173 
1532 1518 1643 1884 1307 1382 1071 1257 600 322 789 804 4171 4171 4171 2585 
1642 1518 2415 3187 1304 1374 4309 1256 598 323 782 794 807 826 188 908 
1570 1551 1932 2150 1309 1375 1079 1259 603 323 805 801 4172 4172 4172 4172 
1530 1415 1868 2288 1306 1377 1088 1257 588 323 787 779 4172 4172 246 4171 
1500 1419 1538 1684 1308 1374 1099 1254 595 323 796 798 4171 4171 223 4171 
1569 1671 1214 1298 1303 1374 1071 1257 607 322 4172 4172 4172 4172 4172 4172 
1496 1522 1483 1616 1310 1393 1094 1255 609 322 806 811 4171 708 238 4171 
1543 1789 1662 1948 1306 1374 1073 1260 615 322 820 809 4172 4172 4172 4172 
1508 1515 1412 1575 1300 1375 1072 1267 602 322 821 813 4171 4171 4171 4171 
1525 1518 1403 1534 1311 1375 1074 1261 604 323 796 811 4172 4172 4172 4172 
1493 1555 2106 2461 1312 1375 1073 1259 614 323 782 800 4172 4172 4172 4172 
1492 1494 1615 1679 1309 1375 1073 1258 600 323 788 801 4171 4171 4171 4171 
1551 1420 1616 1737 1314 1383 1073 1260 586 322 772 791 4173 4173 4173 4173 
1573 1431 1904 2048 1303 1376 1073 1262 587 322 774 791 4172 4172 4172 4172 
1510 1513 1503 1622 1307 1375 1073 1259 604 323 795 805 4171 4171 4171 4171 
1519 1510 1489 1670 1309 1391 1073 1259 602 323 808 809 4172 696 4172 4172 
1431 1565 1379 1513 1309 1376 1073 1259 613 322 809 816 4171 4171 4171 4171 
1508 1452 1214 1298 1308 1375 1072 1258 592 323 4172 4172 4172 4172 4172 4172 
1515 1483 1523 1819 1305 1374 1073 1261 593 322 785 795 4171 4171 4171 4171 
1562 1658 1397 1560 1309 1375 1081 1260 608 322 820 819 4173 4173 4173 4173 
1541 1506 1451 1572 1300 1375 1073 1258 598 323 807 808 4171 4171 4171 4171 
1645 1399 1913 2266 1305 1374 1072 1259 575 323 779 778 4172 4172 4172 4172 
1516 1511 1435 1612 1307 1374 1071 1259 600 323 808 802 4171 4171 4171 4171 
1521 1553 1703 1977 1308 1375 1073 1259 607 323 803 801 4171 4171 4171 4171 
1502 1572 1411 1593 1310 1375 1074 1258 599 322 819 810 4172 4172 4172 4172 
1510 1515 1400 1589 1309 1375 1073 1261 608 322 801 816 4172 4172 4172 4172 
1580 1519 1406 1530 1307 1376 1073 1260 598 322 804 811 4171 4171 4171 4171 
1463 1848 1512 1616 1308 1375 1074 1260 613 323 807 823 4172 4172 4172 4172 
1544 1505 1617 1860 1316 1376 1074 1261 597 322 781 800 4172 4172 4171 4171 
1533 1539 1458 1619 1309 1375 1074 1258 605 322 798 808 4173 4173 4173 4173 
1551 1633 1450 1649 1305 1376 1073 1259 604 322 801 812 4173 4173 4173 4173 
1499 1503 1426 1651 1308 1374 1071 1263 603 323 811 805 4172 4172 4171 4171 
1504 1536 1659 1979 1303 1374 1074 1259 607 323 810 798 4172 4172 4172 4172 
1488 1531 1430 1607 1306 1375 1072 1259 604 323 814 806 4172 4172 4172 4172 
1542 1516 2378 2596 1308 1376 1073 1260 597 323 781 793 4172 4172 4172 4172 
1563 1502 1418 1582 1307 1374 1074 1258 597 323 812 808 4171 4171 4171 4171 
1549 1593 1443 1588 1309 1374 1073 1258 602 322 803 807 4172 4172 4172 4172 
1472 1514 1472 1559 1309 1373 1074 1259 601 322 797 810 4172 4172 4172 4172 
1486 1608 1462 1602 1302 1378 1075 1263 616 323 812 813 4171 4171 4171 4171 
1462 1532 1438 1554 1309 1373 1073 1268 609 323 821 816 4171 4171 4171 4171 
1522 1818 1646 1954 1308 1375 1073 1261 618 323 805 813 4171 4171 4171 4171 
1580 1521 1737 1875 1309 1375 1080 1261 595 323 786 804 4171 4171 4171 4171 
1473 1497 1393 1588 1307 1374 1071 1260 604 322 802 811 4171 4171 4171 4171 
1502 1507 1413 1565 1308 1375 1073 1264 604 322 800 806 4171 4171 4171 4171 
1504 1410 1878 2311 1306 1375 1071 1260 629 322 831 826 4171 4171 4171 4171 
1558 1556 1420 1571 1308 1375 1073 1260 598 323 801 815 4172 4172 4172 4172 
1515 1569 1490 1671 1311 1375 1075 1259 601 323 807 806 4171 4171 4171 4171 
1537 1525 1476 1685 1307 1373 1071 1257 607 322 794 810 4173 4173 4173 3667 
1482 1533 1879 2245 1306 1374 1074 1260 609 323 804 800 4172 4172 4172 4172 
1516 1540 1716 1870 1311 1377 1074 1259 598 323 781 801 4172 4172 4172 4172 
1601 1350 1652 1879 1313 1376 1075 1261 619 323 812 816 4172 4172 4171 4171 
1525 1570 1471 1531 1307 1375 1074 1259 607 322 809 812 4172 4172 4172 4172 
1513 1403 1563 1703 1308 1376 1073 1259 581 322 763 785 4171 4171 4171 4171 
1499 1570 1408 1542 1309 1376 1074 1261 607 323 816 809 4171 4171 4171 4171 
1527 1500 2280 2732 1307 1397 1073 1260 598 322 789 792 4172 701 4171 4171 
1617 1604 1453 1591 1307 1377 1073 1257 600 322 799 810 4172 4172 4172 4172 
1578 1540 1425 1545 1311 1377 1095 1258 600 322 795 811 4172 4172 240 4172 
1707 1558 1693 1918 1308 1374 2089 1254 598 322 806 800 4171 4171 192 4171 
1717 1775 1964 2247 1311 1375 1072 1258 605 322 799 807 4172 4172 4172 4172 
1481 1660 1802 2022 1304 1374 1075 1260 612 322 807 805 4171 4171 4171 4171 
1558 1530 1382 1535 1308 1374 1074 1259 604 322 809 816 4171 4171 4171 4171 
1517 1552 1486 1595 1307 1375 1082 1260 611 322 799 811 4172 4172 4172 4172 
1555 1495 1455 1540 1310 1375 1075 1261 596 322 795 810 4172 4172 4172 4172 
1477 1721 1213 1297 1308 1374 1074 1260 630 322 4172 4172 4172 4172 4172 4172 
1506 1492 1453 1539 1302 1375 1073 1259 606 322 814 802 4171 4171 4171 4171 
1545 1617 1442 1600 1310 1375 1075 1260 611 322 805 809 4172 4172 4171 4171 
1650 1511 1982 2228 1306 1374 1073 1258 597 322 800 796 4171 4171 4171 4171 
1444 1411 1213 1298 1309 1377 1074 1260 596 323 4172 4172 4172 4172 2316 4172 
1549 1428 2010 2103 1313 1377 1076 1261 587 322 784 783 4172 4172 4172 4172 
1524 1537 1433 1558 1308 1374 1075 1257 599 322 798 809 4172 4172 4172 4172 
1620 1542 1448 1603 1313 1374 1071 1257 600 323 801 814 4171 4171 4171 4171 
1501 1600 1437 1600 1313 1375 1074 1260 609 322 817 813 4172 4172 4172 4172 
1511 1521 1531 1661 1310 1378 1074 1260 600 323 806 808 4171 4171 4171 4171 
1519 1510 1485 1574 1308 1376 1073 1260 604 324 800 806 4173 4173 4173 4173 
1565 1557 1440 1556 1306 1374 1072 1259 604 322 811 814 4172 4172 4172 4172 
1717 1530 1966 2395 1309 1377 1073 1260 595 322 783 799 4171 4171 4171 4171 
1563 1459 1557 1839 1308 1376 1073 1259 590 323 796 800 4171 4171 4171 4171 
1471 1433 1426 1530 1308 1374 1076 1260 590 322 802 803 4171 4171 4171 4171 
1555 1643 1714 1762 1309 1375 1073 1260 612 322 793 813 4171 4171 4171 4171 
1541 1622 1445 1538 1308 1374 1075 1260 607 322 820 813 4172 4172 4172 4172 
1630 1876 1701 1972 1308 1373 1071 1259 611 322 816 815 4173 4173 4173 4173 
1540 1538 1476 1679 1311 1376 1072 1260 597 323 799 797 4171 4171 4171 4171 
1520 1529 1608 1727 1307 1375 1073 1259 597 322 784 804 4172 4172 4172 4172 
1537 1556 1463 1530 1308 1375 1071 1262 604 323 811 816 4172 4172 4172 4172 
1512 1548 1483 1572 1306 1375 1074 1262 596 322 798 816 4172 4172 4172 4172 
1512 1610 1368 1553 1307 1375 1073 1259 609 322 802 814 4171 4171 4171 4171 
1471 1561 1537 1693 1307 1374 1071 1260 612 322 815 811 4172 4172 4172 4172 
1547 2020 2245 2629 1303 1374 1073 1258 613 322 801 807 4171 4171 4171 4171 
1553 1724 1420 1597 1309 1374 1071 1260 603 322 803 816 4173 4173 4173 4173 
1485 1535 1400 1592 1307 1375 1073 1258 603 322 797 809 4172 4172 4171 4171 
1498 1590 1441 1628 1306 1375 1074 1260 605 322 802 97 4172 4172 4171 4171 
1576 1583 1402 1580 1307 1374 1071 1258 603 323 805 818 4172 4172 4172 4172 
1523 1493 1400 1585 1316 1375 1074 1260 596 323 791 806 4173 4173 4173 4173 
1477 1815 1448 1644 1306 1377 1073 1259 612 322 824 817 4171 4171 4171 4171 
1520 1613 1464 1585 1307 1375 1074 1258 608 322 802 808 4171 4171 4171 4171 
1470 1804 1771 2162 1304 1374 1073 1257 622 322 798 809 4173 4173 4173 4173 
1543 1593 1433 1579 1306 1375 1071 1258 608 322 808 819 4173 4173 4173 4173 
1458 1515 2210 2575 1307 1374 1073 1260 600 322 790 793 4171 4171 4171 4171 
1468 1518 1431 1629 1307 1377 1073 1260 604 323 803 802 4171 4171 4171 4171 
1658 1666 1602 1723 1311 1375 1072 1259 605 323 803 815 4171 4171 4171 4171 
1503 1555 1429 1568 1307 1375 1073 1259 612 322 817 810 4172 4172 4172 4172 
1640 1511 1832 1988 1305 1374 1071 1259 595 322 800 802 4171 4171 4171 4171 
1517 1615 1513 1723 1309 1375 1072 1260 610 322 819 821 4173 4173 4173 4173 
1504 1902 1432 1587 1309 1374 1073 1259 615 322 815 819 4171 4171 4171 4171 
1524 1799 1478 1703 1302 1375 1073 1259 612 322 807 817 4172 4172 4172 4172 
1495 1510 1534 1640 1309 1375 1066 1259 604 322 797 817 4171 4171 4171 4171 
1520 1564 1431 1589 1309 1377 1102 1262 606 322 818 807 4171 4171 807 4171 
1597 1477 2029 2382 1307 1375 1073 1260 596 322 793 791 4171 4171 4171 4171 
1438 1740 1833 2100 1310 1383 1073 1262 619 322 808 807 4171 4171 4171 4171 
1566 1502 1513 1727 1307 1378 1074 1260 591 323 791 797 4172 4172 4172 4172 
1532 1580 1445 1584 1315 1375 1073 1261 600 323 802 809 4172 4172 4172 4172 
1627 1999 1934 2267 1308 1375 1071 1263 611 322 813 814 4171 4171 4171 4171 
1522 1573 1434 1596 1310 1377 1074 1260 610 322 815 809 4172 4172 4171 4171 
1446 1602 1729 1942 1308 1374 1073 1256 615 323 791 807 4172 4172 4172 4172 
1565 1635 1389 1533 1306 1377 1074 1258 605 322 814 816 4171 4171 4171 4171 
1649 1704 1701 2021 1309 1374 1071 1257 609 322 804 811 4172 4172 4172 4172 
1496 1578 1458 1553 1309 1377 1074 1263 612 322 801 816 4172 4172 4172 4172 
1492 1543 1583 1782 1306 1375 1072 1259 609 321 780 804 4172 4172 4172 4172 
1619 1509 1423 1573 1310 1375 1070 1258 600 322 797 809 4172 4172 4172 4172 
1693 1556 1432 1582 1310 1375 1074 1258 596 323 796 810 4173 4173 4173 4173 
1500 1519 1379 1555 1307 1376 1073 1260 609 322 814 813 4171 4171 4171 4171 
1461 1466 1695 1996 1308 1375 1073 1259 600 323 803 792 4173 4173 4173 4173 
1598 1525 1660 1834 1308 1375 1074 1260 597 322 784 804 4171 4171 4171 4171 
1517 1483 1509 1543 1310 1376 1073 1262 604 323 801 817 4171 4171 4171 4171 
1500 1529 1514 1639 1307 1385 1074 1258 607 322 797 811 4172 714 4172 4172 
1473 1513 1429 1556 1311 1376 1071 1260 598 323 793 810 4171 4171 4171 4171 
1522 1402 1447 1576 1309 1375 1072 1258 584 323 799 795 4171 4171 4171 4171 
1505 1508 1342 1576 1307 1375 1073 1259 601 322 823 808 4173 4173 4173 4173 
1478 1553 1396 1557 1314 1376 1075 1261 609 322 803 815 4171 4171 4171 4171 
1474 1551 1557 1753 1306 1374 1073 1259 615 322 810 802 4172 4171 4171 4171 
1609 1749 1982 2283 1309 1375 1073 1260 602 322 789 803 4172 4172 4172 4172 
1467 1406 1665 1836 1309 1375 1074 1258 591 322 784 791 4171 4171 4171 4171 
1495 1524 1441 1594 1308 1377 1076 1259 607 322 813 808 4172 4172 4172 4172 
1579 1562 1821 2220 1314 1374 1073 1258 606 322 809 799 4171 4171 4171 4171 
1665 1478 1703 1886 1302 1378 1074 1272 594 323 789 807 4171 4171 4171 459 
1483 1508 1445 1614 1316 1374 1073 1259 599 322 803 802 4172 4172 4172 4172 
1533 1553 1470 1562 1309 1387 1073 1261 604 323 815 812 4172 704 4172 4172 
1536 1512 1439 1535 1310 1377 1072 1262 604 323 806 819 4173 4173 4173 4173 
1579 1517 1520 1655 1303 1374 1074 1258 595 323 794 799 4171 4171 4171 4171 
1524 1517 1386 1620 1308 1375 1073 1263 607 322 816 809 4172 4172 4171 4171 
1548 1675 2161 2424 1310 1375 1075 1258 606 322 803 803 4172 4172 4172 4172 
1495 2651 1941 2254 1310 1375 1074 1259 624 322 822 818 4172 4172 4172 4172 
1532 1582 1574 1828 1310 1375 1075 1259 597 322 816 805 4171 4171 4171 4171 
1537 1525 1524 1754 1308 1375 1074 1261 603 322 813 802 4171 4171 4171 4171 
1491 1561 1430 1557 1308 1374 1073 1260 604 323 807 812 4172 4172 4172 4172 
1477 1521 1456 1545 1306 1376 1075 1259 601 323 806 807 4172 4172 4172 4172 
1519 1476 1476 1601 1308 1375 1074 1257 604 323 814 803 4172 4172 4172 4172 
1500 1493 1826 2076 1307 1375 1074 1261 607 322 776 796 4172 4172 4172 4172 
1480 1575 1404 1523 1307 1375 1073 1258 614 322 817 821 4173 4173 4173 4173 
1470 1543 1463 1623 1303 1377 1073 1259 611 322 791 816 4172 4172 4171 4171 
1466 1517 1545 1760 1309 1377 1074 1261 600 322 793 801 4172 4172 4171 4171 
1542 1592 1656 1868 1307 1374 1074 1258 606 321 797 804 4171 4171 4171 4171 
1552 1504 1472 1740 1307 1375 1073 1259 599 323 814 807 4172 4172 4172 4172 
1513 1632 1425 1637 1309 1375 1073 1261 603 323 821 812 4172 4172 4171 4171 
1542 1484 1430 1627 1309 1376 1074 1261 598 322 814 800 4172 4172 4172 4172 
1531 1586 1399 1559 1308 1373 1073 1259 600 323 802 815 4171 4171 4171 4171 
1471 1494 1422 1564 1308 1375 1074 1259 600 323 782 804 4172 4172 4172 4172 
1481 1547 1422 1577 1306 1377 1074 1259 603 322 798 809 4172 4172 4172 4172 
1796 1537 1436 1618 1306 1372 1074 1257 1619 322 805 806 4172 4172 4172 4172 
1669 1935 1439 1634 1312 1378 1076 1263 609 322 813 820 4172 4172 4172 4172 
1522 1521 1414 1575 1300 1402 1073 1258 601 322 801 812 4172 1389 4172 4172 
1491 1517 1543 1754 1310 1377 1075 1261 599 323 798 804 4172 4172 4172 4172 
1515 1518 1403 1566 1309 1391 1076 1258 599 323 815 811 4172 690 4172 4172 
1460 1506 1438 1567 1306 1375 1075 1261 608 322 811 805 4171 4171 4171 4171 
1579 1538 1547 1611 1308 1375 1071 1259 596 322 789 811 4171 4171 4171 4171 
1474 1547 1379 1535 1306 1386 1073 1263 608 322 810 814 4171 4171 4171 4171 
1510 1511 1429 1586 1307 1376 1075 1260 599 322 809 800 4172 4172 4172 4172 
1445 1538 1565 1743 1307 1376 1073 1259 611 323 792 808 4172 4172 4172 4172 
1472 1652 1492 1622 1306 1374 1074 1259 611 323 806 812 4171 4171 4171 4171 
1496 1546 1489 1563 1307 1376 1073 1261 611 323 813 811 4171 4171 4171 4171 
1483 1527 1424 1572 1308 1374 1073 1259 605 322 803 808 4173 4173 4173 4173 
1492 1587 1375 1554 1308 1375 1074 1259 606 322 820 816 4172 4172 4172 4172 
1574 1509 2843 3684 1308 1375 1072 1259 594 322 774 784 4172 4172 4172 4172 
1508 1557 1477 1721 1310 1375 1073 1261 604 322 796 803 4172 4172 4172 4172 
1453 1581 1389 1571 1308 1376 1074 1260 611 322 813 818 4172 4172 4172 4172 
2967 1524 1469 1588 1306 1372 1071 1255 1425 322 790 810 4171 4171 4171 4171 
1468 1490 1544 1626 1308 1375 1075 1261 610 322 804 807 4172 4172 4172 4172 
1503 1486 1479 1652 1310 1377 1076 1263 604 322 795 805 4173 4173 4173 4173 
1553 1599 1444 1593 1308 1375 1073 1258 601 322 801 814 4172 4172 4172 4172 
1442 1503 1511 1578 1312 1374 1073 1258 621 322 796 807 4171 4171 4171 4171 
1526 1506 1439 1544 1309 1377 1073 1260 606 322 816 813 4171 4171 4171 4171 
1521 1561 1422 1528 1309 1375 1071 1259 605 322 808 816 4171 4171 4171 4171 
1542 1508 1418 1577 1306 1375 1073 1260 598 322 793 806 4172 4172 4172 4172 
1588 1569 2053 2276 1315 1375 1074 1261 602 323 784 800 4172 4172 4172 4172 
1537 1567 1489 1610 1308 1376 1073 1260 603 323 798 812 4173 4173 4173 4173 
1542 1604 1414 1607 1307 1375 1071 1259 602 322 801 811 4172 4172 4172 4172 
1466 1572 1459 1618 1307 1374 1073 1258 608 322 798 811 4172 4172 4171 4171 
1592 1507 1420 1598 1306 1374 1073 1258 596 323 813 812 4172 4172 4172 4172 
1494 1521 1411 1588 1308 1375 1073 1260 605 323 798 804 4172 4172 4172 4172 
1493 1551 1445 1562 1308 1375 1073 1260 609 322 806 810 4173 4173 4173 4173 
1519 1512 1482 1491 1305 1375 1070 1259 600 323 792 816 4172 4172 4172 4172 
1459 1536 1504 1543 1307 1371 1071 1258 597 323 817 804 4173 4173 4173 4173 
1555 1594 1619 1859 1307 1375 1072 1258 596 322 801 801 4173 4173 4173 4173 
1755 1495 2029 2301 1306 1393 1073 1259 590 323 785 797 4172 686 4171 4171 
5910 1663 2240 2551 1307 1374 1072 1258 594 322 799 804 4171 4171 4171 4171 
1558 1529 1497 1626 1309 1375 1074 1260 599 322 799 810 4172 4172 4172 4172 
1628 1535 1441 1557 1310 1376 1075 1260 596 323 811 805 4173 4173 4173 4173 
1460 1535 1455 1582 1308 1374 1073 1259 606 323 798 812 4173 4173 4173 4173 
1501 1621 1454 1570 1307 1374 1073 1259 609 323 800 814 4172 4172 4172 4172 
1500 1518 1437 1562 1309 1375 1073 1259 603 323 794 814 4172 4172 4172 4172 
1488 1615 1624 1739 1310 1374 1073 1258 611 322 805 805 4172 4172 4172 4172 
1532 1544 1389 1578 1308 1377 1072 1259 602 322 799 815 4173 4173 4173 4173 
1502 1527 1428 1594 1301 1375 1074 1259 602 322 808 809 4172 4172 4172 4172 
1505 1508 1400 1604 1309 1375 1074 1260 600 323 798 810 4172 4172 4172 4172 
1581 1575 1594 1797 1306 1375 1074 1259 596 322 795 802 4173 4173 4173 4173 
1499 1501 1797 2242 1303 1388 1075 1258 608 322 791 792 4172 691 4172 4172 
1493 1518 1399 1511 1310 1374 1074 1258 606 322 795 812 4171 4171 4171 4171 
1536 1532 1395 1600 1310 1375 1074 1259 596 322 797 811 4172 4172 4172 4172 
1525 1687 1420 1532 1307 1375 1073 1259 608 322 806 818 4172 4172 4172 4172 
1545 1779 1402 1626 1308 1375 1075 1272 610 322 825 823 4173 4173 4173 479 
1481 1523 1450 1569 1307 1374 1073 1260 607 322 797 813 4173 4173 4173 4173 
1536 1502 1471 1635 1304 1374 1071 1257 600 322 813 803 4173 4173 4173 4173 
1490 1522 1677 2002 1308 1377 1074 1259 593 322 795 802 4173 4173 4173 4173 
1511 1574 1411 1548 1306 1374 1073 1261 608 322 803 815 4172 4172 4172 4172 
1541 1555 1463 1600 1309 1377 1074 1259 604 322 794 810 4171 4171 4171 4171 
1502 1369 1871 2123 1309 1373 1073 1263 577 322 776 782 4172 4172 4172 4172 
1519 1568 1418 1603 1308 1375 1072 1258 608 322 799 814 4172 4172 4172 4172 
1498 1872 1468 1705 1308 1378 1075 1261 621 322 816 822 4173 4173 4173 4173 
1525 1504 1636 1841 1313 1376 1073 1261 602 323 800 798 4171 4171 4171 4171 
1470 1602 2021 2518 1309 1373 1071 1257 617 323 797 800 4173 4173 4173 4173 
1547 1536 1426 1535 1301 1375 1078 1261 604 322 799 816 4171 4171 4171 4171 
1536 1543 1380 1549 1308 1375 1073 1259 600 322 800 814 4172 4172 4172 4172 
1527 1490 1462 1661 1307 1376 1073 1258 593 322 793 804 4171 4171 4171 4171 
1574 1572 1433 1571 1310 1376 1076 1261 605 322 801 812 4173 4173 4173 4173 
1567 1546 1453 1628 1307 1376 1074 1260 599 323 797 811 4172 4172 4172 4172 
1503 1573 1450 1571 1307 1377 1074 1261 603 323 796 817 4172 4172 4171 4171 
1540 1538 1476 1695 1309 1375 1071 1258 599 323 798 803 4173 4173 4173 4173 
1604 1697 1472 1610 1310 1376 1076 1261 607 323 823 818 4171 4171 4171 4171 
1705 1486 2091 2523 1300 1390 1073 1271 586 323 773 790 4172 665 4172 4172 
1533 1605 1388 1556 1304 1375 1084 1261 610 322 823 815 4172 4172 4171 4171 
1474 1428 1716 2009 1307 1376 1074 1259 598 322 796 790 4172 4172 4172 4172 
1571 1494 1689 1847 1309 1376 1074 1258 596 322 803 801 4172 4172 4172 4172 
1517 1520 1429 1614 1309 1375 1073 1261 603 322 818 806 4173 4173 4173 4173 
6660 1375 1384 1525 1305 1371 1071 1256 2671 322 821 840 4173 4173 4173 4173 
1531 1498 1423 1593 1310 1376 1082 1260 601 322 807 806 4171 4171 4171 4171 
1467 1498 1479 1585 1311 1376 1072 1260 603 322 799 808 4171 4171 4171 4171 
1466 1504 1418 1670 1310 1374 1074 1261 607 323 803 807 4172 4172 4172 4172 
1480 1530 1440 1547 1311 1374 1073 1259 606 323 815 808 4172 4172 4172 4172 
1490 1498 1453 1607 1308 1376 1087 1256 603 323 810 806 4171 4171 309 4171 
1545 1705 1403 1575 1307 1374 1073 1258 609 323 824 817 4172 4172 4172 4172 
1493 1520 1637 1800 1307 1375 1090 1257 610 323 790 800 4173 4173 298 4173 
1498 1529 1396 1497 1309 1375 1073 1260 603 323 798 816 4172 4172 4172 4172 
1537 1481 1430 1610 1310 1374 1071 1258 595 323 794 805 4172 4172 4172 4172 
1560 1522 1474 1670 1307 1375 1072 1256 595 322 794 802 4173 4173 4173 4173 
1483 1514 1462 1683 1311 1378 1074 1262 604 322 812 812 4172 4172 4172 4172 
1509 1525 1455 1605 1301 1378 1074 1259 604 322 798 803 4173 4173 4173 4173 
1583 1525 1437 1523 1309 1376 1075 1276 598 322 812 814 4172 4172 4172 484 
1532 1502 1567 1765 1345 1376 1076 1261 596 323 802 804 712 4172 4172 4172 
1491 1554 1696 1872 1307 1378 1073 1260 608 322 787 805 4172 4172 4172 4172 
1531 1533 1761 1942 1307 1376 1073 1260 605 323 791 802 4171 4171 4171 4171 
1538 1518 1383 1622 1306 1375 1076 1268 594 322 809 805 4173 4173 4173 4173 
1477 1486 1463 1605 1307 1375 1072 1260 605 323 792 803 4172 4172 4172 4172 
1484 1778 1434 1582 1312 1374 1073 1258 620 323 816 823 4172 4172 4172 4172 
1500 1620 1447 1690 1310 1377 1076 1262 606 322 810 809 4171 4171 4171 4171 
1508 1517 1438 1557 1311 1376 1075 1261 606 322 798 809 4171 4171 4171 4171 
1536 1568 1464 1628 1308 1375 1071 1258 598 323 812 804 4173 4173 4173 4173 
1546 1720 1687 1909 1309 1375 1076 1261 610 323 794 817 4172 4172 4172 4172 
1702 1752 1623 1905 1309 1377 1076 1260 605 322 800 812 4172 4172 4171 4171 
1757 1773 2061 2326 1298 1372 1073 1258 1629 322 797 808 4171 4171 4171 4171 
1514 1508 1422 1644 1306 1373 1071 1258 599 322 798 805 4172 4172 4172 4172 
1540 1756 1433 1577 1317 1375 1074 1260 609 322 810 820 4172 4172 4172 4172 
1563 1552 1398 1553 1313 1376 1073 1260 601 323 806 809 4172 4172 4172 4172 
1547 1553 1216 1310 1306 1378 1074 1258 596 323 4171 4171 4171 4171 4171 4171 
1463 1554 1472 1605 1308 1375 1072 1260 613 322 811 810 4173 4173 4173 4173 
1515 1613 1399 1583 1308 1376 1073 1260 612 322 802 809 4172 4172 4172 4172 
1514 1503 1469 1740 1307 1375 1073 1259 603 322 796 804 4172 4172 4172 4172 
1524 1562 1485 1585 1307 1389 1074 1258 606 322 795 811 4173 735 4173 4173 
1513 1561 1949 2276 1307 1375 1073 1260 607 322 798 802 4172 4172 4172 4172 
1625 1531 1458 1540 1307 1375 1074 1258 601 322 797 807 4173 4173 4173 4173 
1489 1546 1513 1647 1309 1375 1076 1261 611 322 816 809 4173 4173 2924 4172 
1462 1521 1447 1567 1305 1375 1074 1260 613 322 815 804 4173 4173 4173 4173 
1532 1785 1426 1586 1307 1376 1074 1263 612 322 807 815 4173 4173 4173 4173 
1486 1486 1465 1634 1313 1377 1074 1259 603 322 795 802 4172 4172 4172 4172 
1515 1447 1444 1578 1308 1375 1073 1259 601 322 803 796 4172 4172 4172 4172 
1473 1535 1417 1543 1309 1376 1074 1260 609 322 813 812 4172 4172 4172 4172 
1521 1519 1748 1906 1308 1375 1072 1260 600 323 796 802 4172 4172 4172 4172 
1533 1623 1370 1581 1311 1377 1074 1266 604 322 808 816 4173 4173 4173 4173 
1509 1466 1592 1788 1316 1374 1072 1260 594 323 796 793 4172 4172 4172 4172 
1512 1520 1458 1532 1314 1405 1081 1258 598 323 807 811 4173 694 4173 4173 
1542 1543 1440 1604 1312 1376 1074 1259 593 322 815 811 4171 4171 4171 4171 
1512 1701 1684 1855 1309 1375 1074 1260 611 322 816 811 4171 4171 4171 4171 
1481 1599 1446 1645 1309 1377 1073 1261 607 322 800 806 4171 4171 4171 4171 
1568 1550 1215 1299 1425 1378 1073 1262 535 323 4172 4172 696 4172 4172 2266 
1530 1532 1422 1653 1310 1377 1075 1259 604 323 795 815 4172 4172 4172 4172 
1453 1400 1480 1690 1305 1374 1073 1260 585 323 773 784 4172 4172 4172 4172 
1455 1528 1502 1612 1308 1375 1073 1258 614 322 796 806 4171 4171 4171 4171 
1521 1649 1410 1641 1314 1374 1072 1259 606 322 810 818 4172 4172 4172 4172 
1523 1584 1511 1627 1309 1374 1074 1259 602 323 786 806 4173 4173 4173 4173 
1497 1540 1434 1611 1314 1375 1073 1269 602 323 792 815 4171 4171 4171 4171 
1514 1512 1585 1744 1306 1375 1071 1257 598 323 789 798 4171 4171 4171 4171 
1557 1550 1472 1549 1306 1376 1073 1265 604 323 813 816 4172 4172 4172 4172 
1521 1503 1428 1593 1309 1375 1072 1260 597 323 805 807 4172 4172 4172 4172 
1512 1532 1579 1818 1303 1375 1072 1258 604 324 809 802 4171 4171 4171 4171 
1657 1558 2191 2515 1307 1392 1071 1259 603 323 786 802 4172 692 4172 4172 
1467 1533 1394 1568 1307 1376 1072 1257 599 323 790 810 4171 4171 4171 4171 
1612 1541 1390 1500 1303 1375 1075 1261 596 323 818 821 4172 4172 4172 4172 
1562 1590 1540 1683 1315 1375 1076 1259 599 323 808 812 4171 4171 4171 4171 
1504 1499 1495 1686 1308 1375 1075 1257 605 322 807 804 4172 4172 4172 4172 
1544 1546 1500 1769 1308 1376 1072 1261 605 323 795 805 4171 4171 4171 4171 
1525 1492 1461 1523 1311 1378 1075 1263 598 322 799 809 4171 4171 4171 4171 
1487 1675 1402 1536 1310 1375 1087 1258 622 322 828 816 4173 4173 256 4173 
1464 1478 1450 1677 1307 1374 1073 1259 595 323 809 797 4171 4171 4171 4171 
1548 1678 1431 1716 1310 1376 1074 1259 600 324 816 808 4172 4172 4172 4172 
1585 1687 1903 2167 1311 1375 1072 1259 605 323 794 808 4172 4172 4172 4172 
1496 1495 1895 2365 1308 1374 1072 1260 608 323 800 792 4173 4173 4173 4173 
1467 1506 1404 1571 1308 1376 1074 1259 613 323 799 806 4172 4172 4172 4172 
1553 1705 1455 1692 1310 1374 1071 1260 607 323 809 815 4172 4172 4172 4172 
1555 1510 1397 1530 1307 1374 1073 1256 591 323 795 805 4171 4171 4171 4171 
1496 1514 1456 1622 1309 1376 1074 1260 603 322 800 805 4172 4172 4172 4172 
1506 1507 1500 1579 1309 1374 1072 1258 604 323 797 816 4171 4171 4171 4171 
1550 1490 1431 1572 1306 1374 1073 1258 594 322 794 804 4171 4171 4171 4171 
1479 1531 1537 1809 1306 1375 1074 1259 598 322 807 804 4171 4171 4171 4171 
1553 1536 1405 1578 1314 1375 1074 1260 600 322 798 807 4171 4171 4171 4171 
1457 1573 1415 1604 1313 1374 1071 1258 614 323 807 807 4171 4171 4171 4171 
1487 1582 1442 1515 1309 1374 1074 1261 605 323 798 815 4172 4172 4172 4172 
1504 1626 1538 1763 1309 1375 1073 1261 606 322 800 806 4172 4172 4172 4172 
2365 1534 1396 1575 1309 1374 1074 1258 2883 322 813 810 4173 4173 4173 4173 
1538 1546 1517 1682 1310 1375 1078 1259 601 323 788 803 4174 4174 4174 4174 
1522 1493 1377 1555 1318 1377 1073 1260 594 322 796 810 4172 4172 4172 4172 
1593 1607 1507 1636 1306 1377 1087 1259 596 322 789 809 4172 4172 333 4171 
1615 1498 1461 1687 1298 1376 1074 1260 596 323 812 806 4172 4172 4171 4171 
1491 1513 1405 1595 1309 1377 1073 1259 603 323 813 808 4173 4173 4173 4173 
1556 1671 1984 2302 1308 1374 1073 1258 610 323 794 801 4173 4173 4173 4173 
1485 1587 1609 1885 1308 1375 1074 1259 612 323 795 802 4173 4173 4173 4173 
1482 1537 1790 2189 1312 1379 1096 1261 603 322 787 791 4172 4172 278 4172 
1522 1436 1417 1671 1311 1376 1073 1258 587 322 792 789 4172 4172 4172 4172 
1569 1524 1524 1662 1307 1375 1072 1258 596 322 810 808 4173 4173 4173 4173 
1500 1394 1423 1543 1307 1375 1074 1259 587 322 783 791 4172 4172 4172 4172 
1469 1583 1422 1558 1313 1376 1073 1260 615 323 804 822 4172 4172 4172 4172 
1729 1571 1529 1749 1307 1375 1073 1260 596 323 799 807 4172 4172 4172 4172 
1568 1508 1668 1941 1309 1375 1073 1259 600 322 799 798 4173 4173 4173 4173 
1490 1544 1387 1579 1309 1376 1075 1260 602 322 804 809 4172 4172 4172 4172 
1556 1576 1805 1984 1309 1373 1073 1257 1261 322 797 815 4172 4172 4172 4172 
1526 1503 1548 1746 1309 1373 1074 1259 601 323 810 804 4171 4171 4171 4171 
1475 1509 1552 1748 1311 1376 1073 1260 608 323 798 806 4172 4172 4172 4172 
1541 1525 1395 1585 1306 1374 1074 1259 604 322 816 812 4172 4172 4172 4172 
1855 1516 1446 1520 1308 1374 1070 1256 1605 322 789 818 4171 4171 4171 4171 
1520 1513 1364 1602 1306 1376 1074 1257 604 323 820 809 4172 4172 4172 4172 
1476 1745 1968 2302 1310 1375 1074 1261 616 323 817 805 4172 4172 4172 4172 
1581 1514 1430 1661 1308 1375 1074 1258 601 322 811 806 4172 4172 4172 4172 
1526 1535 1395 1617 1308 1375 1071 1260 597 322 796 809 4172 4172 4171 4171 
1533 1564 1398 1541 1304 1375 1074 1260 599 323 797 814 4173 4173 4173 4173 
1538 1490 1403 1596 1306 1374 1071 1258 600 322 810 800 4173 4173 4173 4173 
1539 1502 1498 1590 1304 1376 1074 1260 602 323 799 809 4172 4172 4172 4172 
1515 1506 1420 1614 1310 1377 1074 1259 602 323 792 801 4172 4172 4172 4172 
1466 1450 1470 1600 1309 1377 1074 1260 602 323 793 801 4173 4173 4172 4172 
1462 1554 1496 1587 1307 1376 1073 1260 609 322 794 811 4172 4172 4172 4172 
1489 1559 1479 1605 1307 1375 1073 1259 614 322 812 806 4171 4171 4171 4171 
1607 1787 1972 2311 1307 1374 1071 1258 605 322 810 804 4172 4172 4172 4172 
1489 1521 1506 1662 1308 1374 1073 1259 601 322 790 812 4173 4173 4173 4172 
1627 1890 1678 2014 1308 1374 1074 1260 608 322 813 813 4172 4172 4172 4172 
1570 1532 1458 1569 1306 1375 1072 1266 599 323 791 813 4173 4173 4173 4173 
1588 1544 1364 1573 1310 1377 1075 1270 594 322 798 805 4172 4172 4172 4172 
1500 1591 1419 1564 1309 1375 1074 1260 607 323 807 817 4173 4173 4173 4173 
1484 1472 1476 1720 1309 1375 1074 1260 604 323 794 800 4172 4172 4172 4172 
1563 1548 1687 1836 1305 1374 1073 1257 599 322 790 805 4173 4173 4173 4173 
1553 1586 1388 1569 1307 1376 1072 1257 599 322 818 810 4172 4172 4172 4172 
1540 1547 1438 1622 1310 1374 1071 1258 602 322 801 807 4173 4173 4173 4173 
1474 1510 1852 2247 1307 1373 1071 1260 605 322 802 798 4173 4173 4173 4173 
1474 1516 1567 1707 1305 1374 1073 1260 608 323 792 803 4173 4173 4173 4173 
1519 1486 1438 1563 1306 1374 1092 1256 600 323 792 811 4172 4172 239 4172 
1533 1690 1728 1861 1308 1374 1071 1257 613 322 809 808 4173 4173 4173 4173 
1516 1529 1481 1627 1308 1375 1082 1260 604 322 795 806 4173 4173 4173 4173 
1575 1500 1433 1582 1308 1378 1075 1260 600 322 793 807 4172 4172 4172 4172 
1537 1564 1428 1542 1314 1374 1075 1259 599 322 793 809 4172 4172 4172 4172 
1576 1535 1388 1583 1309 1374 1074 1261 600 323 825 810 4172 4172 4172 4172 
1493 1538 2055 2573 1315 1375 1073 1260 608 322 783 796 4171 4171 4171 4171 
1492 1535 1426 1567 1308 1376 1073 1265 608 323 819 808 4172 4172 4172 4172 
1530 1499 1434 1548 1300 1375 1074 1261 600 323 812 803 4171 4171 4171 4171 
1581 1532 1481 1635 1308 1375 1071 1258 600 323 798 815 4173 4173 4173 4173 
1570 1319 1436 1531 1312 1374 1073 1260 599 322 793 812 4171 4171 4171 4171 
1481 1634 1650 1776 1309 1376 1074 1259 614 323 806 811 4173 4173 4173 4173 
1461 1678 1516 1670 1308 1375 1072 1259 622 322 815 816 4173 4173 4173 4173 
5738 1522 1727 1821 1308 1375 1074 1260 591 322 790 807 4172 4172 4172 4172 
1561 1504 1649 1806 1308 1374 1071 1259 591 322 782 802 4172 4172 4172 4172 
1489 1505 1420 1605 1310 1374 1078 1258 596 323 815 800 4172 4172 4172 4172 
1481 1513 1567 1713 1308 1374 1072 1261 607 322 808 808 4173 4173 4173 4173 
1458 1524 1411 1548 1307 1375 1089 1258 619 323 809 806 4172 4172 289 4172 
1496 1542 1439 1682 1305 1373 1070 1261 604 323 818 807 4173 4173 4173 4173 
1504 1532 1418 1611 1308 1374 1071 1258 605 322 797 803 4172 4172 4172 4172 
1499 1581 1938 2253 1324 1375 1072 1260 601 323 801 796 711 4172 4172 4172 
1531 1523 1483 1602 1310 1375 1073 1260 602 323 800 805 4173 4173 4173 4173 
1428 1716 1418 1632 1311 1373 1071 1259 636 316 814 805 4172 4172 4172 4172 
1571 1551 1501 1588 1309 1375 1075 1259 598 323 810 804 4172 4172 4172 4172 
1469 1517 1451 1642 1303 1376 1073 1258 605 323 815 802 4172 4172 4172 4172 
1521 1553 1623 1930 1314 1376 1071 1260 601 322 806 803 4172 4172 4172 4172 
1444 1517 1527 1660 1309 1375 1072 1260 610 322 795 810 4174 4174 4174 4174 
1525 1495 1419 1617 1315 1375 1073 1260 603 322 810 808 4173 4173 4173 4173 
1592 1782 1419 1653 1301 1375 1072 1259 605 323 814 820 4172 4172 4172 4172 
1584 1519 1431 1556 1314 1372 1072 1259 599 322 802 814 4172 4172 4172 4172 
1529 1601 1410 1633 1308 1374 1073 1258 600 322 802 809 4173 4173 4173 4173 
1536 1583 2023 2238 1309 1374 1079 1262 606 322 798 801 4172 4172 0 4172 
1538 1851 1910 2246 1307 1375 1074 1259 615 322 802 811 4172 4172 4172 4172 
1565 1566 1488 1719 1308 1375 1074 1260 601 322 797 806 4171 4171 4171 4171 
1530 1517 1495 1638 1300 1374 1073 1257 599 322 796 794 4172 4172 4172 4172 
1557 1530 1381 1569 1308 1374 1072 1258 603 322 818 806 4172 4172 4172 4172 
1523 1505 1446 1604 1307 1376 1073 1265 593 322 795 799 4171 4171 4171 4171 
1782 1495 2022 2310 1300 1372 1087 1253 1611 322 792 792 4173 4173 287 4173 
1450 1503 1428 1590 1306 1378 1074 1261 636 236 721 711 4172 4172 4172 4172 
1528 1516 1978 2278 1310 1376 1074 1261 602 322 786 799 4172 4172 4172 4172 
1571 1621 1473 1598 1315 1375 1074 1261 602 322 816 813 4173 4173 4173 4173 
1546 1621 1811 2069 1307 1376 1073 1259 601 322 793 804 4172 4172 4172 4172 
1660 1485 1421 1585 1308 1375 1074 1261 594 322 801 803 4173 4173 4173 4173 
1508 1579 1535 1613 1308 1375 1073 1260 604 323 805 811 4172 4172 4172 4172 
1611 1421 1924 2274 1311 1376 1073 1260 587 322 793 791 4173 4173 4172 4172 
1537 1509 1423 1562 1307 1375 1075 1260 599 322 795 804 4172 4172 4172 4172 
1493 1655 1446 1578 1309 1377 1075 1259 614 322 816 813 4173 4173 4173 4173 
1525 1479 1611 1860 1315 1376 1075 1260 599 322 808 798 4172 4172 4172 4172 
1501 1519 1614 1783 1309 1375 1072 1260 608 323 795 801 4173 4173 4173 4173 
1557 1720 1515 1738 1308 1377 1071 1259 607 322 813 809 4172 4172 4172 4172 
1573 1565 2063 2158 1310 1375 1072 1261 603 322 797 800 4173 4173 4173 4173 
1492 1607 1540 1722 1308 1375 1074 1259 611 322 793 806 4173 4173 4173 4173 
1558 1553 1787 2221 1307 1376 1072 1259 608 322 791 798 4171 4171 4171 4171 
1567 1515 1493 1581 1307 1374 1074 1258 598 322 796 806 4173 4173 4173 4173 
1536 1490 1575 1764 1308 1808 1073 1274 601 322 788 797 4173 646 4173 454 
1509 1419 1465 1649 1311 1378 1077 1261 585 322 799 785 4172 4172 4172 4172 
1579 1581 1454 1599 1307 1376 1073 1261 606 322 819 811 4172 4172 4172 4172 
1512 1498 1442 1550 1303 1374 1073 1259 594 322 809 808 4172 4172 4172 4172 
1541 1518 1726 1894 1309 1375 1073 1269 598 322 803 800 4172 4172 4172 506 
1519 1523 1502 1726 1310 1377 1074 1258 599 322 797 804 4173 4173 4173 4173 
1552 1557 1426 1583 1308 1376 1073 1260 603 322 802 815 4173 4173 4173 4173 
1623 1542 1607 1831 1308 1374 1072 1259 599 323 809 805 4172 4172 4172 4172 
1589 1534 1610 1894 1310 1376 1074 1261 597 322 805 798 4172 4172 4172 4172 
1452 1521 1449 1605 1315 1375 1071 1261 600 322 806 802 4173 4173 4173 4173 
1528 1538 1610 1698 1306 1375 1075 1259 603 322 785 807 4173 4173 4173 4173 
1496 1577 1461 1530 1308 1377 1073 1261 609 320 811 808 4168 4168 4168 4168 
1570 1519 1743 1928 1305 1374 1073 1258 595 322 788 800 4173 4173 4173 4173 
1786 1562 1825 2012 1305 1372 1071 1256 1614 322 784 807 4174 4174 4174 4174 
1535 1519 1449 1583 1308 1375 1071 1259 602 322 800 815 4172 4172 4172 4172 
1491 1702 1480 1578 1306 1374 1074 1257 608 322 805 820 4172 4172 4172 4172 
1502 3725 1491 1730 1307 1374 1071 1259 629 1012 832 832 4172 4172 4172 4172 
1451 1506 1406 1574 1307 1375 1073 1258 609 322 797 800 4172 4172 4172 4172 
1490 1518 1422 1549 1309 1374 1073 1258 614 323 817 810 4173 4173 4173 4173 
5072 1479 1615 1798 1306 1372 1071 1256 2418 322 791 796 4172 4172 4172 4172 
1581 1724 1427 1637 1313 1374 1072 1259 607 322 823 811 4171 4171 4171 4171 
1517 1760 1644 1885 1308 1388 1074 1260 610 322 801 812 4173 709 4173 4173 
1513 1641 1415 1631 1309 1376 1071 1260 608 322 823 804 4172 4172 4172 4172 
1669 1719 1862 2093 1311 1373 1073 1259 604 322 808 807 4172 4172 4172 4172 
1481 1543 1423 1572 1308 1374 1071 1256 610 323 798 806 4172 4172 4171 4171 
1504 1791 1631 1859 1310 1376 1074 1259 611 322 805 809 4172 4172 4172 4172 
1653 1498 1739 1981 1307 1375 1074 1259 593 323 788 798 4173 4173 4173 4173 
1649 1500 1414 1556 1308 1376 1075 1259 594 322 799 813 4173 4173 4173 4173 
1604 1534 1216 1301 1310 1375 1075 1260 621 322 4172 4172 4172 4172 4172 4172 
1489 1536 1444 1535 1306 1374 1073 1259 606 323 803 807 4173 4173 4173 4173 
1749 1488 1939 2174 1307 1376 1096 1256 595 322 778 791 4172 4172 365 4172 
1553 1782 1844 2254 1312 1375 1073 1260 611 322 797 805 4171 4171 4171 4171 
1501 1604 1439 1676 1308 1375 1072 1259 606 322 797 805 4173 4173 4173 4173 
1518 1485 1927 2129 1304 1374 1072 1261 595 322 774 795 4173 4173 4173 4173 
1504 1498 1452 1613 1309 1376 1073 1260 597 322 795 799 4172 4172 4172 4172 
1656 1478 1995 2331 1316 1375 1074 1261 595 322 800 795 4173 4173 4173 4173 
1609 1554 1487 1631 1304 1375 1073 1259 597 322 793 803 4173 4173 4173 4173 
1553 1642 1567 1831 1306 1374 1074 1259 601 323 797 808 4172 4172 4172 4172 
1469 1511 1395 1525 1305 1373 1071 1259 608 323 818 813 4172 4172 4172 4172 
1509 1616 1479 1586 1299 1374 1073 1258 608 322 797 818 4173 4173 4173 4173 
1500 1743 1465 1567 1306 1377 1074 1261 612 322 806 820 4173 4173 4173 4173 
1480 2099 1485 1597 1310 1374 1073 1259 623 322 827 825 4173 4173 4173 4173 
1506 1560 1471 1618 1303 1375 1072 1260 603 322 804 806 4172 4172 4172 4172 
1517 1508 1456 1519 1308 1376 1074 1261 601 322 809 809 4172 4172 4172 4172 
1486 1560 1416 1630 1305 1375 1074 1258 608 322 800 812 4172 4172 4172 4172 
1579 1530 1402 1597 1315 1378 1075 1261 601 323 807 811 4173 4173 4173 4173 
1596 1606 1404 1625 1312 1375 1074 1260 602 322 809 809 4171 4171 4171 4171 
1613 1509 1428 1549 1306 1373 1102 1257 532 324 812 808 4173 4173 221 4173 
1530 1775 1428 1565 1308 1377 1074 1261 615 322 821 828 4172 4172 4172 4172 
1452 1510 1479 1591 1308 1375 1073 1260 603 323 788 808 4171 4171 4171 4171 
1503 1445 1711 1932 1310 1375 1207 1255 597 323 782 787 4173 4173 199 4173 
1589 1585 1774 1993 1309 1374 1073 1258 596 323 785 801 4172 4172 4172 4172 
1516 1510 1430 1579 1319 1377 1076 1262 597 322 790 803 4172 4172 4172 4172 
1554 1532 1383 1575 1309 1376 1071 1261 597 323 805 812 4172 4172 4172 4172 
1658 1549 1409 1611 1313 1374 1074 1260 597 323 798 805 4172 4172 4172 4172 
1533 1530 1481 1602 1304 1374 1073 1257 596 323 799 805 4172 4172 4171 4171 
1483 1526 1374 1546 1306 1374 1073 1258 605 322 810 817 4173 4173 4173 4173 
1532 1952 1441 1607 1305 1375 1074 1260 612 322 813 827 4173 4173 4173 4173 
1510 1497 1448 1647 1307 1374 1074 1260 598 322 812 805 4173 4173 4173 4173 
1515 1642 1473 1698 1309 1380 1071 1258 611 322 815 810 4173 4173 4173 4173 
1561 1525 1423 1578 1314 1377 1075 1261 597 322 809 810 4172 4172 4172 4172 
