1546 1504 1457 1555 1389 1426 1097 1260 595 323 1130 814 702 682 249 4171 
1587 1535 1703 1927 1423 1393 1167 1278 605 324 1135 801 702 742 226 463 
1524 2095 1934 2123 1378 1400 1183 1285 626 324 1156 826 726 779 264 437 
1645 1587 1489 1611 1412 1383 1113 1295 605 324 1146 816 704 4171 239 424 
1538 1527 1499 1644 1363 1391 1086 1311 601 324 1142 819 703 4171 276 415 
1497 1986 2159 2317 1439 1409 1222 1270 628 324 1141 809 719 702 246 542 
1483 1490 1482 1575 1393 1381 1100 1258 608 324 1121 813 694 4171 231 4171 
1565 1470 1643 1902 1371 1383 1079 1276 598 324 1138 801 701 4171 4171 435 
1511 1522 2059 2458 4318 1481 1166 1276 603 324 1131 792 679 1800 232 459 
1602 1533 1563 1758 1395 1390 1075 1268 594 324 1135 812 698 703 4170 4170 
1491 1524 1488 1647 1390 1390 1112 1256 601 324 1125 821 699 714 243 4171 
1569 1486 1663 1781 1433 1388 1143 1272 598 324 1132 797 695 725 232 442 
1500 1547 1535 1726 1356 1379 1153 1274 620 324 1142 817 711 4170 231 457 
1606 1605 1408 1506 1351 1385 1115 1286 603 324 1146 817 716 4170 247 454 
1547 1498 1581 1767 1382 1418 1140 1259 604 324 1120 804 702 683 237 4171 
1556 1518 1503 1608 1369 1420 1100 1270 604 324 1144 815 711 693 265 430 
1552 1530 1740 1903 1347 1379 1147 1277 608 324 1134 812 713 4171 252 480 
1492 1510 1466 1546 1371 1379 1117 1274 604 324 1144 818 708 4170 252 426 
1478 1579 1392 1559 1414 1375 1075 1287 611 324 1151 822 706 4170 4170 422 
1479 1535 1418 1490 1333 1401 1083 1258 604 324 1138 823 717 691 4171 4171 
1497 1517 1478 1564 1333 1404 1128 1281 605 324 1144 815 713 683 223 423 
1530 1524 1711 1954 1551 1393 1074 1275 600 323 1136 809 693 696 4170 447 
1544 1521 1586 1741 1386 1388 1078 1275 599 324 1138 805 707 4171 4171 455 
1548 1664 1435 1595 1399 1403 1083 1279 608 324 1153 821 708 708 4170 438 
1587 1535 1819 1913 1375 1380 1157 1260 603 324 1118 813 710 4170 234 4170 
1558 1518 1438 1572 1323 1385 1100 1276 600 324 1146 817 754 715 251 878 
1469 1593 1414 1532 1404 1387 1084 1274 623 323 1159 821 704 716 4171 454 
1494 1528 1445 1525 1343 1376 1075 1260 612 323 1131 828 714 4170 4170 4170 
1537 1361 2856 3499 1386 1450 1199 1284 594 324 1115 785 697 667 220 430 
1614 1513 1483 1598 1364 1386 1103 1273 599 324 1142 811 708 4171 247 444 
1502 1506 1557 1676 1353 1399 1143 1277 605 325 1140 813 708 706 230 459 
1530 1535 1556 1711 1354 1379 1075 1282 603 324 1145 810 718 4170 4170 445 
1560 1502 1921 2168 3132 1376 1098 1270 603 324 1133 806 1875 727 240 456 
1561 1494 1433 1518 1372 1403 1076 1268 597 324 1141 812 707 677 4169 4169 
1526 1500 1603 1730 1685 1384 1106 1257 597 324 1122 808 688 726 236 4171 
1518 1544 1725 1909 1385 1407 1072 1258 606 324 1124 807 700 711 4170 4170 
1506 1509 2319 2686 2763 1398 1178 1302 606 324 1128 800 689 695 232 442 
1510 1620 1665 1802 1433 1450 1142 1298 610 324 1147 809 708 688 242 429 
1481 1458 1435 1588 1343 1413 1116 1259 602 324 1126 808 711 679 230 4170 
1514 1551 1453 1616 1380 1378 1114 1288 604 324 1147 819 708 4170 249 425 
1835 1517 1534 1672 1918 1395 1111 1275 1600 324 1119 811 687 727 247 443 
1496 1402 1916 2079 1351 1382 1113 1259 589 323 1105 778 696 4170 221 4170 
1482 1487 1655 1839 1363 1396 1109 1271 608 324 1136 811 710 687 236 4170 
1499 1509 1466 1598 1334 1400 1154 1259 602 324 1134 814 717 694 232 4169 
1540 1480 1775 1994 1397 1386 1128 1261 600 323 1110 789 703 4170 226 4170 
1517 1513 1470 1567 1372 1402 1095 1285 608 324 1145 814 702 708 245 429 
1813 1523 2385 2588 1406 1422 1136 1391 1603 324 1107 802 710 684 240 401 
1482 1618 2240 2741 1345 1396 1098 1291 623 324 1140 803 713 700 263 442 
1446 1549 1743 1758 1357 1399 1119 1358 609 324 1127 813 708 704 240 396 
1634 1515 1404 1516 1407 1380 1080 1274 597 324 1150 815 697 4169 4169 438 
1710 1737 1953 2166 1372 1459 1101 1260 1624 324 1114 807 715 680 275 4169 
1508 1487 1487 1589 1411 1378 1145 1261 602 324 1132 819 695 4170 221 4170 
1498 1472 1595 1723 1349 1437 1109 1261 597 324 1116 808 703 673 248 4170 
1470 1841 1476 1599 1330 1393 1074 1263 623 323 1143 828 744 696 4170 4170 
1613 1524 1437 1586 1381 1400 1098 1276 598 324 1143 814 705 690 252 436 
1517 1526 1407 1523 1396 1390 1089 1271 605 324 1150 815 702 762 256 446 
1511 1556 1423 1486 1369 1420 1093 1270 602 323 1150 823 713 691 249 434 
1529 1503 1439 1607 1406 1380 1075 1263 597 324 1127 805 697 4170 4170 4170 
1503 1542 1853 2191 1434 1527 1178 1329 608 323 1135 803 706 1808 227 412 
1477 1711 2364 2705 1350 1375 1093 1278 619 324 1147 804 727 4169 265 466 
1543 1607 1487 1827 1383 1389 1079 1269 606 323 1150 810 712 701 4170 4170 
1598 1539 1441 1615 1388 1416 1106 1258 600 323 1126 813 706 697 232 4169 
1541 1507 1470 1615 1365 1391 1094 1270 601 324 1142 813 708 723 252 452 
1505 1535 1742 2085 1409 1391 1109 1262 602 324 1124 803 697 702 261 4169 
1492 1542 1630 1739 1428 1376 1077 1282 606 324 1143 820 701 4170 4170 429 
1461 1532 1457 1557 1363 1389 1110 1264 608 324 1144 822 704 729 239 4169 
1581 1573 1505 1583 1420 1401 1094 1271 605 324 1144 820 704 705 253 446 
1562 1595 1952 2102 1356 1407 1111 1271 602 324 1130 806 711 682 247 492 
1518 1590 2106 2361 1410 1399 1150 1286 607 324 1140 806 712 704 242 446 
1453 1623 1418 1572 1400 1407 1098 1260 618 324 1139 821 704 694 254 4171 
1490 1570 1608 1716 1378 1396 1075 1279 614 324 1142 814 706 694 4169 454 
1536 1509 1399 1551 1395 1398 1123 1263 601 324 1131 818 702 700 231 4169 
1508 1501 2044 2349 1355 1378 1130 1276 600 324 1145 796 709 4169 241 429 
1530 1559 1458 1567 1447 1425 1234 1326 606 324 1142 821 703 694 223 431 
1615 1477 1445 1562 1375 1409 1117 1333 600 324 1143 821 700 718 249 407 
1488 1583 1456 1575 1414 1401 1090 1281 610 324 1230 816 702 689 391 440 
1572 1506 1616 1727 1399 1384 1114 1279 599 323 1134 807 703 4169 234 428 
1493 1514 1412 1677 1353 1399 1128 1259 602 324 1132 810 710 688 244 4169 
1476 1508 1613 1726 1388 1391 1126 1280 608 324 1141 808 705 704 238 430 
1583 1497 1429 1582 1358 1388 1107 1282 606 324 1164 809 713 4169 234 430 
1489 1521 1419 1547 1356 1396 1140 1278 602 324 1144 817 713 689 248 431 
1516 1514 1618 1687 1333 1377 1108 1302 608 324 1136 816 732 4169 252 411 
1562 1518 1407 1515 1406 1414 1101 1258 600 324 1150 821 697 694 246 4170 
1475 1575 1539 1770 1407 1406 1096 1266 612 324 1145 818 706 684 252 4169 
1588 1557 1872 2215 1318 1377 1075 1268 598 324 1126 806 4169 4169 4169 4169 
1551 1646 1380 1534 1359 1383 1110 1263 610 324 1143 825 729 4170 243 4170 
1469 1512 1683 1836 1353 1448 1141 1300 606 324 1145 802 706 684 225 424 
1526 1580 1700 1861 1390 1450 1206 1280 607 324 1142 806 711 676 237 432 
1487 1646 1919 2282 6068 1416 1103 1306 615 323 1142 791 2925 1799 251 438 
1595 1540 1473 1543 1340 1457 1108 1281 599 323 1144 820 713 671 255 438 
1739 1504 2482 2740 1729 1375 1071 1258 1616 323 1087 800 690 4171 4171 4171 
1507 1669 1407 1578 1342 1378 1098 1287 614 323 1158 824 724 4170 254 434 
1431 1487 1616 1839 1333 1384 1121 1272 635 323 1135 804 732 4170 224 438 
1526 1609 1469 1556 1336 1379 1127 1278 610 324 1160 826 731 4170 236 466 
1521 1559 1453 1538 1379 1397 1083 1280 601 323 1163 817 701 699 4170 449 
1637 1621 1418 1541 1348 1388 1092 1260 601 324 1142 824 709 733 256 4170 
1543 1549 1642 1798 1406 1390 1106 1274 604 324 1157 812 704 702 254 427 
1496 1511 1746 1914 1376 1384 1156 1265 611 324 1119 808 703 4170 239 4170 
1520 1495 1415 1545 1407 1377 1101 1282 595 324 1161 821 696 4169 239 430 
1532 1543 1479 1578 1391 1379 1094 1289 608 324 1158 812 704 4169 256 435 
1505 1489 1465 1596 1369 1390 1132 1268 590 324 1124 805 699 687 240 4170 
1502 1519 1565 1838 1657 1389 1093 1266 605 324 1122 807 691 701 246 4170 
1544 1501 1647 1718 1343 1390 1105 1279 606 324 1139 810 713 692 241 427 
1488 1520 1414 1519 1327 1397 1151 1275 607 324 1143 814 737 693 229 440 
1573 1509 1503 1631 1369 1401 1106 1260 597 323 1123 812 704 687 241 4170 
1500 1507 1459 1506 1375 1377 1120 1280 606 324 1137 811 702 4170 243 435 
1490 1753 1399 1535 1402 1421 1081 1275 621 324 1166 824 715 691 4170 498 
1548 1519 1431 1528 1334 1393 1141 1259 597 324 1129 823 712 698 243 4170 
1578 1486 1520 1674 1383 1489 1105 1277 594 324 1139 810 700 705 232 468 
1489 1473 1450 1577 1334 1380 1148 1257 623 324 1133 817 724 4171 230 4171 
1510 1474 1487 1604 1413 1417 1190 1272 601 324 1137 805 698 696 225 431 
1490 1549 1457 1519 1355 1399 1076 1271 601 324 1154 826 725 716 4170 485 
1521 1511 1436 1513 1344 1394 1126 1271 607 325 1154 809 720 700 233 449 
1592 1513 1431 1556 1350 1387 1116 1263 601 324 1130 814 705 4170 231 4170 
1602 1487 1883 2154 1403 1414 1135 1274 594 323 1144 798 703 681 232 452 
1542 1588 1938 2103 1387 1384 1131 1259 602 324 1120 808 708 4170 236 4170 
1499 1500 1529 1647 1330 1393 1097 1270 602 324 1134 818 729 684 242 459 
1471 1495 1482 1543 1342 1421 1078 1258 605 324 1126 819 710 676 4169 4169 
1610 1494 1395 1489 1376 1402 1147 1280 601 324 1141 814 701 687 238 449 
1518 1499 1617 1791 1395 1388 1105 1269 607 324 1137 808 702 692 251 436 
1536 1479 1430 1581 1351 1376 1122 1278 602 324 1156 815 706 4168 233 457 
1488 1512 1708 1745 1352 1386 1117 1269 615 324 1134 809 708 4169 230 467 
1552 2313 1838 2167 1349 1414 1110 1287 618 324 1160 826 751 711 281 438 
1471 1502 1488 1634 1387 1377 1076 1273 605 324 1140 815 699 4170 4170 442 
1555 1623 1982 2215 1479 1427 1170 1291 611 323 1154 812 706 689 236 434 
1528 1492 1789 1908 1318 1375 1072 1260 598 324 1126 807 4170 4170 4169 4169 
1493 1642 1524 1568 1373 1382 1088 1270 607 324 1166 821 714 4169 276 444 
1508 1502 1778 2093 1358 1402 1114 1287 606 324 1135 799 711 702 251 435 
1480 2007 1641 1911 1415 1376 1231 1314 623 323 1164 822 719 4170 235 439 
1554 1540 1436 1557 1379 1405 1099 1271 606 323 1144 819 710 690 237 446 
1541 1472 1700 1879 1496 1421 1148 1290 600 324 1134 800 691 683 257 418 
1530 1465 1437 1616 1324 1401 1079 1258 589 324 1138 804 721 683 4170 4170 
1536 1470 1770 1909 1320 1375 1071 1258 595 324 1133 803 4170 4170 4170 4170 
1526 1542 1505 1646 1379 1393 1091 1260 598 324 1154 819 703 687 307 4169 
1481 1718 1524 1629 2077 1402 1098 1259 622 324 1141 823 695 710 261 4170 
1538 1530 1409 1524 1339 1386 1177 1284 604 324 1144 819 724 4170 228 432 
1553 1518 1420 1493 1377 1406 1108 1269 601 324 1151 810 700 232 232 436 
1510 1623 1514 1704 1419 1378 1075 1297 605 324 1151 818 702 4171 4171 463 
1480 2050 1924 2246 1396 1486 1109 1262 623 324 1142 817 722 708 277 4169 
1556 1494 1430 1554 1350 1402 1097 1283 607 324 1145 808 711 695 237 429 
1689 2191 2442 2695 1436 1420 1269 1326 614 324 1155 817 716 707 236 442 
1568 1491 1370 1516 1453 1380 1086 1284 596 324 1147 815 714 4169 4169 433 
1548 1583 1379 1498 1416 1408 1102 1286 601 324 1173 823 702 697 257 441 
1516 1493 1398 1503 1365 1417 1071 1263 602 324 1151 815 706 680 4170 4170 
1572 1525 1402 1502 1354 1379 1096 1272 602 324 1150 821 709 4170 261 440 
1510 1496 1503 1724 1376 1380 1149 1274 604 324 1137 808 705 4171 233 442 
1516 1550 1406 1515 1346 1387 1099 1260 606 324 1150 818 706 729 256 4170 
1629 1531 1871 2139 2143 1387 1108 1280 598 324 1147 805 685 718 255 463 
1533 1711 1388 1527 1343 1378 1170 1278 611 324 1145 823 730 4171 234 458 
1665 1503 1538 1670 1385 1392 1124 1264 593 324 1132 806 699 719 224 4169 
1571 2031 1881 2098 1347 1388 1100 1259 617 324 1139 816 730 733 263 4170 
1544 1591 1579 1706 1346 1396 1082 1259 609 324 1133 816 720 692 4170 4170 
1521 1535 1431 1558 1427 1375 1202 1270 605 324 1140 812 698 4171 227 4171 
1515 1542 1451 1521 1378 1410 1128 1271 607 324 1153 823 708 707 236 476 
1476 1396 2097 2305 1439 1417 1145 1295 591 324 1135 791 693 666 219 423 
1668 1511 2772 3239 1397 1397 1370 1326 597 324 1131 794 705 680 216 418 
1524 1471 1436 1618 1367 1423 1104 1263 597 324 1118 808 699 669 245 4170 
1519 1642 1490 1639 1357 1376 1104 1274 611 323 1148 820 713 4170 256 443 
1520 1529 1522 1657 1345 1402 1087 1276 602 323 1145 814 714 681 275 422 
1548 1518 1488 1633 1397 1378 1123 1268 596 323 1124 811 696 4170 246 4170 
1523 1575 1905 2110 1396 1434 1110 1297 611 324 1154 811 712 676 249 430 
1498 1522 1940 2170 1394 1466 1140 1291 606 324 1142 807 709 675 232 434 
1628 1527 1408 1557 1386 1392 1083 1267 596 324 1148 816 699 698 4169 4169 
1530 1518 1459 1571 1348 1385 1125 1290 598 323 1134 813 706 4170 251 426 
1497 1482 1773 1849 1348 1377 1083 1283 603 323 1147 807 713 4169 4169 434 
1532 1810 1996 2185 1468 1385 1162 1302 616 324 1141 818 709 4170 240 427 
1450 1583 1740 1776 1351 1404 1120 1274 618 324 1148 819 716 708 244 442 
1522 1711 1848 2055 1306 1374 1073 1260 608 324 1144 812 4169 4169 4169 4169 
1520 1519 1403 1526 1390 1390 1088 1311 602 325 1154 818 710 738 266 427 
1557 1497 1503 1653 1371 1403 1085 1271 602 324 1149 810 700 686 4169 4169 
1546 1541 1643 1737 1466 1386 1174 1274 604 324 1142 819 703 4169 234 446 
1555 1511 1420 1575 1351 1382 1096 1258 607 324 1154 821 706 4170 261 4170 
1545 1518 1407 1639 1381 1383 1092 1298 601 324 1152 811 703 4170 272 432 
1518 1435 1561 1735 1336 1384 1148 1258 593 324 1104 790 714 4170 227 4170 
1568 1517 1419 1455 1398 1376 1078 1327 599 324 1156 818 699 4170 4170 432 
1459 1565 1637 1807 4142 1435 1087 1260 620 324 1151 813 1877 1878 298 467 
1689 1645 1606 1819 1447 1385 1137 1283 607 324 1146 821 703 4170 266 441 
1645 1519 1521 1633 1356 1442 1164 1274 588 324 1135 810 712 673 237 426 
1538 1507 1371 1532 1412 1396 1144 1258 599 323 1142 807 697 697 239 4170 
1571 1553 1437 1508 1454 1427 1078 1281 601 323 1167 821 701 685 4168 496 
1604 2056 1857 2162 1439 1375 1087 1281 618 324 1159 818 712 4169 282 443 
1477 1822 2832 3190 1891 1403 1086 1260 612 324 1148 808 702 699 309 4170 
1522 1576 1448 1547 1395 1427 1089 1268 605 324 1136 819 704 686 262 4170 
1616 1508 1630 1847 4468 1418 1108 1268 598 323 1141 803 677 1884 241 453 
1546 1500 1424 1589 1444 1402 1108 1266 605 323 1145 816 699 715 235 4169 
1492 1615 1444 1578 1402 1404 1093 1265 611 323 1154 820 711 710 272 4170 
1534 1551 1403 1508 1377 1417 1139 1274 608 324 1163 821 708 690 232 452 
1542 1487 1425 1524 1383 1383 1074 1266 603 324 1143 810 698 4170 4170 4170 
1486 1502 1405 1485 1362 1394 1071 1260 604 324 1153 822 704 700 4169 4169 
1500 1521 2159 2406 3541 1377 1081 1266 601 324 1157 796 3061 722 297 474 
1554 1965 1700 1828 1362 1388 1095 1259 619 324 1156 820 720 730 279 4170 
1508 1706 1804 2018 6204 1404 1074 1273 618 324 1158 819 4170 1798 305 463 
1606 1599 1464 1591 1377 1405 1074 1272 603 323 1148 822 708 693 4170 488 
1550 1526 1413 1534 1405 1385 1093 1264 596 324 1134 813 699 4170 262 4170 
1638 1507 1438 1594 1365 1388 1086 1270 591 323 1135 811 701 691 4169 4169 
1522 1483 1526 1607 1323 1391 1093 1261 601 323 1136 811 741 702 252 4169 
1521 1546 1579 1738 1369 1377 1102 1259 596 323 1127 807 709 4169 258 4169 
1562 1556 1436 1528 1321 1396 1095 1267 599 324 1151 820 4170 690 276 4170 
1655 1630 1438 1559 1386 1401 1076 1275 604 323 1171 823 710 721 4170 458 
1556 1535 1425 1543 1381 1387 1146 1259 610 324 1136 817 712 700 232 4170 
1488 1766 1607 1828 1377 1375 1081 1259 615 323 1153 814 712 4169 4169 4169 
1633 1523 1543 1765 2077 1376 1075 1263 598 324 1129 813 686 4169 4169 4169 
1489 1639 1490 1611 1357 1409 1089 1267 609 324 1165 820 714 680 331 4170 
1594 1502 1420 1556 1371 1402 1095 1272 598 323 1157 818 707 680 292 464 
1497 1416 1530 1670 1511 1382 1093 1260 606 323 1135 803 684 4168 245 4168 
1633 1571 1702 1824 1429 1478 1215 1293 604 323 1155 815 706 674 226 437 
1515 1613 1703 1796 1377 1397 1131 1278 605 324 1149 813 707 683 244 440 
1539 1822 1702 1783 1376 1392 1075 1280 618 324 1149 819 712 715 4170 450 
1557 1516 1453 1514 1360 1401 1119 1276 598 324 1138 817 711 677 253 441 
1631 1528 1405 1537 1360 1391 1088 1256 603 324 1141 813 719 705 262 4169 
1466 1574 1435 1583 1387 1377 1138 1260 623 324 1150 820 702 4169 241 4169 
1553 1644 1534 1698 1374 1378 1139 1273 612 324 1160 825 716 4170 241 456 
1487 1543 1425 1602 1518 1456 1133 1298 604 324 1155 810 697 673 238 425 
1460 1761 1435 1574 1377 1423 1148 1258 624 323 1154 822 714 696 238 4169 
1529 1529 1470 1537 1410 1432 1103 1286 602 323 1150 814 697 682 248 464 
1536 1529 1516 1719 1394 1400 1100 1259 604 324 1148 810 705 680 285 4170 
1545 1504 1654 1825 1396 1381 1107 1262 604 324 1136 809 704 4168 246 4168 
1480 1550 1382 1495 1351 1439 1124 1268 611 324 1150 819 712 686 241 4170 
1453 1538 1487 1524 1394 1386 1111 1258 605 323 1127 825 705 705 249 4169 
1691 1506 1885 2124 3517 1418 1154 1267 592 323 1144 799 1867 688 235 451 
1474 1502 1407 1538 1380 1393 1093 1258 606 324 1134 815 699 772 258 4169 
1622 1631 2166 2288 1401 1394 1151 1276 604 323 1152 805 709 692 247 431 
1488 1540 1551 1684 1323 1415 1148 1265 609 323 1136 810 761 685 232 4169 
1433 1800 1788 2063 1381 1375 1073 1274 627 323 1164 819 718 4169 4169 496 
1497 1496 1469 1630 1369 1391 1118 1292 603 323 1140 817 707 709 235 429 
1493 1824 1401 1585 1448 1378 1077 1283 616 324 1166 829 708 4170 4170 463 
1611 1758 1639 1748 1395 1387 1097 1282 613 323 1159 823 713 773 243 448 
1548 1478 1823 1946 1430 1410 1130 1282 599 323 1142 803 691 678 238 437 
1532 1522 1434 1559 1354 1379 1101 1260 605 324 1136 813 707 4169 261 4169 
1524 1542 1530 1670 1365 1379 1095 1262 601 323 1138 812 703 4170 244 4170 
1531 1894 1469 1566 1382 1375 1142 1258 615 323 1142 828 716 4170 250 4170 
1520 1608 1439 1535 1365 1407 1074 1266 609 323 1156 819 711 697 4169 4169 
1509 1529 1447 1557 1430 1386 1078 1272 598 323 1141 814 698 713 4170 1919 
1468 1486 1452 1568 1324 1394 1106 1273 606 324 1149 810 725 704 252 439 
1517 1574 1483 1523 1365 1376 1111 1286 606 324 1157 819 711 4170 252 426 
1501 1509 1582 1645 1417 1377 1082 1271 603 323 1127 814 697 4169 4169 4169 
1504 2059 2342 2787 1376 1409 1080 1297 623 324 1164 813 723 715 4169 462 
1450 1507 1533 1636 1408 1422 1118 1293 620 324 1152 817 701 671 230 418 
1513 1672 1213 1298 1308 1376 1074 1258 611 323 4168 4168 4168 4168 4168 4168 
1580 1529 1503 1613 1358 1376 1089 1275 597 323 1148 803 704 4169 249 471 
1468 1541 1439 1589 1451 1398 1085 1274 600 323 1167 815 699 687 4169 444 
1466 1509 1447 1539 1354 1435 1109 1260 616 324 1139 818 704 699 242 4169 
1521 1796 2107 2331 1332 1417 1107 1260 614 323 1131 814 733 698 248 4169 
1513 1358 1680 1869 4494 1381 1102 1259 544 324 1090 740 2947 1843 237 399 
1577 1555 1467 1491 1425 1394 1102 1260 602 323 1129 821 701 707 239 4169 
1521 1502 1427 1511 1354 1375 1079 1269 603 323 1144 816 704 4169 4169 4169 
1537 1535 1959 2160 1439 1427 1147 1297 604 324 1133 803 705 692 226 434 
1642 1587 1483 1592 1335 1386 1099 1259 602 323 1145 819 734 715 242 4169 
1500 1531 1795 2047 1329 1380 1114 1272 610 323 1145 804 725 4169 236 447 
1504 1457 1616 1787 1331 1375 1081 1305 593 323 1129 799 710 4170 4170 418 
1494 2372 1758 2029 1383 1393 1090 1284 633 324 1157 819 721 722 277 445 
1507 1479 1467 1634 1427 1427 1089 1290 596 323 1166 800 695 674 283 436 
1563 1512 1410 1543 1365 1384 1137 1258 601 324 1143 816 712 4169 241 4169 
1548 1583 1469 1572 1389 1392 1127 1290 614 323 1144 821 707 702 246 420 
1496 1530 1439 1560 1362 1390 1161 1272 612 323 1144 817 704 705 235 457 
1541 1526 1608 1717 1374 1377 1106 1275 605 324 1149 813 701 4169 246 433 
1461 1474 1657 1893 1349 1377 1086 1256 611 323 1134 802 718 4168 247 4168 
1553 1526 1538 1714 1369 1375 1089 1281 603 323 1153 813 702 4169 293 461 
1516 1556 1443 1544 1411 1386 1092 1271 610 323 1158 818 702 4169 242 462 
1556 1732 2045 2350 1538 1468 1217 1276 617 324 1157 811 705 681 245 445 
1524 1787 1463 1578 1377 1391 1088 1273 609 323 1191 825 714 713 328 445 
1502 1579 1826 1996 1394 1378 1100 1287 604 324 1134 811 705 4169 247 431 
1507 1559 1413 1498 1387 1387 1086 1270 602 323 1154 822 715 4169 4168 4168 
1500 1490 1427 1623 1392 1398 1135 1281 604 324 1152 808 697 689 241 445 
1554 1922 1916 2243 1358 1382 1088 1280 617 323 1161 818 720 4169 4169 468 
1513 1482 1687 1869 1381 1391 1218 1303 604 324 1133 800 703 4169 222 425 
1748 1499 1469 1631 1415 1375 1115 1276 1609 323 1123 808 695 4169 235 466 
1509 1514 1551 1623 1362 1376 1093 1276 602 324 1153 812 707 4170 252 449 
1518 2263 1942 2126 1476 1444 1150 1287 625 324 1154 823 719 689 244 448 
1521 1495 1416 1561 1412 1428 1076 1284 599 324 1169 810 700 673 4169 438 
1608 1535 2155 2549 1460 1388 1096 1258 604 324 1146 797 706 716 290 4169 
1571 1655 1448 1518 1370 1392 1116 1286 606 324 1153 818 711 717 246 439 
1492 1468 1902 2061 1379 1395 1191 1331 613 324 1146 805 713 747 224 429 
1556 1530 1423 1574 1367 1382 1077 1261 603 323 1150 821 704 4170 4170 4170 
1662 1498 1437 1563 1351 1377 1084 1272 596 323 1167 819 705 4169 4169 456 
1617 1597 1451 1571 1419 1393 1152 1312 602 324 1151 816 701 704 235 427 
1597 1551 1428 1567 1415 1394 1094 1314 605 323 1164 817 701 704 248 411 
1537 1518 1415 1566 1365 1412 1092 1267 603 323 1151 815 704 679 253 4171 
1528 1490 1850 1982 1361 1394 1157 1323 624 323 1146 804 705 754 234 424 
1563 1466 1376 1510 1365 1376 1126 1258 600 323 1123 807 701 4169 244 4169 
1501 2470 2289 2492 1475 1454 1108 1274 634 323 1164 826 720 688 259 468 
1574 1488 1442 1612 1327 1399 1076 1258 597 324 1145 813 718 687 4169 4169 
1525 1873 1461 1562 1388 1430 1088 1277 616 324 1173 831 716 698 4170 455 
1565 1526 1439 1524 1391 1415 1079 1287 597 323 1149 815 702 684 4169 447 
1550 1534 1402 1524 1364 1439 1122 1268 597 324 1146 818 702 674 234 4170 
1503 1506 1399 1551 1397 1376 1086 1258 605 323 1155 816 696 4169 294 4169 
1564 1484 1466 1598 1354 1377 1107 1307 598 323 1158 819 706 4169 247 413 
1581 1515 1421 1551 1359 1387 1106 1272 609 323 1158 816 706 726 236 447 
1652 1541 1413 1512 1391 1394 1107 1270 599 323 1166 819 707 701 239 457 
1557 1540 1456 1535 1481 1376 1076 1288 610 323 1162 827 699 4169 4169 434 
1515 1487 1413 1511 1363 1378 1116 1274 601 324 1158 820 712 4169 233 441 
1511 1547 1510 1646 1376 1395 1097 1271 610 324 1136 805 700 735 253 459 
1542 1510 1406 1527 1380 1401 1103 1263 612 323 1130 812 702 706 244 4169 
1545 1478 1397 1504 1399 1376 1093 1263 588 323 1142 804 693 4169 244 4169 
1532 1510 1437 1576 1375 1378 1105 1260 603 324 1132 813 699 4169 257 4169 
1473 1556 1464 1518 1366 1391 1073 1259 616 324 1141 817 704 714 4169 4169 
1547 1504 1431 1530 1408 1378 1098 1258 599 323 1144 811 697 4171 239 4170 
1534 1609 1461 1499 1455 1381 1074 1289 605 323 1151 819 699 4169 4169 446 
1527 1510 1391 1505 1404 1392 1072 1260 600 323 1149 819 696 691 4170 4170 
6972 1558 2748 3215 2428 1380 1092 1277 2826 324 1128 802 1882 731 252 441 
1485 1733 1490 1656 1371 1383 1075 1294 611 323 1155 816 717 4170 2814 461 
1532 1521 1465 1577 1411 1384 1122 1274 605 324 1160 814 700 4169 243 442 
1452 1465 1428 1602 1375 1392 1078 1271 603 323 1144 809 697 690 4169 4169 
1541 1602 1418 1570 1344 1401 1140 1272 606 323 1143 818 714 701 241 456 
1624 1461 1849 1995 1524 1422 1109 1318 595 323 1140 803 689 675 237 422 
1475 1506 1463 1523 1345 1379 1150 1279 602 323 1152 812 710 4169 232 530 
1502 1517 1413 1523 1374 1419 1076 1274 605 323 1141 819 706 684 4170 474 
1499 1536 1497 1708 1356 1382 1108 1281 617 324 1157 815 717 4169 237 419 
1519 1498 1447 1530 1361 1385 1126 1280 601 323 1155 818 723 4169 226 459 
1489 1627 1440 1558 1409 1385 1074 1262 605 324 1142 819 707 731 4169 4169 
1498 1696 1995 2040 1408 1377 1073 1262 616 324 1146 810 713 4168 4168 4168 
1530 1518 1546 1707 1365 1407 1075 1273 595 324 1137 807 698 678 4170 4170 
1461 1542 1738 2047 1399 1375 1079 1259 610 323 1124 808 710 4169 4169 4169 
1558 1523 1407 1551 1383 1377 1121 1270 604 323 1162 821 702 4169 233 464 
1510 1513 1458 1518 1373 1394 1137 1283 614 324 1156 819 702 688 244 427 
1833 1524 1420 1514 1431 1379 1167 1275 1606 324 1132 817 698 4169 222 439 
1613 1509 1392 1510 1387 1401 1087 1290 600 324 1158 819 707 680 4170 440 
1519 2029 2105 2314 1451 1423 1180 1276 625 323 1159 822 715 692 248 478 
1581 1513 1463 1565 1401 1376 1085 1305 601 323 1158 817 700 4170 4170 425 
1501 1671 1474 1671 1373 1396 1126 1274 612 323 1133 823 709 731 0 457 
1490 1499 1413 1494 1382 1384 1128 1298 607 323 1145 817 700 4170 241 425 
1564 1499 1459 1543 1462 1387 1073 1273 593 323 1144 813 695 688 4169 446 
1498 1967 2844 3155 1674 1387 1076 1285 618 323 1157 814 706 722 4167 456 
1563 1482 1429 1570 1396 1390 1122 1270 593 323 1159 815 697 711 245 471 
1468 1402 1450 1620 1314 1379 1074 1269 584 324 1128 792 4169 4169 4169 4169 
1538 1549 1679 1954 1376 1378 1095 1280 600 323 1150 803 706 4170 264 433 
1438 1549 1407 1535 1380 1377 1075 1284 616 323 1154 818 708 4169 4169 447 
1536 1520 1513 1542 3169 1396 1075 1266 604 323 1155 806 1871 696 304 472 
1512 1522 1389 1557 1353 1383 1077 1264 605 323 1148 819 709 4169 4169 4169 
1432 1390 1749 1959 1310 1376 1072 1260 639 307 1095 767 4170 4170 4170 4170 
1536 1528 1903 2152 1382 1377 1091 1290 606 324 1147 805 705 4169 294 430 
1572 1520 1483 1574 1416 1394 1139 1275 602 323 1160 815 699 729 242 437 
1531 2131 1431 1550 1353 1376 1086 1290 615 323 1163 836 725 4169 4169 470 
1469 1506 1570 1779 1395 1441 1113 1269 605 324 1149 804 698 682 286 4169 
1430 1481 1490 1562 1327 1398 1071 1261 619 324 1141 805 746 687 4170 4170 
1537 1512 1457 1537 1374 1377 1107 1270 602 324 1151 814 702 4169 263 4169 
1522 1495 1761 2087 2154 1395 1124 1277 598 324 1151 799 682 694 228 433 
1539 1521 1487 1617 1391 1407 1109 1259 602 324 1142 814 700 691 246 4169 
1534 1523 1418 1516 1478 1397 1083 1258 602 324 1139 814 695 689 4169 4169 
1556 1494 1435 1503 1352 1415 1076 1281 598 323 1141 818 707 694 4170 482 
1622 1523 1902 2015 2655 1375 1084 1258 596 324 1159 805 684 730 307 480 
1482 1536 1401 1594 1383 1378 1118 1258 604 324 1151 815 703 4168 244 4168 
1513 1921 1489 1623 1415 1403 1126 1265 621 324 1152 830 712 719 242 4169 
1563 1888 1943 2095 1398 1375 1094 1266 616 324 1137 814 716 4169 272 4169 
1536 1565 1423 1500 1353 1391 1130 1258 596 323 1150 824 714 699 257 4169 
1520 1515 1455 1536 1346 1389 1073 1267 606 324 1150 817 716 694 4169 4169 
1489 1502 1423 1551 1378 1378 1094 1281 608 324 1143 812 711 4170 255 433 
1562 1495 1436 1561 1354 1437 1103 1266 596 323 1139 811 712 680 234 4170 
1459 1496 1427 1493 1419 1377 1124 1290 610 323 1160 816 698 4169 238 438 
1566 1606 1844 2088 1391 1419 1119 1323 608 323 1149 812 708 715 283 429 
1512 1483 1421 1565 1418 1380 1122 1265 597 324 1138 818 695 4169 230 4169 
1521 1536 2043 2395 2959 1404 1074 1284 604 323 1226 799 1877 716 409 464 
1464 1953 1671 1834 1347 1380 1102 1295 621 324 1165 822 727 4170 257 471 
1630 1654 1466 1581 1415 1397 1121 1278 602 324 1163 817 704 681 242 433 
1534 1545 1591 1781 1420 1421 1135 1300 604 324 1153 812 703 719 233 431 
1676 1680 2267 2409 2947 1423 1096 1279 604 324 1150 811 691 688 251 471 
1541 1514 1399 1524 1391 1419 1083 1322 602 323 1171 810 701 682 4169 427 
1500 1494 1447 1516 1340 1385 1094 1270 609 324 1144 815 714 4170 248 456 
1471 1515 1429 1548 1367 1378 1095 1293 609 324 1198 813 713 4170 331 434 
1431 1537 2413 2588 1343 1376 1074 1260 620 324 1127 794 725 4168 4168 4168 
1558 1557 1484 1589 1359 1389 1139 1266 605 324 1158 821 717 699 240 454 
1524 1508 1430 1532 1339 1413 1092 1263 594 323 1152 817 723 709 252 4170 
1501 1772 1705 1953 1370 1398 1114 1278 616 323 1152 817 728 704 263 4169 
1544 1413 1419 1544 1371 1404 1122 1258 587 323 1130 805 702 676 219 4168 
1498 1490 1595 1704 1351 1389 1150 1295 604 323 1151 808 706 705 224 420 
1522 1540 1573 1750 1415 1389 1089 1261 598 323 1149 813 699 711 279 4169 
1506 1504 1418 1542 1339 1389 1139 1259 607 323 1143 816 714 716 232 4169 
1718 1504 1464 1522 1361 1378 1093 1290 591 323 1162 811 701 4169 287 430 
1539 1453 1211 1300 1366 1377 1074 1259 603 323 4169 4169 693 4169 4169 4169 
1548 1526 1797 2058 1595 1389 1094 1268 601 323 1128 803 695 696 253 4170 
1504 1520 1480 1581 1460 1399 1075 1270 606 323 1147 821 695 696 4168 4168 
1642 1915 2614 3290 1411 1495 1181 1304 615 323 1160 804 721 687 243 444 
1511 2356 1960 2016 1432 1379 1133 1288 624 324 1166 825 718 4169 255 463 
1533 1381 1463 1563 1352 1403 1096 1273 578 323 1136 796 687 665 238 427 
1574 1479 1579 1725 1390 1379 1156 1281 598 323 1144 805 699 4170 226 437 
1585 1600 2433 2415 1371 1376 1076 1276 600 323 1145 802 714 4169 4169 449 
1539 1604 1404 1527 1428 1380 1092 1264 616 323 1134 817 702 4169 246 4169 
1586 1554 1399 1544 1364 1389 1138 1277 597 323 1165 817 707 712 236 443 
1460 1551 1575 1711 1371 1409 1086 1275 613 323 1156 812 705 684 4169 454 
1437 2212 1415 1569 1343 1377 1102 1278 638 317 1169 822 726 4170 261 505 
1493 1551 1534 1583 1368 1390 1079 1260 604 323 1151 814 711 713 4169 4169 
1490 1527 1470 1572 1345 1410 1102 1278 609 324 1142 816 709 685 251 439 
1500 1945 2081 2357 1461 1408 1161 1285 624 324 1155 815 710 705 245 444 
1481 1535 1473 1505 1371 1380 1163 1277 610 324 1159 822 712 4169 239 475 
1665 1495 2591 3054 4410 1444 1133 1319 593 324 1142 795 680 1888 239 453 
1504 1513 1428 1528 1416 1400 1105 1309 603 324 1143 818 699 678 235 429 
1491 1517 1473 1574 1406 1386 1070 1263 602 323 1142 813 699 720 4169 4169 
1565 1502 1450 1553 1384 1423 1103 1310 595 323 1154 812 701 675 236 420 
1523 1516 1493 1626 1350 1376 1112 1268 596 323 1152 805 709 4169 243 456 
1571 1601 1486 1582 1449 1383 1095 1266 608 324 1152 818 699 4169 280 4169 
1675 1602 1450 1481 1405 1387 1151 1257 602 323 1148 822 709 706 241 4170 
1511 1518 1453 1535 1397 1412 1098 1277 601 323 1159 815 703 679 242 427 
1513 1551 1439 1541 1362 1402 1161 1276 611 323 1157 820 710 690 240 436 
1529 1517 2956 3310 1728 1415 1211 1258 603 323 1122 793 687 682 212 4170 
1538 1623 1600 1801 1373 1391 1090 1257 608 323 1136 815 708 703 262 4169 
1562 1506 1411 1517 1380 1426 1108 1289 598 323 1155 825 703 672 246 422 
1552 1484 1446 1535 1380 1395 1089 1258 598 323 1144 812 702 724 270 4169 
1507 1525 2148 2489 1367 1375 1103 1259 598 324 1140 794 714 4169 277 4169 
1484 1526 1409 1517 1366 1388 1076 1266 608 324 1142 815 706 697 4168 4168 
1552 1527 1449 1534 1389 1395 1105 1282 600 324 1158 815 704 706 256 440 
1610 1518 1582 1749 1380 1387 1126 1271 600 324 1152 807 702 4170 236 442 
1548 1509 2148 2375 6459 1421 1099 1262 603 324 1143 803 2973 1783 241 467 
1456 1543 1421 1569 1347 1385 1146 1284 614 324 1141 812 709 4169 228 11 
1480 1599 1393 1539 1364 1399 1096 1271 613 324 1152 822 713 694 237 453 
1476 1673 1959 2191 1391 1421 1223 1290 623 323 1156 814 714 695 250 449 
1498 1511 1643 1873 1382 1399 1110 1273 604 323 1158 804 709 691 249 456 
1515 1454 1538 1623 1346 1418 1074 1271 598 323 1140 811 708 672 4170 4170 
1515 1545 1383 1528 1839 1401 1108 1278 605 323 1160 827 690 692 260 466 
1646 1780 1627 1833 1434 1433 1156 1288 613 324 1168 823 710 688 240 443 
1595 1549 1415 1587 1345 1414 1116 1257 601 323 1142 814 715 681 234 4170 
1564 1516 1371 1525 1368 1394 1077 1282 593 324 1161 809 703 683 4170 438 
1513 1558 1521 1630 1327 1449 1079 1281 608 323 1173 817 737 685 4169 457 
1493 1475 1454 1599 1356 1397 1143 1295 603 323 1150 815 706 701 241 419 
1520 1538 2005 2311 1307 1375 1082 1260 600 323 1138 798 4168 4168 4168 4168 
1546 2333 1458 1536 1391 1431 1108 1287 617 323 1176 831 715 705 256 466 
1551 1496 1481 1563 1399 1405 1075 1265 601 323 1138 808 707 677 4168 4168 
1588 1498 1630 1678 1374 1381 1082 1271 1156 323 1110 802 701 4169 1311 459 
1501 1858 2273 2655 4362 1453 1158 1263 612 324 1156 810 690 1810 250 473 
1439 1656 2138 2492 1367 1393 1123 1269 634 323 1154 807 715 704 252 459 
1507 1615 1445 1556 1366 1388 1090 1263 613 323 1154 813 712 704 269 4169 
1565 1596 1522 1561 1341 1377 1102 1288 605 323 1143 825 714 4168 239 430 
1536 1535 1394 1563 1353 1394 1091 1297 606 323 1158 821 710 696 4169 444 
1474 1443 1730 1835 1969 1376 1076 1273 594 323 1142 802 677 4169 4169 470 
1529 1500 1535 1719 1433 1444 1121 1284 607 324 1159 813 700 678 276 429 
1497 1504 1389 1546 1359 1375 1093 1297 600 323 1150 813 701 4169 258 458 
1495 1518 1405 1576 1404 1382 1121 1256 609 323 1149 816 700 4169 262 4169 
1537 1684 1882 2112 1374 1383 1119 1277 605 323 1154 813 712 4169 244 446 
1490 1514 1419 1532 1342 1412 1095 1277 603 323 1150 812 707 679 243 429 
1573 1520 1574 1706 1350 1376 1081 1288 598 323 1152 808 713 4170 4170 435 
1535 1511 1473 1563 1356 1378 1098 1263 599 323 1142 809 705 4170 254 4170 
1499 1838 2174 2543 1391 1420 1151 1288 619 323 1158 815 720 698 244 442 
1512 1557 1586 1827 1425 1428 1165 1270 610 323 1142 811 705 678 233 447 
1648 1746 2059 2135 1346 1388 1122 1258 609 323 1141 817 729 765 245 4169 
1558 1591 1482 1580 1391 1405 1095 1261 599 323 1142 823 707 679 249 4168 
1461 1601 1818 1867 2396 1386 1078 1279 629 324 1149 814 688 725 4169 449 
1575 1525 1388 1536 1321 1378 1075 1262 604 324 1147 820 741 4169 4169 4169 
1489 1580 1457 1564 1381 1404 1102 1278 613 324 1147 822 712 687 253 452 
1601 1497 1425 1537 1438 1402 1119 1293 596 323 1155 809 697 707 229 430 
1486 1464 1403 1529 1338 1378 1102 1293 604 323 1154 812 710 4169 235 439 
1505 1546 1452 1514 1333 1378 1154 1295 601 323 1156 816 723 4170 226 426 
1483 2025 1414 1519 1382 1385 1093 1272 624 323 1168 837 716 4170 295 460 
1565 1573 1541 1650 1405 1394 1135 1295 600 323 1146 819 703 709 242 411 
1470 1517 1388 1574 1407 1378 1123 1279 611 323 1157 816 702 4169 226 441 
1560 1476 1543 1718 1338 1397 1113 1281 597 323 1119 807 711 696 2 464 
1544 1532 1387 1544 1394 1389 1099 1284 602 324 1159 816 698 714 237 464 
1465 1516 1454 1554 1375 1387 1074 1273 600 323 1161 812 706 4168 4168 464 
1482 1519 1466 1594 1397 1388 1080 1300 611 323 1158 817 702 715 4168 451 
1593 1642 1606 1644 1392 1385 1100 1263 603 324 1135 824 706 4169 244 4169 
1545 1515 2876 3341 1323 1378 1077 1278 600 324 1132 796 757 4168 4168 441 
1485 1526 2047 2187 5788 1402 1165 1288 613 323 1128 797 3004 1791 226 463 
1522 1802 1682 1997 1370 1376 1113 1264 538 324 1145 813 719 4170 256 4169 
1487 1557 1402 1516 1387 1410 1095 1296 612 324 1170 818 704 708 255 419 
1583 1678 2026 2258 1374 1389 1073 1260 605 323 1142 811 709 693 4169 4169 
1442 2235 1618 1767 1445 1401 1079 1288 636 319 1170 820 713 703 4170 442 
1458 1536 1438 1611 1348 1378 1124 1293 608 324 1159 806 704 4169 269 428 
1500 1599 1372 1517 1333 1414 1101 1286 604 323 1167 824 744 689 254 416 
1460 1960 1442 1569 1485 1397 1103 1279 630 323 1169 828 711 696 250 454 
1534 1528 1574 1695 1394 1440 1076 1312 602 323 1135 810 701 692 4169 419 
1551 1506 1419 1593 1322 1394 1096 1293 603 323 1161 807 4169 698 234 433 
1611 1592 1215 1298 1306 1376 1075 1258 635 319 4168 4168 4168 4168 4168 4168 
1625 1579 2198 2559 1381 1375 1073 1258 560 323 1129 801 721 4169 4169 1955 
1544 1508 1682 1854 1369 1380 1103 1276 598 323 1148 806 707 4168 248 460 
1612 1775 1617 1808 1448 1428 1078 1287 607 323 1158 819 706 679 4169 531 
1601 1478 1734 1803 1389 1382 1086 1275 595 323 1153 804 698 4170 271 441 
1485 1534 2037 2168 1391 1384 1077 1266 607 323 1137 804 700 4168 4168 4168 
1477 1597 1521 1664 1549 1390 1106 1278 623 323 1158 820 706 725 263 457 
1497 1663 2091 2344 1313 1389 1101 1268 617 323 1146 812 4171 712 244 477 
1524 1535 1453 1550 1375 1376 1076 1280 599 323 1163 815 702 4169 4168 442 
1487 1518 1632 1783 1415 1419 1177 1256 605 323 1140 809 695 683 254 4171 
1512 1510 1554 1647 1415 1387 1118 1283 594 323 1163 813 697 719 248 432 
1549 1509 2130 2474 1416 1394 1095 1263 596 324 1126 793 697 695 237 4169 
1525 1486 1449 1520 1459 1393 1085 1267 601 324 1148 811 692 700 273 4169 
1573 1511 1425 1545 1347 1376 1097 1271 604 323 1146 811 711 4168 249 4168 
1530 1458 1416 1612 1354 1377 1114 1262 599 323 1142 800 704 4169 232 4169 
1506 1577 1673 1973 1395 1381 1130 1256 616 324 1129 804 705 4169 250 4169 
1578 1604 1410 1527 1358 1378 1107 1276 600 324 1218 818 711 4170 364 454 
1517 1539 1417 1534 1358 1401 1106 1260 606 324 1149 822 706 691 244 4169 
1555 1970 2283 2654 1375 1375 1074 1269 617 324 1150 808 722 4169 4169 4169 
1489 1505 2285 2548 1366 1384 1088 1268 598 323 1119 796 701 4169 261 4169 
1501 1548 1458 1582 1367 1378 1076 1276 597 323 1163 814 706 4169 4169 467 
1572 1540 1460 1561 1347 1378 1090 1265 598 324 1152 816 710 4169 280 4169 
1437 1553 1480 1585 1354 1397 1095 1266 636 323 1150 813 710 691 249 4168 
1501 1484 1901 1996 1377 1383 1128 1278 610 323 1142 805 702 4169 237 438 
1587 1631 1607 1739 1434 1377 1138 1285 609 323 1141 819 704 4169 240 443 
1485 1507 1433 1514 1359 1378 1086 1276 605 323 1150 821 705 4170 4170 460 
1589 1677 1839 2065 1398 1383 1094 1259 604 323 1146 810 706 4169 279 4169 
1559 1509 1465 1543 1434 1381 1151 1267 600 323 1146 816 696 4169 248 4169 
1516 1436 1491 1644 1372 1399 1114 1280 585 323 1148 799 698 714 232 424 
1516 1505 1730 1907 1417 1424 1170 1300 601 323 1142 809 702 681 229 443 
1808 1884 1695 1947 1499 1457 1119 1298 1657 323 1138 824 717 705 270 435 
1556 1699 1458 1550 1370 1384 1105 1280 612 323 1166 824 722 4169 253 445 
1556 1511 1482 1598 1411 1380 1075 1273 599 324 1154 818 697 4168 4168 496 
1522 1492 1466 1552 1381 1399 1075 1280 604 324 1147 816 703 697 4169 448 
1535 2323 2063 2270 1526 1436 1123 1317 620 324 1162 823 714 730 260 427 
1569 1614 1661 1719 1311 1378 1096 1266 603 324 1127 814 4168 4168 244 4168 
1466 1481 1465 1526 1393 1396 1092 1257 608 323 1136 813 700 683 241 4169 
1598 1821 1989 2208 2124 1387 1095 1261 611 323 1146 816 695 726 266 4170 
1562 1585 2533 2975 1367 1543 1125 1278 602 323 1147 799 717 801 244 450 
1550 1520 1430 1542 1393 1389 1092 1284 605 323 1151 815 701 751 4170 482 
1515 1509 1414 1522 1372 1378 1085 1269 602 323 1149 814 702 4168 4168 4168 
1505 1794 1695 1822 1429 1376 1117 1270 610 323 1159 819 709 4170 247 474 
1441 1531 1547 1676 1346 1412 1090 1275 616 324 1155 814 712 690 246 430 
1518 1491 1544 1688 2187 1389 1095 1260 605 324 1142 806 686 720 252 4170 
1515 1586 1499 1563 1422 1389 1122 1282 608 324 1158 825 708 4170 247 450 
1611 1487 1527 1822 1442 1410 1140 1289 601 324 1151 807 701 680 235 426 
1565 1564 1459 1571 1379 1377 1074 1258 601 324 1147 814 705 4169 4169 4169 
1472 1538 1417 1516 1380 1386 1081 1280 604 323 1163 823 708 718 4169 459 
1497 1679 1466 1540 1371 1389 1148 1277 614 323 1168 826 716 4169 238 458 
1623 1636 1742 1990 2283 1415 1146 1277 1290 323 1149 815 700 688 260 473 
1564 1555 1484 1590 1405 1385 1114 1260 595 323 1141 813 702 4170 238 4169 
1592 1576 1431 1537 1358 1435 1083 1264 604 323 1162 819 710 683 4170 4170 
1469 1597 1453 1570 1354 1374 1074 1262 622 323 1155 812 713 4168 4168 4168 
1506 1572 1533 1684 1357 1380 1074 1260 608 324 1152 818 707 4168 4168 4168 
1565 1537 1420 1513 1365 1377 1114 1308 599 323 1147 820 705 4169 243 447 
1521 1528 1440 1571 1422 1396 1114 1268 599 323 1147 817 697 697 239 4170 
1631 1642 1974 2075 1427 1406 1095 1357 601 324 1144 810 703 680 271 419 
1502 1510 1436 1594 1540 1393 1142 1276 601 323 1153 809 690 686 242 471 
1652 1515 1431 1557 1354 1377 1134 1289 591 323 1161 818 712 4170 247 418 
1515 1527 1427 1537 1440 1378 1087 1260 602 323 1147 820 698 4169 262 4169 
1504 1797 1812 1991 1442 1402 1154 1283 616 323 1144 820 706 693 244 433 
1572 1630 1554 1837 1362 1379 1099 1281 603 323 1161 817 713 4169 279 442 
1483 1497 1413 1601 1404 1386 1135 1271 617 323 1141 809 699 4169 237 4169 
1511 1562 2026 2354 1387 1376 1103 1260 606 324 1141 805 705 4169 261 4169 
1484 1585 1431 1584 1338 1385 1075 1259 611 323 1157 815 715 4170 4170 4170 
1536 1541 1445 1625 1407 1389 1159 1273 607 323 1161 816 703 731 233 484 
1519 1684 1524 1746 1385 1383 1076 1274 613 323 1147 818 707 4169 4169 456 
1481 1494 1559 1701 1343 1446 1115 1286 611 324 1137 803 712 678 244 431 
1476 1509 1453 1550 1370 1412 1109 1273 605 324 1151 811 703 673 223 433 
1544 1534 1367 1501 1372 1427 1168 1272 599 324 1174 818 706 679 237 491 
1545 1601 1894 2210 2137 1404 1091 1281 605 323 1157 799 691 734 286 439 
1556 1489 1475 1608 1403 1389 1157 1258 604 323 1128 812 699 699 250 4171 
1514 1498 1499 1605 1387 1386 1142 1270 598 323 1153 806 699 4169 227 441 
1607 1525 1439 1551 1387 1423 1098 1291 599 323 1163 821 704 697 235 432 
1497 1367 1454 1562 1370 1403 1084 1268 571 323 1113 778 661 680 4169 4169 
1494 1507 1432 1667 1388 1403 1096 1276 607 324 1152 810 701 707 242 445 
1580 1494 2162 2427 1414 1426 1098 1310 595 323 1139 798 700 673 231 423 
1493 1454 1466 1585 1583 1408 1089 1270 603 323 1148 801 682 675 246 435 
1494 1500 1469 1554 1381 1381 1074 1261 596 324 1121 809 697 4171 4170 4170 
1522 1510 1434 1540 1330 1410 1074 1260 601 324 1149 812 731 676 4169 4169 
1588 1503 1630 1741 1367 1381 1154 1278 597 324 1147 806 702 4169 233 436 
1549 1495 1640 1821 1421 1409 1125 1265 604 323 1134 806 705 690 229 4168 
1564 1748 1694 1893 1367 1437 1109 1303 609 323 1157 814 715 695 241 425 
1487 1512 1473 1578 1401 1379 1140 1282 599 324 1155 815 697 4169 235 426 
1515 1699 1680 1791 1383 1375 1080 1270 607 324 1139 819 712 2467 4169 4169 
1533 1544 1438 1544 1370 1395 1102 1297 601 323 1156 821 707 692 247 421 
1476 1435 1484 1649 1309 1375 1074 1259 595 323 1141 806 4169 4169 4169 4169 
1557 1574 1386 1497 1383 1376 1076 1271 604 324 1176 828 707 4169 4169 473 
1527 1538 2264 2417 1301 1374 1111 1259 601 323 1133 799 4169 4169 334 4168 
1647 1786 1851 2010 2677 1387 1108 1270 606 324 1158 819 693 729 253 463 
1566 1506 1437 1498 1357 1377 1146 1276 597 323 1140 820 705 4168 230 519 
1732 1753 1988 2331 1477 1402 1193 1317 1620 323 1130 808 709 697 232 440 
1567 1549 1442 1542 1335 1383 1078 1276 597 323 1155 816 722 4168 4168 464 
1565 1499 1743 1979 1377 1408 1115 1271 599 323 1147 805 700 694 238 432 
1536 1627 1414 1547 1485 1397 1078 1286 610 323 1169 822 698 689 4170 442 
1542 1626 1486 1579 1378 1380 1079 1278 606 323 1151 825 716 4169 4169 449 
1463 1496 1922 2185 1462 1425 1290 1298 615 323 1144 803 706 686 221 421 
1544 1670 1361 1547 1405 1377 1114 1261 613 323 1155 820 706 4170 254 4170 
1557 1521 1706 1950 1333 1419 1101 1274 601 323 1142 804 739 676 247 441 
1530 1559 1982 2126 1366 1377 1095 1288 599 323 1142 800 705 4170 246 439 
1552 1498 1441 1578 1362 1376 1111 1258 593 323 1125 807 706 4169 233 4169 
1504 1535 1535 1709 1363 1381 1092 1260 618 323 1145 816 711 4170 251 4170 
1522 1569 1529 1678 1370 1378 1102 1260 609 323 1133 816 706 4170 255 4170 
1503 1633 2037 2080 1382 1425 1132 1319 607 323 1136 812 708 682 242 414 
1471 1504 2074 2314 1405 1384 1133 1304 609 323 1122 799 700 4169 223 420 
1630 1536 1458 1665 1376 1384 1098 1259 598 323 1150 812 703 4168 257 4168 
1588 2362 1922 1981 1630 1395 1083 1279 619 323 1163 826 709 704 4169 457 
1552 1590 2303 2509 1323 1374 1081 1271 600 323 1124 802 740 4168 4168 4168 
1476 1702 2010 2313 1407 1383 1079 1280 617 324 1162 812 709 4170 4170 444 
1564 1536 1404 1491 1334 1400 1122 1265 594 324 1151 817 720 695 254 4170 
1502 1532 1389 1534 1394 1373 1084 1261 606 324 1144 817 700 4169 4169 4169 
1482 1498 1725 1997 1375 1390 1074 1271 605 323 1137 804 702 744 4169 4169 
1482 1502 1757 1974 1373 1391 1170 1272 604 324 1150 802 703 702 229 438 
1543 1522 1482 1579 1358 1380 1137 1270 608 323 1144 812 709 4169 227 450 
1487 1430 1677 1847 1555 1376 1082 1283 591 322 1142 793 678 4169 4169 460 
1637 1554 1847 2111 1391 1402 1152 1275 597 323 1138 809 701 699 220 529 
1628 1993 2485 2793 1371 1380 1140 1260 616 323 1146 814 722 4170 246 4169 
1604 1518 1431 1536 1368 1397 1085 1257 599 323 1146 807 699 686 257 4168 
1499 1514 1466 1526 1449 1382 1072 1258 601 323 1136 819 697 4169 4169 4169 
1538 1519 1872 2102 1838 1418 1099 1279 605 323 1160 803 686 681 290 437 
1595 1535 1521 1637 1386 1409 1081 1287 594 323 1154 806 706 679 4170 443 
1487 1521 2248 2398 1441 1447 1130 1295 608 323 1144 801 700 692 234 430 
1591 1481 1811 2068 1355 1382 1196 1270 592 323 1145 794 703 4169 227 460 
1478 1537 1458 1547 1375 1394 1081 1265 618 324 1147 817 702 777 4169 4169 
1515 1739 2019 2222 1393 1431 1074 1308 608 324 1152 809 712 684 4169 433 
3161 1323 3178 4003 1303 1372 1074 1260 2398 323 1107 790 4168 4168 4168 4168 
1521 1555 1627 1771 1357 1437 1082 1300 602 324 1154 810 706 692 4169 453 
1521 1535 1443 1505 1406 1439 1077 1276 596 323 1159 816 696 668 4169 440 
1494 1765 2053 2259 1369 1376 1075 1266 608 323 1140 816 719 4169 4169 4169 
1551 1603 1440 1533 1354 1387 1077 1281 605 323 1159 824 707 4169 4169 445 
1636 1565 1405 1500 1418 1391 1078 1278 597 324 1165 820 700 741 4170 566 
1548 1544 1454 1591 1387 1379 1109 1264 598 323 1139 810 702 4168 238 4168 
1517 1794 2615 2767 1414 1431 1071 1263 614 323 1135 813 707 706 4170 4170 
1461 1610 1442 1536 1432 1378 1109 1262 616 323 1141 825 705 4169 245 4169 
1556 1490 1429 1464 1326 1383 1079 1276 596 323 1163 818 716 4170 4170 452 
1523 1524 1484 1576 1388 1390 1075 1287 595 324 1161 811 697 699 4168 439 
1570 1515 1463 1661 2761 1378 1073 1258 598 323 1163 808 682 726 4169 483 
1550 1970 2061 2149 1582 1392 1090 1279 612 323 1173 816 707 713 315 457 
1489 1509 1362 1535 3526 1378 1075 1279 601 323 1173 811 3006 723 300 430 
1512 1515 1392 1532 1402 1387 1103 1291 610 323 1162 821 700 736 236 430 
1522 2021 1780 1897 1540 1419 1074 1309 620 323 1166 822 710 708 4170 440 
1504 1522 1449 1506 1353 1402 1126 1280 607 323 1155 814 704 700 234 427 
1472 1501 1438 1548 1385 1391 1070 1262 601 324 1146 819 704 683 4169 4169 
1512 1510 1428 1517 1385 1378 1084 1308 605 323 1160 817 702 4169 4168 434 
1477 1496 1422 1520 1385 1396 1077 1274 604 324 1165 816 702 681 4169 463 
1547 1530 2319 2631 1322 1376 1074 1260 604 323 1134 793 741 4169 4169 4169 
1560 1638 1593 1750 1426 1391 1092 1261 604 323 1148 819 704 709 269 4169 
1557 1493 1513 1642 1380 1401 1071 1287 594 323 1154 806 700 684 4169 425 
1459 1551 1815 2131 1307 1375 1075 1261 609 323 1127 801 4168 4168 4168 4168 
1462 1885 1424 1521 1433 1386 1108 1259 629 324 1158 829 710 4170 266 4170 
1518 1551 1691 1881 1368 1404 1108 1294 605 324 1151 812 714 706 232 425 
1529 1487 1423 1500 1323 1385 1159 1259 597 323 1144 829 730 4169 250 4169 
1567 1494 1397 1535 1809 1407 1102 1270 600 323 1141 816 684 692 239 4169 
1483 1553 1468 1516 1353 1376 1097 1282 615 323 1156 817 712 4169 241 437 
1471 1510 1691 2012 2567 1396 1136 1272 604 324 1142 801 683 708 225 427 
1549 1501 1447 1584 1331 1421 1091 1263 597 324 1148 805 711 670 271 4170 
1602 1526 1465 1563 1391 1414 1110 1283 597 323 1154 816 703 698 244 422 
1480 1524 1482 1559 1373 1399 1074 1260 608 323 1147 809 704 684 4170 4170 
1523 1503 1447 1607 1361 1387 1131 1311 609 323 1150 812 705 4169 230 418 
1548 1515 1440 1516 1365 1417 1092 1276 604 324 1161 819 710 683 263 454 
1526 1967 2152 2374 1412 1416 1084 1279 610 323 1157 816 713 690 4170 459 
1673 1580 1613 1806 1348 1376 1104 1272 595 323 1150 807 710 4166 248 466 
1505 1484 1399 1486 1349 1425 1075 1302 602 323 1161 828 728 686 4170 420 
1662 2260 2485 2824 1463 1426 1155 1351 614 323 1147 819 721 711 258 438 
1634 1507 1535 1642 1401 1388 1116 1262 596 324 1137 814 701 707 240 4169 
1512 1863 1448 1588 1343 1374 1079 1262 612 323 1163 833 740 4169 4168 4168 
1651 1827 1751 1921 1586 1395 1158 1307 609 323 1161 818 705 789 236 439 
1500 1502 1885 2149 1357 1376 1075 1262 604 324 1126 801 714 4169 4169 4169 
1575 1535 1488 1554 1410 1386 1097 1271 600 324 1150 817 701 709 306 4169 
1488 1497 1427 1495 1345 1389 1110 1274 606 323 1149 818 706 696 237 439 
1521 1610 1960 2231 1426 1389 1075 1275 609 323 1154 808 703 698 4169 447 
1539 1637 1494 1558 1363 1377 1099 1276 612 323 1164 820 708 4169 276 444 
1538 1527 1432 1546 1462 1383 1099 1284 604 323 1143 819 703 4169 242 455 
1533 1577 1456 1576 1346 1377 1088 1281 610 324 1159 817 714 4170 264 461 
1472 1497 1402 1544 1445 1378 1118 1287 608 323 1159 815 696 4169 233 434 
1514 1465 1555 1699 1332 1388 1092 1268 601 323 1154 805 724 4169 241 459 
1512 1564 1485 1615 1378 1398 1073 1267 602 323 1143 812 700 684 4169 4169 
1605 1525 1712 1861 1307 1374 1071 1257 599 323 1139 811 4171 4171 4170 4170 
1496 1683 1476 1589 1411 1402 1077 1268 618 323 1162 826 707 702 4169 4169 
1689 1557 1830 2044 1356 1374 1072 1258 1626 323 1114 804 715 4169 4169 4169 
1592 1546 2001 2227 1372 1407 1145 1278 603 323 1146 806 707 684 233 461 
1550 1503 1428 1547 1416 1428 1084 1295 595 323 1162 815 700 670 4170 439 
1506 1525 1807 1970 1307 1374 1074 1258 608 323 1143 806 1895 4167 4167 4167 
1799 1743 2070 2412 1435 1399 1093 1279 1648 323 1146 812 709 688 276 456 
1530 1534 1444 1530 1342 1382 1082 1279 602 323 1172 820 713 4169 4169 451 
1536 1798 1452 1533 1401 1403 1109 1303 612 323 1175 834 712 714 251 442 
1503 1674 1531 1538 1448 1392 1120 1261 604 323 1140 823 704 707 238 4169 
1496 1487 1689 1861 1346 1391 1111 1270 602 323 1154 804 711 716 240 448 
1525 1490 1413 1584 1405 1394 1108 1259 603 323 1146 807 696 718 238 4169 
1582 1380 2055 2509 1338 1380 1099 1260 586 324 1110 775 710 4170 232 4170 
1648 1566 1443 1553 1406 1406 1111 1285 602 324 1162 819 702 713 247 511 
1490 1518 1418 1521 1393 1382 1094 1264 609 323 1141 815 700 4169 241 4169 
1633 1487 1435 1513 1353 1378 1122 1268 1154 324 1099 808 704 4169 240 4169 
1503 1489 1462 1533 1354 1398 1106 1278 600 324 1159 815 708 673 275 445 
1602 1556 1890 1979 1433 1489 1233 1325 598 323 1142 805 701 674 229 416 
1512 1522 1385 1482 1372 1376 1076 1297 603 323 1164 823 708 4169 4169 430 
1546 1378 1738 1839 1346 1397 1098 1280 582 323 1121 780 680 664 219 416 
1551 1671 1591 1737 1384 1391 1076 1278 614 323 1162 815 711 712 4169 454 
1556 1516 1495 1573 1409 1387 1077 1274 600 324 1153 820 698 705 4169 454 
1517 1433 2010 2259 2776 1381 1082 1282 589 323 1155 788 1862 715 294 426 
1647 1493 1451 1544 1349 1381 1113 1272 592 323 1154 809 708 4169 236 438 
1522 1598 1532 1637 1412 1383 1103 1284 616 324 1159 819 709 4170 241 455 
1510 1487 1451 1608 1340 1377 1093 1263 607 323 1142 812 716 4169 245 4169 
1514 1502 2074 2382 1336 1403 1075 1270 601 323 1121 796 712 679 4171 4171 
1543 1551 1381 1553 1403 1380 1083 1262 595 323 1145 818 704 4169 4169 4169 
1545 1713 1425 1538 1342 1395 1075 1271 607 323 1163 825 726 712 4169 4169 
1510 1548 1429 1550 1417 1378 1088 1260 607 323 1135 824 700 4170 260 4170 
1537 1523 1603 1801 1404 1378 1128 1261 601 323 1135 807 699 4170 239 4170 
1624 1529 2025 2234 1439 1470 1182 1371 603 324 1137 802 699 671 235 96 
1453 1509 1402 1532 1343 1436 1074 1260 605 323 1150 821 715 673 4170 4170 
1538 1498 1459 1637 1378 1391 1106 1266 597 323 1149 809 701 699 258 4169 
1581 1707 2093 2256 1381 1395 1131 1265 608 324 1139 811 714 714 240 4170 
1540 1532 1517 1637 1343 1396 1112 1283 604 324 1154 813 718 706 246 438 
1550 1561 1449 1573 1367 1400 1084 1288 605 324 1164 817 707 713 263 450 
1626 1498 1463 1601 1400 1378 1103 1266 594 324 1125 813 699 4169 242 4169 
1579 1484 1442 1571 1343 1395 1101 1263 594 324 1139 803 711 676 236 4169 
1548 1482 1453 1546 1366 1420 1098 1280 528 324 1154 808 704 671 237 446 
1563 1716 1524 1659 1374 1380 1103 1286 608 324 1170 824 717 4170 259 428 
1490 1483 1678 1751 1353 1418 1099 1269 600 323 1134 811 708 682 251 474 
1550 1322 1406 1463 1303 1375 1074 1260 623 324 1161 836 4169 4169 4169 4169 
1474 1598 1215 1299 1431 1402 1075 1258 607 324 4169 4169 703 690 4169 4169 
1603 1546 1770 2095 1381 1422 1144 1269 610 324 1139 799 710 684 234 4170 
1524 1519 1420 1594 1342 1406 1122 1284 874 323 1288 808 710 692 228 414 
1570 1654 2033 2230 1344 1414 1128 1292 609 323 1152 807 723 683 247 421 
1477 1876 1966 2150 1335 1385 1127 1271 619 323 1143 818 731 4169 252 437 
1496 1507 1422 1533 1404 1410 1181 1273 607 323 1154 813 696 727 225 438 
1509 1622 1621 1658 1358 1381 1115 1257 612 323 1141 812 713 4169 236 4169 
1613 1531 1435 1511 1428 1406 1075 1287 597 323 1143 819 697 692 4170 440 
1523 1459 1501 1607 1367 1418 1132 1281 594 324 1149 808 700 688 222 444 
1512 1506 1418 1539 1339 1401 1105 1270 610 323 1159 815 727 679 238 456 
1591 1528 1487 1621 1395 1402 1090 1280 603 323 1161 809 711 698 250 442 
1513 1478 1422 1581 1320 1395 1105 1258 600 323 1140 813 4170 701 242 4170 
1517 1514 1770 1987 1353 1393 1194 1295 604 324 1149 800 716 729 227 417 
1514 1755 1620 1750 1380 1385 1076 1261 614 324 1152 819 710 4170 4170 4170 
1474 1966 1766 1863 1344 1384 1082 1297 622 323 1166 823 727 4170 4170 455 
1556 1593 1448 1655 1351 1401 1073 1264 607 323 1154 816 712 680 4169 4169 
1576 1586 1667 1886 1398 1397 1091 1268 605 323 1143 811 705 758 251 4170 
1643 1476 1477 1559 1362 1426 1117 1291 596 323 1146 812 702 677 232 437 
1520 1604 1427 1530 1397 1401 1095 1302 608 323 1166 819 703 910 256 443 
1518 1482 1392 1530 1379 1423 1083 1267 600 324 1152 819 701 677 4169 4169 
1560 1468 1434 1521 1435 1377 1089 1300 594 323 1169 809 690 4170 302 427 
1565 1660 1481 1583 1395 1408 1129 1265 599 324 1153 822 705 686 277 4169 
1508 1640 2054 2277 5706 1398 1098 1277 607 323 1167 808 2963 1794 301 471 
1545 1523 1474 1651 1383 1383 1156 1282 596 324 1150 814 706 4170 231 427 
1472 1762 1464 1602 1419 1385 1073 1265 620 323 1159 816 712 714 4168 4168 
1586 1532 1639 1788 1369 1412 1092 1284 598 323 1144 805 705 682 235 428 
1525 1467 1503 1542 1309 1375 1071 1257 592 323 1137 802 4169 4169 4169 4169 
1576 1506 1592 1783 1333 1393 1101 1256 599 323 1135 814 709 732 237 4169 
1508 1527 1512 1668 1344 1377 1100 1277 613 323 1159 818 712 4170 256 478 
1514 1498 1360 1504 1340 1386 1103 1300 603 323 1165 823 720 4170 255 437 
1590 1860 2161 2334 3422 1413 1119 1282 606 323 1163 811 1884 701 270 438 
1591 1494 1992 2293 1807 1403 1114 1257 597 323 1131 793 688 688 242 4170 
1637 1626 1409 1543 1426 1418 1094 1294 606 323 1166 826 704 695 257 439 
1602 1504 1421 1553 1442 1386 1092 1257 591 323 1142 811 693 4170 249 4170 
1477 1414 1395 1570 1336 1405 1097 1260 589 324 1128 800 697 674 232 4170 
1560 1487 1515 1691 1327 1377 1101 1270 606 323 1153 807 722 4170 266 482 
1574 1485 1425 1499 1386 1433 1132 1279 594 323 1155 816 697 676 234 431 
1498 1691 1408 1529 1338 1418 1101 1266 608 323 1157 828 725 688 250 4169 
1566 1497 1521 1702 1378 1419 1077 1260 602 323 1157 812 703 693 4170 4169 
1524 1524 1459 1531 1414 1426 1204 1266 603 323 1140 817 705 680 222 4170 
1496 1564 2389 2725 5411 1391 1113 1294 606 323 1130 796 3005 1792 238 427 
1578 1540 1423 1554 1375 1405 1088 1279 598 323 1177 815 704 703 292 472 
1586 1639 1791 2004 1376 1432 1120 1268 606 324 1151 807 711 685 267 4170 
1572 1763 1909 2090 1473 1405 1146 1294 608 324 1153 816 707 708 236 441 
1517 1527 1773 1922 1407 1408 1114 1276 600 323 1150 808 697 688 247 443 
1588 1544 1851 2146 1581 1375 1071 1262 596 323 1138 804 698 4170 4170 4170 
1617 1825 1454 1583 1382 1400 1097 1281 608 323 1171 828 716 691 251 440 
1516 1512 1452 1583 1388 1384 1073 1272 602 323 1158 824 706 704 4170 476 
1608 1682 1800 2082 1427 1446 1207 1274 610 323 1151 800 709 687 239 431 
1590 1490 2446 2993 1422 1404 1140 1294 595 323 1142 788 694 684 249 423 
1504 1623 1722 2057 1307 1374 1072 1259 614 323 1150 810 4169 4169 4169 4169 
1508 1487 1646 1869 1368 1387 1113 1278 605 323 1139 804 706 709 229 413 
1459 1502 1434 1559 1382 1419 1102 1262 606 323 1145 809 703 683 242 4170 
1537 1749 1508 1668 1333 1390 1076 1278 610 323 1162 822 726 749 4169 464 
1481 1500 1410 1531 1378 1377 1098 1257 604 323 1146 818 704 4169 253 4169 
1485 1502 1428 1570 1417 1394 1133 1280 602 323 1157 807 703 683 226 438 
1472 1501 1719 1861 1466 1425 1083 1303 607 323 1149 807 697 680 4169 431 
1501 1535 1491 1559 1384 1382 1083 1265 600 323 1143 821 703 4169 4169 4169 
1528 1518 1774 1936 1379 1405 1073 1270 600 323 1137 806 706 701 4169 4169 
1556 1519 1417 1566 1361 1402 1131 1293 601 323 1157 811 706 700 232 437 
1598 1567 1413 1510 1412 1393 1087 1292 605 323 1170 823 701 698 4169 445 
1456 1385 1215 1309 1312 1396 1073 1258 635 320 4169 4169 4169 766 4169 4169 
1553 1902 1464 1593 1345 1386 1124 1273 612 323 1164 828 720 4170 256 475 
1534 1528 1429 1535 1332 1378 1105 1264 603 323 1146 818 708 4171 244 4171 
1524 1477 1406 1472 1354 1414 1100 1274 596 323 1150 818 705 675 228 445 
1653 1956 2174 2375 1494 1400 1128 1282 611 323 1153 813 709 698 251 448 
1586 1382 1682 1950 1372 1424 1166 1297 569 323 1121 779 679 651 197 393 
1480 1572 1643 1738 1540 1387 1076 1263 616 323 1150 812 698 698 4169 4169 
1521 1856 2020 2117 1479 1391 1167 1294 614 323 1158 819 711 730 238 437 
1496 1506 1561 1681 1367 1413 1086 1269 602 323 1143 807 705 686 4169 4169 
1541 1593 1857 2071 1399 1428 1158 1306 604 323 1147 810 703 675 231 434 
1541 1887 1379 1535 1380 1387 1079 1257 617 323 1167 827 718 725 4169 4169 
1610 1564 2589 3103 6739 1379 1098 1294 597 323 1146 798 2977 1786 245 428 
1455 1526 1505 1542 1390 1377 1081 1295 609 323 1135 818 700 4169 4169 460 
1483 1505 1449 1606 1388 1390 1077 1277 596 323 1153 806 698 702 4170 432 
1525 1690 1738 1922 1362 1399 1117 1300 609 323 1154 816 712 698 251 440 
1470 1471 1465 1582 1380 1388 1107 1260 610 323 1135 809 701 719 226 4170 
1513 1740 1421 1535 1406 1390 1077 1282 607 324 1177 831 707 710 4170 457 
1498 1517 1438 1596 1355 1382 1134 1259 604 324 1143 814 704 4171 233 4171 
1501 1569 1615 1758 1364 1391 1096 1261 611 323 1145 808 709 700 254 4169 
1641 2094 2547 2879 1339 1398 1076 1277 613 323 1162 810 730 724 4170 492 
1556 1482 1436 1509 1387 1377 1109 1262 599 323 1139 814 700 4169 248 4169 
1477 1740 1892 1931 1413 1395 1114 1266 613 323 1140 814 711 710 246 4170 
1474 1511 1476 1606 1349 1391 1115 1269 607 323 1153 814 706 697 236 437 
1538 1529 1926 2044 1364 1406 1143 1313 602 323 1143 807 709 679 234 425 
1497 1551 1517 1504 1382 1385 1074 1290 605 323 1162 822 710 4170 4169 432 
1576 1497 1535 1644 1399 1380 1096 1262 598 323 1146 814 701 4170 273 4170 
1509 1415 1452 1549 1374 1393 1093 1257 589 323 1140 797 690 674 284 4169 
1504 1564 1449 1600 1362 1417 1087 1275 612 323 1174 815 708 698 309 450 
1488 1840 1791 1930 1418 1407 1087 1318 617 323 1160 821 712 698 268 442 
1568 1519 1590 1713 1426 1391 1119 1273 600 323 1142 809 698 696 239 485 
1497 1477 1392 1558 2175 1378 1115 1281 603 324 1156 814 681 729 240 430 
1500 1743 1405 1533 1421 1381 1074 1293 617 323 1176 827 708 4170 4170 438 
1539 1492 1432 1556 1331 1415 1141 1268 597 323 1140 814 723 682 228 4170 
1500 1500 1434 1580 1389 1388 1074 1292 603 323 1162 818 699 695 4170 429 
1616 1806 1629 1820 1375 1389 1144 1288 613 323 1154 820 725 725 235 433 
1545 1526 1698 1852 1399 1414 1143 1322 604 324 1148 807 707 692 231 410 
1528 2118 2340 2591 1372 1386 1075 1263 618 322 1151 811 718 716 4169 4169 
1447 1786 1479 1610 1355 1399 1116 1260 624 323 1158 820 717 706 248 4169 
1426 2250 1894 2181 1333 1382 1089 1260 643 284 1163 0 691 4170 250 4170 
1514 1480 1381 1486 1365 1378 1170 1262 603 323 1148 814 704 4169 232 4169 
1515 1532 1437 1507 1413 1392 1124 1274 600 323 1165 818 702 731 245 463 
1476 1533 1749 1952 1419 1383 1145 1274 612 323 1135 809 701 4170 227 4170 
1532 1753 2679 2858 1444 1477 1254 1316 617 323 1149 806 711 680 229 416 
1528 1655 1400 1522 1421 1390 1111 1279 610 323 1167 825 710 705 239 461 
1472 1504 1425 1569 1356 1378 1092 1265 609 323 1147 809 720 4169 242 4169 
1474 2291 1994 2088 1450 1412 1105 1292 621 323 1167 826 719 695 259 477 
1546 1519 2164 2330 1372 1419 1081 1262 601 323 1135 800 694 674 4169 4169 
1572 1515 1669 1883 1357 1386 1087 1273 599 323 1149 801 707 4170 271 450 
1540 1505 1423 1611 1400 1375 1074 1259 601 323 1149 811 698 4170 4170 4170 
1634 1740 1642 1715 1408 1398 1120 1310 614 323 1161 828 717 709 244 434 
1532 1499 1453 1578 1415 1386 1094 1267 603 324 1132 817 696 4170 267 4170 
1563 1535 1414 1570 1417 1374 1105 1268 604 323 1142 816 702 4169 239 4169 
1673 1556 1481 1574 1344 1375 1076 1261 603 323 1153 822 707 4171 4171 4171 
1554 1837 1558 1761 1337 1407 1123 1268 613 323 1156 818 734 698 257 4170 
1616 2046 2193 2461 1383 1379 1118 1265 616 323 1145 814 725 4169 239 4169 
1497 1532 1467 1564 1335 1387 1141 1285 602 323 1158 812 716 4169 240 428 
1531 1536 1679 1745 1412 1375 1082 1285 609 323 1153 813 700 4170 4170 447 
1574 1515 1422 1526 1375 1393 1086 1263 595 323 1141 825 706 704 249 4169 
1485 1651 1407 1505 1374 1382 1136 1259 612 323 1151 827 709 4170 242 4170 
1518 1521 1405 1562 1353 1387 1073 1260 595 323 1145 810 708 4169 4169 4169 
1486 2168 2582 2925 1414 1429 1184 1299 625 323 1161 818 719 697 244 455 
1535 1476 1484 1569 1330 1387 1081 1270 594 323 1153 813 721 707 4169 445 
1491 1506 1718 1829 2069 1393 1118 1262 608 323 1139 812 690 687 238 4170 
1588 1751 2006 2179 1381 1440 1141 1261 603 323 1146 813 713 688 265 4170 
1508 1529 1455 1611 1331 1377 1075 1276 603 323 1154 811 719 4169 4169 453 
1548 1510 1453 1542 1380 1407 1078 1260 604 323 1145 815 701 696 4169 4169 
1509 1743 1504 1585 1379 1415 1119 1263 608 323 1156 825 713 689 249 4170 
1533 1510 1424 1513 1336 1408 1113 1273 608 322 1166 812 716 683 254 470 
1476 1538 1427 1590 1425 1407 1077 1273 605 323 1164 810 701 684 4170 451 
1545 1472 1407 1519 1346 1379 1102 1266 602 323 1137 813 707 4170 254 4170 
1557 1521 1441 1547 1385 1379 1093 1261 599 323 1127 815 699 4170 255 4170 
1546 1524 1513 1566 1417 1377 1161 1266 600 323 1136 823 699 4169 233 4169 
1503 1560 1444 1593 1404 1394 1117 1263 606 323 1152 816 701 709 243 4170 
1525 1566 1470 1521 1339 1375 1074 1281 602 323 1159 818 730 4170 4170 472 
1457 1650 2641 3233 1308 1373 1072 1256 636 271 1090 744 4170 4170 4169 4169 
1490 1539 1407 1566 1403 1387 1074 1263 602 323 1152 813 705 4169 4169 4169 
1517 1503 1606 1729 1394 1406 1218 1283 605 323 1152 803 700 706 217 435 
1536 1903 2235 2322 1495 1448 1103 1279 623 323 1162 803 710 691 280 458 
1531 1542 1485 1671 1387 1396 1083 1271 608 323 1151 817 704 689 4169 4169 
1544 1533 1559 1625 1361 1394 1146 1262 605 323 1141 817 720 705 234 4170 
1734 1510 1655 1706 1455 1392 1104 1281 1281 323 1131 814 697 770 252 413 
1516 1573 1402 1546 1337 1392 1107 1255 605 324 1143 812 719 683 236 4170 
1508 1516 1501 1663 1358 1388 1118 1261 603 324 1142 813 704 689 240 4170 
1482 1611 1446 1577 1335 1417 1144 1274 607 323 1149 812 725 677 236 585 
1503 1870 1549 1738 1462 1397 1165 1257 617 323 1153 825 710 726 247 4170 
1525 1457 1478 1541 1338 1423 1097 1290 598 323 1152 815 711 670 254 437 
1473 1504 1434 1486 1370 1399 1119 1266 608 323 1145 816 704 675 256 4171 
1565 1539 1409 1538 1447 1381 1111 1274 599 323 1161 815 704 4170 248 469 
1512 1501 1454 1547 1358 1404 1101 1274 602 323 1156 812 710 681 258 438 
1507 1756 1839 1911 1356 1415 1105 1266 610 323 1151 815 716 685 273 4169 
1521 1681 1478 1555 1395 1391 1079 1277 608 323 1172 824 709 699 4170 456 
1478 1547 1732 1910 1407 1387 1130 1283 606 323 1141 808 701 4170 230 438 
1519 1612 1424 1565 1372 1382 1072 1259 607 323 1143 819 707 4170 4170 4170 
1481 1511 1400 1549 1378 1390 1078 1262 601 323 1147 816 699 706 4170 4170 
1511 1576 1451 1598 1357 1403 1089 1267 600 323 1159 810 711 683 272 4170 
1505 1794 1807 1970 1409 1378 1087 1269 620 323 1155 819 711 4169 296 4169 
1516 1562 1770 1921 1414 1398 1099 1257 607 323 1138 811 705 693 262 4170 
1503 1518 1449 1541 1378 1379 1079 1282 600 323 1152 810 700 4170 4170 448 
1547 1498 1471 1500 1445 1388 1110 1273 599 323 1150 811 694 4169 238 440 
1512 1511 1482 1623 1370 1378 1093 1277 602 323 1151 812 701 4170 238 443 
1512 1557 1426 1567 1391 1408 1109 1256 609 323 1151 821 706 684 264 4170 
1465 1525 1486 1590 1384 1410 1112 1288 610 323 1148 809 707 698 242 437 
1522 1678 1827 1959 1341 1394 1076 1256 610 323 1145 818 716 699 4169 4169 
1618 1582 2050 2148 1425 1375 1089 1257 601 323 1146 804 712 4170 303 4170 
1496 1492 1491 1604 1413 1381 1115 1302 602 323 1149 822 696 4171 231 413 
1539 1737 2008 2309 1455 1384 1103 1290 613 323 1155 812 712 4170 252 470 
1531 1709 1418 1595 1383 1376 1093 1271 605 323 1164 817 710 4170 248 502 
1482 1574 1481 1700 1402 1409 1103 1291 609 324 1157 813 703 680 260 444 
1496 1865 2339 2479 1566 1377 1089 1282 618 324 1160 808 714 4170 278 488 
1507 1755 1407 1589 1373 1369 1113 1263 618 323 1145 827 714 43 253 4170 
1529 1517 1422 1535 1358 1402 1099 1287 598 323 1160 820 707 693 265 431 
1501 2245 2197 2298 1368 1407 1121 1270 625 323 1157 824 724 709 261 508 
1569 1906 1531 1643 1349 1412 1100 1259 612 323 1168 820 725 709 320 4170 
1513 1900 1911 2147 1406 1380 1201 1308 620 323 1160 810 715 4170 242 441 
1475 1548 2198 2548 1316 1375 1074 1260 617 323 1132 801 4169 4169 4169 4169 
1500 1524 1455 1581 1349 1432 1091 1276 600 323 1159 805 706 672 253 459 
1492 1503 1394 1520 1338 1422 1096 1278 600 323 1157 803 725 677 237 454 
1539 1556 1532 1655 1367 1380 1095 1257 605 323 1145 818 706 4170 241 4170 
1719 1526 2378 2626 1471 1430 1153 1306 1616 323 1126 801 703 685 233 413 
1528 1565 1884 2149 1339 1389 1145 1295 612 323 1150 802 707 696 236 455 
1556 1511 1476 1611 1386 1390 1082 1283 600 323 1165 814 701 698 4170 442 
1484 1777 1838 1995 1390 1385 1096 1261 618 323 1151 815 712 4170 281 4170 
1487 1391 1429 1499 1360 1399 1137 1266 584 323 1122 792 688 661 209 4170 
1481 1527 1398 1529 1347 1393 1117 1281 622 323 1162 819 710 697 244 460 
1576 1521 1558 1647 1391 1392 1111 1259 598 323 1142 808 697 719 256 4170 
1440 1521 1636 1719 1358 1387 1181 1274 632 323 1151 811 709 729 240 450 
1628 1504 1446 1574 1396 1375 1091 1268 594 323 1145 814 700 4170 256 4170 
1550 1484 1397 1527 1345 1394 1159 1279 594 324 1153 822 704 699 228 421 
1490 1487 1815 2022 1444 1378 1075 1273 603 323 1149 806 693 4170 4170 470 
1582 1519 1810 1889 1394 1409 1152 1279 602 323 1144 807 705 683 233 431 
1517 1489 1446 1528 1332 1377 1085 1258 603 324 1140 817 717 4170 318 4170 
1486 1585 1859 1988 1378 1393 1135 1293 613 323 1148 809 706 710 248 430 
1529 2167 1899 2159 1374 1388 1110 1262 617 323 1153 818 723 730 249 4170 
1476 1514 1673 1857 1346 1443 1113 1319 605 323 1156 809 711 680 260 425 
1514 1500 1422 1626 1404 1395 1074 1273 603 323 1154 816 699 726 4170 452 
1445 1510 1645 1764 1329 1380 1088 1258 613 323 1139 804 715 4170 264 4169 
1478 1521 1430 1533 1397 1383 1099 1284 603 323 1157 816 696 4170 267 437 
1506 1581 1470 1564 1376 1407 1077 1271 603 323 1131 814 701 701 4169 4169 
1503 1490 1592 1722 1356 1377 1120 1300 607 323 1147 815 706 4171 237 439 
1642 1445 1644 1828 3704 1418 1099 1299 594 323 1145 798 1867 691 237 446 
1528 1692 1403 1527 1413 1395 1089 1276 611 323 1170 824 704 714 278 448 
1502 1522 2413 2592 1326 1375 1075 1260 608 323 1115 788 4170 4170 4170 4170 
1732 1413 2221 2646 1327 1374 1077 1258 1621 323 1087 800 732 4169 4169 4169 
1540 1502 1433 1562 1317 1384 1083 1275 602 323 1145 809 4170 4170 4170 498 
1501 1501 1450 1664 1372 1386 1081 1277 597 323 1157 815 698 4169 4168 446 
1704 1499 2067 2354 1311 1375 1072 1257 1617 323 1103 799 4169 4169 4169 4169 
1547 1818 2445 2887 3789 1417 1099 1272 618 323 1154 808 3075 703 253 475 
1545 1522 1468 1527 1380 1396 1103 1287 598 323 1154 808 696 730 244 427 
1550 1571 1451 1556 1382 1396 1128 1267 607 323 1150 820 710 700 248 4170 
1587 1526 1410 1526 1431 1393 1133 1296 600 323 1157 819 698 699 229 422 
1556 1530 1452 1537 1332 1428 1105 1263 602 323 1150 821 733 673 254 4170 
1602 1429 1491 1573 1562 1390 1078 1260 593 323 1136 803 684 697 4169 4169 
1580 1583 1810 2011 1331 1396 1147 1258 608 323 1135 807 714 692 233 4170 
1529 1600 1504 1653 1389 1380 1183 1280 604 323 1164 814 709 4170 232 457 
1519 1549 1425 1508 1317 1403 1078 1274 602 323 1162 817 4169 691 4169 442 
1556 1591 1473 1565 1461 1409 1107 1290 605 323 1160 823 701 685 248 467 
1505 1445 1415 1542 1622 1402 1075 1260 590 323 1138 798 678 680 4170 4170 
1468 1479 1446 1508 1359 1396 1081 1264 607 323 1149 817 706 690 4170 4170 
1654 1530 1596 1714 1407 1380 1138 1267 593 323 1139 806 700 4169 262 4169 
1661 2103 2117 2356 1443 1394 1134 1287 614 323 1153 813 715 736 242 484 
1548 1525 1497 1630 1382 1406 1097 1274 599 323 1150 815 708 678 244 447 
1556 1493 1476 1586 1408 1395 1122 1258 604 324 1151 816 695 689 268 4170 
1710 1543 1903 1968 2478 1391 1158 1300 597 324 1146 814 685 721 234 416 
1512 1491 1449 1567 1331 1412 1118 1270 603 323 1149 812 711 673 230 447 
1526 1487 1494 1575 1388 1420 1138 1287 602 323 1148 807 702 679 230 418 
1459 1550 1419 1570 1410 1446 1109 1263 607 323 1149 822 702 684 266 4169 
1548 1731 1398 1509 1438 1419 1093 1256 618 323 1158 821 706 689 268 4171 
1546 1555 1531 1658 1367 1414 1140 1283 603 323 1154 811 709 687 249 438 
1619 1721 1526 1709 1363 1443 1121 1290 612 323 1161 821 714 689 251 444 
1574 1538 2078 2380 1355 1378 1081 1284 602 323 1147 804 708 4170 4170 450 
1525 1455 1456 1646 1325 1377 1127 1262 594 324 1142 805 736 4170 236 4170 
1521 1506 1426 1504 1391 1403 1111 1265 597 323 1143 811 693 673 239 4170 
1581 1518 1434 1551 1414 1397 1114 1259 600 323 1140 810 701 777 238 4170 
1458 1495 1434 1585 1314 1375 1092 1297 597 323 1139 805 4170 4170 242 412 
1494 1902 1441 1591 1327 1405 1093 1261 634 323 1159 829 732 700 272 4170 
1473 1483 1444 1573 1375 1377 1119 1302 613 323 1137 810 702 4170 235 415 
1546 1524 1457 1548 1353 1378 1080 1308 599 323 1155 810 714 4170 4170 427 
1497 1535 1420 1498 1356 1386 1156 1291 610 323 1161 813 707 4169 238 415 
1513 1541 1535 1622 1359 1374 1074 1265 609 324 1144 813 706 4169 4169 4169 
1479 1575 1468 1549 1399 1443 1081 1265 604 323 1147 815 704 677 4170 4170 
1628 1540 1466 1541 1355 1430 1086 1275 602 323 1167 824 709 692 4170 490 
1505 1526 2113 2254 1325 1380 1102 1273 604 323 1126 805 4170 4170 242 448 
1541 1582 1450 1534 1352 1381 1096 1282 611 323 1166 813 707 4170 267 449 
1551 1578 1434 1581 1351 1413 1130 1265 605 323 1148 813 717 686 240 4170 
1498 1534 1470 1612 1341 1376 1102 1256 606 324 1150 814 733 4170 260 4170 
1564 1373 2562 2799 1363 1391 1106 1276 557 324 1102 749 665 647 201 407 
1469 1506 1471 1604 1372 1414 1085 1288 607 323 1150 808 703 680 4169 434 
1540 1509 1650 1928 1354 1389 1123 1281 598 323 1150 797 712 709 246 456 
1590 1519 1496 1605 1345 1394 1092 1258 600 323 1150 817 711 702 269 4170 
1492 1540 1449 1588 1389 1383 1075 1285 601 323 1167 820 699 4169 4169 428 
1472 1538 1431 1626 1374 1430 1074 1314 602 324 1156 812 703 679 4170 423 
1535 1509 1422 1511 1394 1398 1085 1270 597 323 1154 816 699 686 4170 454 
1557 1534 1738 1854 1406 1403 1090 1289 600 323 1156 809 700 686 268 421 
1530 1492 1659 1834 1395 1389 1118 1274 604 323 1145 806 700 707 245 429 
1527 1520 1375 1551 1378 1398 1088 1270 604 323 1175 808 708 694 300 484 
1505 1504 1502 1564 1353 1399 1082 1284 600 323 1160 814 707 695 4170 446 
1485 1524 1396 1502 1376 1381 1073 1276 599 323 1164 819 699 4169 4169 463 
1550 1495 1424 1615 1420 1405 1113 1255 598 323 1150 814 696 692 250 4171 
1500 1487 1464 1603 1333 1422 1135 1280 601 323 1151 806 712 675 222 432 
1553 1392 1411 1530 1314 1384 1071 1268 584 323 1142 805 2013 695 4169 4169 
1620 1550 1662 1831 1383 1378 1081 1263 595 322 1138 804 698 4169 4169 4169 
1473 1531 1451 1556 1324 1396 1110 1277 612 323 1154 809 4171 711 240 430 
1521 1498 1565 1726 1358 1381 1125 1259 602 323 1135 807 710 4170 234 4170 
1477 1546 2402 2754 3955 1412 1142 1305 612 323 1144 796 4171 676 232 423 
1523 1530 2076 2379 2301 1420 1074 1286 596 323 1149 794 680 690 4169 442 
1490 1567 1581 1710 1397 1390 1097 1265 609 323 1146 813 702 727 257 4170 
1504 1511 1449 1547 1346 1424 1083 1266 599 323 1148 815 712 676 261 4170 
1479 1482 1662 1846 1329 1390 1143 1286 602 323 1152 807 728 723 246 418 
1496 1509 1971 2240 1356 1391 1097 1261 600 323 1138 802 712 700 258 4170 
1501 1801 1886 2076 1381 1377 1135 1272 618 322 1157 820 713 4170 250 485 
1525 1494 1397 1522 1332 1391 1074 1270 597 323 1148 807 716 695 4170 4170 
1540 1579 1547 1597 1480 1382 1100 1258 601 324 1143 817 698 4169 253 4169 
1536 1570 1399 1500 1366 1400 1121 1298 602 323 1163 825 713 690 258 439 
1582 1500 1462 1625 1346 1413 1104 1258 597 323 1139 811 707 695 244 4170 
1557 1529 1551 1618 1377 1399 1105 1289 609 323 1160 818 707 704 246 437 
1495 1491 1489 1558 1345 1383 1121 1280 606 323 1150 812 717 4170 230 457 
1480 1450 1449 1592 1338 1389 1105 1261 599 323 1144 811 705 735 262 4170 
1524 1556 1461 1528 1398 1383 1093 1297 601 323 1146 817 700 4170 252 427 
1484 1533 1612 1775 1445 1391 1131 1285 607 323 1151 814 702 714 233 471 
1564 1534 1468 1623 1357 1383 1085 1309 597 323 1158 811 706 4170 4170 432 
1483 1515 1420 1541 1369 1375 1084 1279 601 323 1157 809 704 4170 4170 711 
1609 1658 1395 1510 1426 1391 1094 1280 605 323 1172 823 708 737 260 435 
1528 1535 1457 1644 1336 1389 1109 1271 606 323 1166 820 727 703 249 448 
1553 1499 1434 1553 1365 1397 1126 1258 599 323 1140 812 697 690 0 4170 
1484 1494 1390 1606 1362 1396 1096 1258 605 324 1146 811 705 693 241 4170 
5316 1975 1996 2052 1723 1435 1144 1308 4170 324 1141 820 703 694 265 442 
1532 1491 1398 1571 1390 1389 1121 1262 600 323 1128 810 701 4170 227 4170 
1457 1547 1472 1483 1434 1388 1092 1264 618 323 1154 822 699 725 263 4170 
1621 1508 1497 1652 1404 1393 1107 1255 592 323 1142 813 699 681 240 4170 
1589 1884 2076 2428 1494 1449 1151 1278 615 323 1157 815 709 685 242 450 
1537 1556 1446 1493 1378 1384 1098 1258 604 323 1142 817 702 4170 239 4170 
1501 1514 1453 1534 1390 1399 1087 1258 617 323 1151 816 701 708 297 4171 
1515 1489 1445 1540 1362 1413 1096 1263 595 324 1121 809 706 672 242 4171 
1471 1521 1608 1847 1308 1374 1074 1259 602 324 1140 805 4169 4169 4169 4169 
1514 1516 1386 1524 1380 1393 1079 1291 594 323 1174 804 696 703 4170 422 
1493 2306 2176 2379 1380 1389 1093 1285 626 323 1221 820 731 741 420 443 
1493 1524 1542 1762 1324 1395 1138 1260 607 323 1137 809 746 684 234 4170 
1481 1505 1448 1566 1331 1394 1087 1257 608 323 1135 809 729 687 266 4170 
1505 1959 1726 1895 1387 1376 1093 1280 616 323 1166 817 711 4170 260 475 
1443 1674 2658 2970 1347 1393 1110 1259 629 324 1138 804 721 692 248 4170 
1503 1493 1453 1557 1364 1378 1084 1272 597 323 1152 808 698 4170 4170 465 
1525 1576 1481 1605 1395 1394 1123 1286 606 324 1159 820 713 698 257 426 
1568 1515 1446 1608 1335 1380 1100 1270 600 323 1147 812 716 4170 258 4170 
1481 1496 1619 1740 1415 1459 1103 1277 605 324 1148 810 698 661 237 435 
1519 1504 1399 1557 1383 1419 1103 1316 598 324 1162 811 702 666 245 411 
1516 1511 1798 1990 1387 1468 1287 1301 600 323 1133 800 710 665 216 418 
1723 1637 1945 2178 1364 1388 1117 1261 1619 323 1111 804 713 712 242 4170 
1598 1751 2931 3296 1398 1425 1132 1310 605 323 1149 796 711 687 254 457 
1483 1486 1469 1563 1337 1402 1114 1283 602 323 1147 818 716 689 232 415 
1515 1586 2045 2411 1422 1389 1147 1309 612 323 1150 795 703 714 234 433 
1543 1606 1404 1483 1426 1377 1154 1263 603 323 1149 824 700 4170 233 4170 
1519 1557 1440 1470 1363 1388 1109 1277 604 323 1161 830 720 702 269 421 
1551 1593 1425 1511 1444 1398 1095 1271 606 323 1160 818 699 769 260 461 
1562 1469 1518 1599 1398 1376 1088 1263 593 324 1140 808 695 4170 278 4170 
1571 2042 2293 2647 3834 1378 1073 1276 621 323 1175 811 2932 739 316 441 
1612 1537 1475 1607 1411 1381 1113 1270 603 323 1144 818 703 4170 248 4170 
1566 1514 1442 1551 1410 1394 1106 1267 607 323 1147 815 697 684 236 463 
1497 1557 1502 1707 1353 1411 1129 1274 606 324 1159 810 711 718 240 458 
1504 1549 1481 1571 1330 1378 1099 1266 606 323 1146 811 752 4170 272 4170 
1552 1485 2094 2220 1330 1396 1085 1301 600 323 1141 797 731 698 4171 440 
