1257 0 
1263 0 
1262 0 
1263 0 
1262 0 
1262 0 
1259 0 
1261 0 
1256 0 
1258 0 
1256 0 
1258 0 
1263 0 
1262 0 
1262 0 
1262 0 
1259 0 
1268 0 
1256 0 
1261 0 
1257 0 
1255 0 
1261 0 
1256 0 
1257 0 
1255 0 
1255 0 
1263 0 
1258 0 
1255 0 
1262 0 
1257 0 
1266 0 
1257 0 
1261 0 
1259 0 
1265 0 
1263 0 
1265 0 
1259 0 
1258 0 
1260 0 
1260 0 
1262 0 
1262 0 
1261 0 
1257 0 
1255 0 
1263 0 
1263 0 
1259 0 
1255 0 
1256 0 
1256 0 
1260 0 
1255 0 
1254 0 
1255 0 
1260 0 
1263 0 
1265 0 
1260 0 
1255 0 
1259 0 
1254 0 
1250 0 
1262 0 
1261 0 
1252 0 
1263 0 
1260 0 
1256 0 
1265 0 
1257 0 
1261 0 
1260 0 
1265 0 
1263 0 
1259 0 
1254 0 
1259 0 
1270 0 
1256 0 
1253 0 
1263 0 
1259 0 
1256 0 
1263 0 
1259 0 
1262 0 
1253 0 
1263 0 
1261 0 
1253 0 
1263 0 
1265 0 
1265 0 
1260 0 
1254 0 
1255 0 
1256 0 
1262 0 
1257 0 
1248 0 
1258 0 
1262 0 
1257 0 
1267 0 
1254 0 
1253 0 
1259 0 
1262 0 
1256 0 
1260 0 
1260 0 
1262 0 
1257 0 
1342 0 
1254 0 
1260 0 
1258 0 
1261 0 
1257 0 
1267 0 
1256 0 
1252 0 
1263 0 
1264 0 
1256 0 
1256 0 
1263 0 
1258 0 
1255 0 
1251 0 
1257 0 
1260 0 
1258 0 
1261 0 
1255 0 
1251 0 
1261 0 
1270 0 
1257 0 
1253 0 
1259 0 
1259 0 
1257 0 
1255 0 
1250 0 
1261 0 
1260 0 
1255 0 
1258 0 
1263 0 
1260 0 
1259 0 
1258 0 
1262 0 
1259 0 
1260 0 
1261 0 
1256 0 
1261 0 
1260 0 
1260 0 
1256 0 
1259 0 
1265 0 
1260 0 
1263 0 
1262 0 
1259 0 
1266 0 
1262 0 
1259 0 
1266 0 
1265 0 
1259 0 
1261 0 
1253 0 
1260 0 
1255 0 
1293 0 
1256 0 
1258 0 
1253 0 
1258 0 
1261 0 
1262 0 
1265 0 
1259 0 
1256 0 
1262 0 
1262 0 
1259 0 
1261 0 
1261 0 
1257 0 
1264 0 
1257 0 
1264 0 
1262 0 
1260 0 
1261 0 
1264 0 
1255 0 
1259 0 
1257 0 
1258 0 
1259 0 
1260 0 
1252 0 
1259 0 
1264 0 
1263 0 
1259 0 
1261 0 
1245 0 
1259 0 
1264 0 
1262 0 
1256 0 
1254 0 
1255 0 
1261 0 
1255 0 
1266 0 
1260 0 
1257 0 
1261 0 
1263 0 
1254 0 
1260 0 
1258 0 
1258 0 
1259 0 
1261 0 
1263 0 
1262 0 
1261 0 
1253 0 
1255 0 
1262 0 
1257 0 
1260 0 
1263 0 
1254 0 
1258 0 
1258 0 
1254 0 
1256 0 
1266 0 
1255 0 
1261 0 
1261 0 
1261 0 
1256 0 
1254 0 
1263 0 
1259 0 
1256 0 
1257 0 
1255 0 
1267 0 
1263 0 
1258 0 
1260 0 
1259 0 
1260 0 
1262 0 
1258 0 
1255 0 
1255 0 
1261 0 
1259 0 
1266 0 
1264 0 
1255 0 
1262 0 
1256 0 
1262 0 
1263 0 
1266 0 
1258 0 
1257 0 
1261 0 
1258 0 
1261 0 
1261 0 
1262 0 
1250 0 
1259 0 
1259 0 
1255 0 
1265 0 
1258 0 
1263 0 
1251 0 
1251 0 
1258 0 
1256 0 
1258 0 
1255 0 
1257 0 
1261 0 
1261 0 
1258 0 
1256 0 
1259 0 
1261 0 
1260 0 
1252 0 
1263 0 
1267 0 
1259 0 
1255 0 
1257 0 
1258 0 
1259 0 
1259 0 
1263 0 
1261 0 
1259 0 
1255 0 
1259 0 
1256 0 
1258 0 
1253 0 
1263 0 
1258 0 
1261 0 
1289 0 
1262 0 
1263 0 
1262 0 
1259 0 
1255 0 
1254 0 
1263 0 
1263 0 
1258 0 
1263 0 
1261 0 
1261 0 
1263 0 
1260 0 
1255 0 
1262 0 
1262 0 
1264 0 
1262 0 
1257 0 
1264 0 
1262 0 
1260 0 
1262 0 
1263 0 
1261 0 
1261 0 
1266 0 
1260 0 
1261 0 
1260 0 
1259 0 
1253 0 
1258 0 
1263 0 
1261 0 
1259 0 
1258 0 
1259 0 
1259 0 
1254 0 
1261 0 
1268 0 
1272 0 
1259 0 
1264 0 
1262 0 
1268 0 
1261 0 
1255 0 
1262 0 
1260 0 
1259 0 
1257 0 
1260 0 
1255 0 
1254 0 
1262 0 
1254 0 
1262 0 
1256 0 
1255 0 
1261 0 
1259 0 
1256 0 
1258 0 
1255 0 
1259 0 
1262 0 
1263 0 
1258 0 
1254 0 
1261 0 
1266 0 
1264 0 
1259 0 
1263 0 
1267 0 
1260 0 
1266 0 
1261 0 
1255 0 
1257 0 
1255 0 
1256 0 
1260 0 
1258 0 
1259 0 
1263 0 
1262 0 
1260 0 
1256 0 
1257 0 
1260 0 
1263 0 
1266 0 
1259 0 
1260 0 
1258 0 
1255 0 
1263 0 
1263 0 
1263 0 
1261 0 
1268 0 
1265 0 
1258 0 
1261 0 
1264 0 
1255 0 
1252 0 
1258 0 
1266 0 
1255 0 
1261 0 
1258 0 
1266 0 
1262 0 
1257 0 
1263 0 
1261 0 
1257 0 
1263 0 
1263 0 
1260 0 
1255 0 
1258 0 
1267 0 
1262 0 
1261 0 
1261 0 
1262 0 
1264 0 
1265 0 
1254 0 
1258 0 
1257 0 
1252 0 
1258 0 
1261 0 
1256 0 
1261 0 
1259 0 
1257 0 
1263 0 
1255 0 
1268 0 
1259 0 
1259 0 
1266 0 
1260 0 
1258 0 
1263 0 
1254 0 
1259 0 
1258 0 
1266 0 
1259 0 
1263 0 
1266 0 
1261 0 
1255 0 
1374 0 
1254 0 
1262 0 
1258 0 
1261 0 
1259 0 
1255 0 
1264 0 
1257 0 
1367 0 
1257 0 
1253 0 
1260 0 
1259 0 
1260 0 
1262 0 
1259 0 
1262 0 
1261 0 
1265 0 
1260 0 
1257 0 
1261 0 
1264 0 
1266 0 
1257 0 
1254 0 
1259 0 
1263 0 
1258 0 
1264 0 
1263 0 
1257 0 
1268 0 
1260 0 
1266 0 
1257 0 
1257 0 
1262 0 
1257 0 
1257 0 
1260 0 
1258 0 
1261 0 
1263 0 
1262 0 
1256 0 
1259 0 
1261 0 
1263 0 
1264 0 
1260 0 
1260 0 
1265 0 
1254 0 
1268 0 
1261 0 
1264 0 
1257 0 
1267 0 
1259 0 
1257 0 
1258 0 
1257 0 
1258 0 
1251 0 
1256 0 
1263 0 
1257 0 
1261 0 
1263 0 
1256 0 
1263 0 
1256 0 
1269 0 
1261 0 
1260 0 
1261 0 
1256 0 
1258 0 
1259 0 
1263 0 
1265 0 
1257 0 
1263 0 
1265 0 
1263 0 
1261 0 
1254 0 
1258 0 
1262 0 
1258 0 
1266 0 
1264 0 
1258 0 
1262 0 
1261 0 
1262 0 
1263 0 
1257 0 
1260 0 
1257 0 
1261 0 
1257 0 
1255 0 
1262 0 
1264 0 
1260 0 
1253 0 
1256 0 
1262 0 
1258 0 
1254 0 
1266 0 
1260 0 
1254 0 
1259 0 
1261 0 
1255 0 
1259 0 
1265 0 
1260 0 
1267 0 
1254 0 
1254 0 
1263 0 
1258 0 
1255 0 
1260 0 
1265 0 
1260 0 
1262 0 
1255 0 
1255 0 
1258 0 
1253 0 
1258 0 
1262 0 
1256 0 
1253 0 
1327 0 
1261 0 
1266 0 
1263 0 
1258 0 
1259 0 
1250 0 
1258 0 
1252 0 
1261 0 
1258 0 
1262 0 
1262 0 
1262 0 
1256 0 
1259 0 
1270 0 
1257 0 
1263 0 
1261 0 
1259 0 
1263 0 
1257 0 
1257 0 
1262 0 
1257 0 
1254 0 
1256 0 
1257 0 
1262 0 
1259 0 
1263 0 
1259 0 
1262 0 
1260 0 
1258 0 
1259 0 
1258 0 
1258 0 
1259 0 
1263 0 
1263 0 
1258 0 
1261 0 
1256 0 
1258 0 
1263 0 
1259 0 
1254 0 
1264 0 
1260 0 
1265 0 
1266 0 
1261 0 
1252 0 
1258 0 
1256 0 
1257 0 
1258 0 
1309 0 
1260 0 
1254 0 
1261 0 
1254 0 
1259 0 
1255 0 
1267 0 
1258 0 
1265 0 
1256 0 
1256 0 
1259 0 
1261 0 
1252 0 
1263 0 
1259 0 
1253 0 
1258 0 
1262 0 
1260 0 
1266 0 
1264 0 
1261 0 
1262 0 
1258 0 
1262 0 
1259 0 
1253 0 
1262 0 
1260 0 
1262 0 
1263 0 
1263 0 
1260 0 
1255 0 
1255 0 
1262 0 
1258 0 
1256 0 
1259 0 
1252 0 
1263 0 
1258 0 
1259 0 
1260 0 
1258 0 
1259 0 
1261 0 
1254 0 
1263 0 
1259 0 
1252 0 
1262 0 
1257 0 
1260 0 
1261 0 
1259 0 
1262 0 
1263 0 
1256 0 
1259 0 
1255 0 
1260 0 
1261 0 
1255 0 
1263 0 
1259 0 
1266 0 
1259 0 
1259 0 
1262 0 
1259 0 
1266 0 
1261 0 
1257 0 
1259 0 
1259 0 
1255 0 
1259 0 
1261 0 
1264 0 
1255 0 
1261 0 
1255 0 
1262 0 
1259 0 
1262 0 
1261 0 
1266 0 
1258 0 
1256 0 
1255 0 
1259 0 
1257 0 
1259 0 
1262 0 
1261 0 
1256 0 
1262 0 
1262 0 
1266 0 
1257 0 
1259 0 
1262 0 
1255 0 
1259 0 
1266 0 
1262 0 
1266 0 
1266 0 
1254 0 
1256 0 
1265 0 
1261 0 
1262 0 
1257 0 
1259 0 
1258 0 
1260 0 
1263 0 
1256 0 
1262 0 
1259 0 
1263 0 
1263 0 
1258 0 
1253 0 
1263 0 
1257 0 
1259 0 
1257 0 
1258 0 
1262 0 
1263 0 
1260 0 
1260 0 
1263 0 
1265 0 
1260 0 
1264 0 
1260 0 
1257 0 
1256 0 
1266 0 
1262 0 
1261 0 
1263 0 
1268 0 
1261 0 
1258 0 
1256 0 
1251 0 
1260 0 
1263 0 
1264 0 
1261 0 
1261 0 
1263 0 
1261 0 
1258 0 
1259 0 
1260 0 
1431 0 
1257 0 
1258 0 
1259 0 
1256 0 
1261 0 
1261 0 
1265 0 
1260 0 
1262 0 
1260 0 
1261 0 
1253 0 
1259 0 
1258 0 
1262 0 
1255 0 
1252 0 
1262 0 
1258 0 
1257 0 
1261 0 
1263 0 
1261 0 
1258 0 
1262 0 
1254 0 
1265 0 
1254 0 
1262 0 
1260 0 
1259 0 
1316 0 
1256 0 
1257 0 
1260 0 
1255 0 
1260 0 
1258 0 
1255 0 
1259 0 
1254 0 
1260 0 
1265 0 
1260 0 
1261 0 
1260 0 
1256 0 
1263 0 
1263 0 
1264 0 
1261 0 
1258 0 
1257 0 
1260 0 
1266 0 
1258 0 
1262 0 
1257 0 
1258 0 
1257 0 
1259 0 
1259 0 
1262 0 
1254 0 
1260 0 
1260 0 
1261 0 
1263 0 
1264 0 
1266 0 
1258 0 
1263 0 
1256 0 
1257 0 
1265 0 
1261 0 
1260 0 
1259 0 
1254 0 
1266 0 
1259 0 
1259 0 
1266 0 
1257 0 
1260 0 
1262 0 
1256 0 
1258 0 
1258 0 
1265 0 
1257 0 
1263 0 
1252 0 
1263 0 
1262 0 
1262 0 
1260 0 
1263 0 
1262 0 
1258 0 
1260 0 
1260 0 
1265 0 
1260 0 
1257 0 
1260 0 
1265 0 
1255 0 
1266 0 
1254 0 
1264 0 
1263 0 
1261 0 
1261 0 
1266 0 
1268 0 
1258 0 
1256 0 
1263 0 
1255 0 
1257 0 
1252 0 
1261 0 
1254 0 
1260 0 
1251 0 
1258 0 
1268 0 
1257 0 
1261 0 
1258 0 
1260 0 
1263 0 
1259 0 
1262 0 
1257 0 
1261 0 
1262 0 
1263 0 
1264 0 
1261 0 
1259 0 
