1259 0
1259 0
1257 0
1253 0
1261 0
1257 0
1261 0
1257 0
1257 0
1260 0
1257 0
1259 0
1256 0
1256 0
1256 0
1260 0
1260 0
1256 0
1253 0
1258 0
1257 0
1258 0
1253 0
1258 0
1257 0
1255 0
1260 0
1258 0
1262 0
1258 0
1260 0
1254 0
1260 0
1260 0
1256 0
1261 0
1260 0
1255 0
1258 0
1255 0
1253 0
1252 0
1255 0
1258 0
1258 0
1262 0
1254 0
1258 0
1257 0
1254 0
1255 0
1257 0
1257 0
1260 0
1253 0
1257 0
1258 0
1255 0
1260 0
1254 0
1255 0
1258 0
1255 0
1258 0
1255 0
1259 0
1258 0
1260 0
1258 0
1259 0
1258 0
1262 0
1262 0
1263 0
1253 0
1258 0
1257 0
1260 0
1260 0
1255 0
1259 0
1262 0
1262 0
1253 0
1257 0
1258 0
1255 0
1258 0
1260 0
1260 0
1256 0
1259 0
1255 0
1261 0
1260 0
1258 0
1259 0
1254 0
1256 0
1259 0
1255 0
1259 0
1256 0
1256 0
1261 0
1260 0
1259 0
1257 0
1254 0
1258 0
1257 0
1261 0
1260 0
1259 0
1257 0
1259 0
1260 0
1258 0
1255 0
1257 0
1261 0
1254 0
1255 0
1257 0
1256 0
1257 0
1263 0
1260 0
1259 0
1256 0
1256 0
1256 0
1256 0
1256 0
1255 0
1258 0
1261 0
1260 0
1255 0
1259 0
1258 0
1254 0
1257 0
1260 0
1259 0
1258 0
1260 0
1256 0
1253 0
1254 0
1260 0
1258 0
1257 0
1257 0
1252 0
1254 0
1258 0
1257 0
1255 0
1256 0
1259 0
1259 0
1259 0
1259 0
1260 0
1254 0
1258 0
1256 0
1258 0
1257 0
1257 0
1260 0
1253 0
1260 0
1255 0
1260 0
1256 0
1257 0
1258 0
1251 0
1261 0
1260 0
1253 0
1256 0
1258 0
1256 0
1261 0
1257 0
1259 0
1256 0
1256 0
1255 0
1256 0
1254 0
1259 0
1344 0
1253 0
1256 0
1259 0
1254 0
1258 0
1259 0
1255 0
1258 0
1259 0
1258 0
1255 0
1258 0
1256 0
1256 0
1262 0
1258 0
1255 0
1258 0
1259 0
1256 0
1256 0
1256 0
1251 0
1255 0
1258 0
1306 0
1257 0
1259 0
1259 0
1261 0
1256 0
1256 0
1258 0
1258 0
1259 0
1255 0
1255 0
1257 0
1254 0
1255 0
1255 0
1261 0
1257 0
1252 0
1258 0
1259 0
1255 0
1255 0
1260 0
1255 0
1257 0
1256 0
1256 0
1256 0
1257 0
1262 0
1258 0
1255 0
1253 0
1256 0
1260 0
1258 0
1259 0
1255 0
1258 0
1255 0
1255 0
1255 0
1259 0
1262 0
1258 0
1255 0
1260 0
1261 0
1259 0
1253 0
1258 0
1254 0
1253 0
1260 0
1261 0
1262 0
1255 0
1258 0
1259 0
1259 0
1257 0
1258 0
1257 0
1258 0
1257 0
1258 0
1256 0
1256 0
1251 0
1262 0
1262 0
1259 0
1257 0
1256 0
1258 0
1348 0
1257 0
1253 0
1258 0
1258 0
1253 0
1254 0
1255 0
1258 0
1257 0
1258 0
1255 0
1258 0
1255 0
1259 0
1261 0
1258 0
1261 0
1257 0
1260 0
1255 0
1258 0
1258 0
1259 0
1256 0
1258 0
1259 0
1255 0
1258 0
1255 0
1255 0
1254 0
1259 0
1254 0
1257 0
1257 0
1262 0
1260 0
1255 0
1255 0
1259 0
1256 0
1258 0
1259 0
1260 0
1259 0
1254 0
1253 0
1256 0
1261 0
1258 0
1258 0
1258 0
1258 0
1254 0
1258 0
1254 0
1260 0
1255 0
1257 0
1260 0
1256 0
1256 0
1257 0
1259 0
1259 0
1257 0
1257 0
1253 0
1254 0
1257 0
1263 0
1254 0
1257 0
1259 0
1259 0
1257 0
1254 0
1254 0
1256 0
1258 0
1260 0
1258 0
1256 0
1255 0
1256 0
1256 0
1253 0
1259 0
1258 0
1262 0
1257 0
1256 0
1260 0
1255 0
1255 0
1256 0
1256 0
1257 0
1262 0
1254 0
1258 0
1258 0
1254 0
1254 0
1254 0
1260 0
1252 0
1259 0
1258 0
1255 0
1258 0
1258 0
1258 0
1259 0
1258 0
1260 0
1258 0
1259 0
1260 0
1256 0
1256 0
1261 0
1258 0
1259 0
1255 0
1258 0
1259 0
1258 0
1255 0
1258 0
1255 0
1258 0
1256 0
1257 0
1260 0
1253 0
1261 0
1258 0
1259 0
1259 0
1260 0
1257 0
1254 0
1259 0
1257 0
1260 0
1259 0
1255 0
1260 0
1259 0
1259 0
1259 0
1261 0
1258 0
1258 0
1262 0
1257 0
1254 0
1255 0
1259 0
1262 0
1256 0
1256 0
1258 0
1326 0
1255 0
1258 0
1259 0
1259 0
1259 0
1256 0
1253 0
1255 0
1258 0
1254 0
1254 0
1261 0
1255 0
1262 0
1255 0
1258 0
1258 0
1257 0
1257 0
1259 0
1254 0
1258 0
1258 0
1255 0
1259 0
1255 0
1256 0
1260 0
1256 0
1255 0
1259 0
1259 0
1257 0
1254 0
1259 0
1255 0
1259 0
1257 0
1255 0
1261 0
1257 0
1261 0
1255 0
1259 0
1259 0
1255 0
1255 0
1257 0
1254 0
1262 0
1252 0
1258 0
1259 0
1258 0
1256 0
1254 0
1252 0
1256 0
1258 0
1258 0
1261 0
1257 0
1259 0
1253 0
1256 0
1259 0
1255 0
1258 0
1257 0
1254 0
1258 0
1258 0
1256 0
1253 0
1258 0
1257 0
1255 0
1262 0
1258 0
1258 0
1255 0
1255 0
1255 0
1259 0
1259 0
1257 0
1254 0
1256 0
1257 0
1258 0
1257 0
1254 0
1257 0
1311 0
1254 0
1260 0
1261 0
1260 0
1257 0
1258 0
1256 0
1256 0
1259 0
1259 0
1254 0
1257 0
1254 0
1258 0
1259 0
1258 0
1256 0
1256 0
1257 0
1255 0
1257 0
1256 0
1261 0
1260 0
1254 0
1256 0
1259 0
1260 0
1252 0
1253 0
1256 0
1256 0
1257 0
1259 0
1259 0
1256 0
1261 0
1255 0
1258 0
1256 0
1257 0
1258 0
1258 0
1256 0
1253 0
1261 0
1255 0
1260 0
1262 0
1253 0
1259 0
1256 0
1258 0
1259 0
1253 0
1257 0
1255 0
1259 0
1259 0
1260 0
1257 0
1253 0
1258 0
1259 0
1259 0
1259 0
1262 0
1255 0
1255 0
1255 0
1259 0
1260 0
1255 0
1255 0
1259 0
1257 0
1255 0
1262 0
1258 0
1260 0
1258 0
1255 0
1254 0
1259 0
1253 0
1257 0
1259 0
1259 0
1263 0
1258 0
1257 0
1259 0
1260 0
1260 0
1258 0
1259 0
1253 0
1256 0
1258 0
1259 0
1255 0
1259 0
1255 0
1257 0
1252 0
1257 0
1254 0
1261 0
1262 0
1255 0
1258 0
1257 0
1261 0
1255 0
1256 0
1257 0
1260 0
1255 0
1258 0
1255 0
1257 0
1260 0
1257 0
1255 0
1255 0
1259 0
1255 0
1254 0
1258 0
1261 0
1255 0
1259 0
1257 0
1253 0
1259 0
1258 0
1258 0
1254 0
1257 0
1259 0
1258 0
1259 0
1257 0
1260 0
1260 0
1257 0
1258 0
1261 0
1259 0
1254 0
1254 0
1258 0
1260 0
1259 0
1257 0
1257 0
1259 0
1260 0
1257 0
1253 0
1256 0
1255 0
1256 0
1257 0
1258 0
1259 0
1259 0
1259 0
1259 0
1258 0
1257 0
1262 0
1257 0
1257 0
1257 0
1258 0
1261 0
1253 0
1257 0
1256 0
1257 0
1256 0
1258 0
1258 0
1257 0
1257 0
1259 0
1259 0
1262 0
1255 0
1256 0
1259 0
1258 0
1260 0
1255 0
1259 0
1257 0
1257 0
1255 0
1256 0
1255 0
1260 0
1259 0
1259 0
1256 0
1258 0
1257 0
1258 0
1256 0
1260 0
1254 0
1258 0
1261 0
1255 0
1257 0
1260 0
1256 0
1257 0
1252 0
1259 0
1259 0
1256 0
1254 0
1257 0
1258 0
1259 0
1261 0
1257 0
1258 0
1258 0
1256 0
1259 0
1258 0
1254 0
1261 0
1257 0
1255 0
1255 0
1258 0
1262 0
1259 0
1327 0
1256 0
1255 0
1255 0
1261 0
1261 0
1258 0
1254 0
1256 0
1248 0
1258 0
1261 0
1257 0
1261 0
1254 0
1258 0
1255 0
1255 0
1261 0
1258 0
1259 0
1259 0
1262 0
1247 0
1261 0
1258 0
1257 0
1258 0
1258 0
1258 0
1254 0
1260 0
1253 0
1254 0
1260 0
1259 0
1255 0
1260 0
1255 0
1254 0
1258 0
1261 0
1257 0
1260 0
1258 0
1258 0
1258 0
1255 0
1261 0
1259 0
1260 0
1255 0
1260 0
1257 0
1258 0
1257 0
1256 0
1258 0
1254 0
1257 0
1260 0
1257 0
1253 0
1258 0
1255 0
1254 0
1260 0
1263 0
1258 0
1259 0
1256 0
1262 0
1252 0
1254 0
1253 0
1267 0
1260 0
1257 0
1259 0
1253 0
1254 0
1260 0
1255 0
1256 0
1255 0
1258 0
1258 0
1255 0
1254 0
1261 0
1257 0
1259 0
1259 0
1255 0
1258 0
1253 0
1257 0
1259 0
1255 0
1253 0
1262 0
1257 0
1258 0
1260 0
1260 0
1261 0
1262 0
1255 0
1258 0
1261 0
1261 0
1254 0
1257 0
1255 0
1258 0
1255 0
1254 0
1259 0
1259 0
1256 0
1257 0
1261 0
1258 0
1258 0
1253 0
1259 0
1255 0
1261 0
1260 0
1261 0
1257 0
1258 0
1257 0
1255 0
1260 0
1260 0
1255 0
1253 0
1260 0
1254 0
1258 0
1252 0
1253 0
1258 0
1258 0
1335 0
1252 0
1255 0
1258 0
1257 0
1257 0
1258 0
1260 0
1254 0
1255 0
1256 0
1259 0
1255 0
1258 0
1260 0
1259 0
1255 0
1257 0
1255 0
1257 0
1257 0
1253 0
1258 0
1255 0
1258 0
1261 0
1259 0
1257 0
1257 0
1259 0
1255 0
1260 0
1260 0
1255 0
1259 0
1256 0
1260 0
1257 0
1256 0
1257 0
1259 0
1253 0
1254 0
1259 0
1257 0
1259 0
1258 0
1259 0
1261 0
1259 0
1259 0
1257 0
1254 0
1254 0
1258 0
1257 0
