1256 0
1260 0
1259 0
1257 0
1260 0
1258 0
1258 0
1258 0
1258 0
1258 0
1257 0
1257 0
1259 0
1259 0
1257 0
1260 0
1260 0
1258 0
1260 0
1254 0
1256 0
1256 0
1260 0
1263 0
1256 0
1256 0
1256 0
1262 0
1255 0
1263 0
1258 0
1256 0
1259 0
1259 0
1258 0
1259 0
1255 0
1256 0
1259 0
1258 0
1257 0
1255 0
1262 0
1260 0
1252 0
1257 0
1258 0
1257 0
1259 0
1260 0
1255 0
1255 0
1256 0
1260 0
1263 0
1256 0
1255 0
1257 0
1258 0
1258 0
1256 0
1253 0
1256 0
1254 0
1262 0
1262 0
1262 0
1259 0
1259 0
1255 0
1257 0
1259 0
1262 0
1255 0
1259 0
1254 0
1255 0
1259 0
1259 0
1257 0
1261 0
1261 0
1259 0
1258 0
1260 0
1257 0
1257 0
1262 0
1257 0
1258 0
1259 0
1257 0
1255 0
1257 0
1258 0
1263 0
1261 0
1257 0
1257 0
1259 0
1258 0
1258 0
1256 0
1254 0
1254 0
1256 0
1255 0
1260 0
1259 0
1259 0
1259 0
1260 0
1257 0
1255 0
1260 0
1258 0
1255 0
1259 0
1256 0
1258 0
1258 0
1257 0
1258 0
1260 0
1259 0
1258 0
1259 0
1255 0
1259 0
1253 0
1256 0
1260 0
1257 0
1259 0
1256 0
1259 0
1260 0
1258 0
1258 0
1257 0
1258 0
1256 0
1259 0
1259 0
1263 0
1258 0
1255 0
1259 0
1257 0
1259 0
1255 0
1259 0
1260 0
1257 0
1256 0
1255 0
1254 0
1261 0
1255 0
1260 0
1256 0
1260 0
1259 0
1261 0
1259 0
1262 0
1255 0
1263 0
1258 0
1256 0
1261 0
1260 0
1255 0
1254 0
1258 0
1258 0
1260 0
1257 0
1261 0
1259 0
1257 0
1261 0
1261 0
1263 0
1257 0
1257 0
1259 0
1256 0
1255 0
1258 0
1257 0
1261 0
1258 0
1262 0
1255 0
1261 0
1263 0
1262 0
1254 0
1263 0
1260 0
1256 0
1261 0
1263 0
1259 0
1253 0
1257 0
1259 0
1257 0
1259 0
1257 0
1259 0
1254 0
1260 0
1258 0
1262 0
1257 0
1256 0
1258 0
1255 0
1263 0
1259 0
1257 0
1260 0
1258 0
1261 0
1259 0
1260 0
1255 0
1254 0
1263 0
1252 0
1259 0
1257 0
1257 0
1259 0
1259 0
1256 0
1258 0
1259 0
1257 0
1255 0
1259 0
1260 0
1259 0
1262 0
1258 0
1259 0
1254 0
1255 0
1257 0
1261 0
1255 0
1257 0
1254 0
1257 0
1257 0
1259 0
1259 0
1259 0
1255 0
1258 0
1255 0
1245 0
1259 0
1256 0
1259 0
1258 0
1257 0
1260 0
1258 0
1257 0
1262 0
1258 0
1258 0
1255 0
1262 0
1256 0
1261 0
1257 0
1259 0
1261 0
1260 0
1263 0
1262 0
1259 0
1254 0
1260 0
1254 0
1257 0
1257 0
1253 0
1259 0
1258 0
1259 0
1254 0
1261 0
1257 0
1260 0
1256 0
1263 0
1257 0
1256 0
1259 0
1255 0
1259 0
1255 0
1262 0
1257 0
1259 0
1255 0
1260 0
1259 0
1258 0
1255 0
1259 0
1259 0
1255 0
1259 0
1259 0
1255 0
1256 0
1256 0
1257 0
1255 0
1262 0
1255 0
1258 0
1261 0
1253 0
1259 0
1257 0
1254 0
1261 0
1257 0
1258 0
1262 0
1259 0
1262 0
1258 0
1259 0
1255 0
1257 0
1258 0
1259 0
1254 0
1257 0
1260 0
1257 0
1259 0
1261 0
1262 0
1259 0
1259 0
1260 0
1260 0
1254 0
1257 0
1260 0
1255 0
1261 0
1257 0
1254 0
1256 0
1256 0
1260 0
1257 0
1256 0
1257 0
1255 0
1263 0
1259 0
1259 0
1260 0
1257 0
1258 0
1257 0
1259 0
1258 0
1255 0
1259 0
1260 0
1256 0
1258 0
1256 0
1262 0
1257 0
1260 0
1259 0
1258 0
1258 0
1258 0
1257 0
1255 0
1259 0
1259 0
1262 0
1258 0
1256 0
1254 0
1262 0
1255 0
1261 0
1259 0
1262 0
1259 0
1261 0
1258 0
1258 0
1253 0
1256 0
1257 0
1256 0
1254 0
1259 0
1261 0
1256 0
1259 0
1257 0
1256 0
1258 0
1262 0
1259 0
1258 0
1258 0
1257 0
1263 0
1261 0
1259 0
1259 0
1254 0
1259 0
1263 0
1260 0
1257 0
1259 0
1255 0
1256 0
1259 0
1258 0
1257 0
1263 0
1261 0
1255 0
1255 0
1258 0
1262 0
1258 0
1261 0
1345 0
1257 0
1258 0
1256 0
1258 0
1258 0
1255 0
1258 0
1257 0
1259 0
1262 0
1255 0
1255 0
1259 0
1260 0
1258 0
1258 0
1255 0
1259 0
1256 0
1260 0
1257 0
1257 0
1263 0
1256 0
1262 0
1255 0
1260 0
1258 0
1253 0
1259 0
1258 0
1256 0
1258 0
1260 0
1257 0
1263 0
1259 0
1259 0
1258 0
1258 0
1258 0
1260 0
1255 0
1258 0
1256 0
1260 0
1259 0
1257 0
1259 0
1255 0
1259 0
1260 0
1259 0
1263 0
1257 0
1259 0
1259 0
1259 0
1256 0
1258 0
1253 0
1259 0
1257 0
1257 0
1258 0
1259 0
1259 0
1261 0
1255 0
1260 0
1261 0
1255 0
1260 0
1258 0
1254 0
1261 0
1258 0
1259 0
1257 0
1261 0
1260 0
1259 0
1256 0
1257 0
1262 0
1259 0
1257 0
1259 0
1261 0
1258 0
1257 0
1259 0
1257 0
1255 0
1259 0
1261 0
1254 0
1262 0
1256 0
1259 0
1257 0
1259 0
1257 0
1259 0
1258 0
1258 0
1261 0
1257 0
1258 0
1255 0
1261 0
1259 0
1258 0
1260 0
1259 0
1254 0
1258 0
1258 0
1260 0
1255 0
1253 0
1256 0
1257 0
1260 0
1261 0
1255 0
1261 0
1256 0
1256 0
1254 0
1262 0
1255 0
1260 0
1258 0
1261 0
1256 0
1258 0
1253 0
1260 0
1257 0
1261 0
1256 0
1258 0
1258 0
1261 0
1255 0
1257 0
1258 0
1257 0
1258 0
1255 0
1255 0
1258 0
1257 0
1258 0
1259 0
1255 0
1258 0
1259 0
1256 0
1259 0
1258 0
1262 0
1261 0
1259 0
1256 0
1263 0
1258 0
1259 0
1259 0
1256 0
1256 0
1257 0
1262 0
1259 0
1260 0
1255 0
1253 0
1256 0
1259 0
1261 0
1263 0
1260 0
1263 0
1260 0
1255 0
1254 0
1257 0
1258 0
1258 0
1256 0
1257 0
1257 0
1259 0
1257 0
1255 0
1261 0
1254 0
1258 0
1263 0
1255 0
1260 0
1259 0
1259 0
1254 0
1260 0
1257 0
1254 0
1258 0
1259 0
1258 0
1255 0
1257 0
1261 0
1259 0
1260 0
1259 0
1259 0
1261 0
1258 0
1259 0
1259 0
1257 0
1256 0
1260 0
1258 0
1257 0
1260 0
1255 0
1255 0
1253 0
1259 0
1259 0
1253 0
1260 0
1255 0
1261 0
1254 0
1252 0
1258 0
1257 0
1255 0
1257 0
1258 0
1261 0
1258 0
1255 0
1257 0
1255 0
1258 0
1256 0
1255 0
1254 0
1253 0
1259 0
1263 0
1255 0
1258 0
1263 0
1260 0
1256 0
1259 0
1256 0
1259 0
1257 0
1256 0
1259 0
1258 0
1261 0
1256 0
1250 0
1264 0
1255 0
1259 0
1258 0
1260 0
1254 0
1259 0
1257 0
1258 0
1259 0
1258 0
1254 0
1262 0
1258 0
1259 0
1256 0
1258 0
1257 0
1256 0
1255 0
1260 0
1257 0
1255 0
1256 0
1256 0
1258 0
1254 0
1262 0
1254 0
1260 0
1262 0
1257 0
1259 0
1259 0
1254 0
1257 0
1257 0
1258 0
1255 0
1257 0
1263 0
1259 0
1257 0
1257 0
1258 0
1255 0
1255 0
1257 0
1259 0
1259 0
1261 0
1258 0
1255 0
1255 0
1258 0
1259 0
1259 0
1260 0
1260 0
1255 0
1259 0
1255 0
1260 0
1255 0
1261 0
1262 0
1257 0
1274 0
1257 0
1258 0
1260 0
1261 0
1262 0
1260 0
1261 0
1257 0
1255 0
1259 0
1256 0
1256 0
1257 0
1261 0
1254 0
1259 0
1259 0
1256 0
1256 0
1257 0
1260 0
1258 0
1256 0
1259 0
1259 0
1260 0
1256 0
1253 0
1258 0
1257 0
1262 0
1259 0
1261 0
1253 0
1258 0
1262 0
1261 0
1258 0
1259 0
1255 0
1259 0
1254 0
1258 0
1256 0
1258 0
1260 0
1254 0
1258 0
1258 0
1259 0
1263 0
1258 0
1258 0
1261 0
1257 0
1258 0
1258 0
1257 0
1260 0
1260 0
1256 0
1256 0
1257 0
1259 0
1256 0
1258 0
1259 0
1257 0
1258 0
1261 0
1257 0
1254 0
1257 0
1255 0
1263 0
1263 0
1258 0
1256 0
1257 0
1256 0
1258 0
1255 0
1258 0
1254 0
1260 0
1257 0
1261 0
1258 0
1255 0
1258 0
1254 0
1262 0
1257 0
1260 0
1255 0
1256 0
1263 0
1255 0
1258 0
1259 0
1259 0
1256 0
1254 0
1263 0
1258 0
1258 0
1256 0
1255 0
1259 0
1258 0
1258 0
1260 0
1255 0
1254 0
1257 0
1254 0
1263 0
1258 0
1260 0
1259 0
1258 0
1259 0
1260 0
1259 0
1258 0
1255 0
1258 0
1259 0
1255 0
1259 0
1260 0
1256 0
1258 0
1261 0
1261 0
1262 0
1261 0
1263 0
1258 0
1260 0
1254 0
1258 0
1257 0
1259 0
1262 0
1260 0
1259 0
1258 0
1257 0
1261 0
1259 0
1261 0
1260 0
1260 0
1258 0
1258 0
1257 0
1259 0
1260 0
1262 0
1263 0
1252 0
1261 0
1258 0
1256 0
1253 0
1253 0
1258 0
1259 0
1258 0
1254 0
1261 0
1255 0
1254 0
1260 0
1258 0
1260 0
1262 0
1259 0
1257 0
1258 0
1259 0
1256 0
1258 0
1257 0
1261 0
1260 0
1254 0
1255 0
1261 0
1258 0
1261 0
1259 0
1261 0
1300 0
1268 0
1259 0
1258 0
1258 0
1256 0
1259 0
1261 0
1256 0
1254 0
1257 0
1255 0
1256 0
1256 0
1259 0
1259 0
