1406 1327 5706 16383 1177 1285 1299 1243 1144 1718 8187 8186 8187 8186 8186 8187 
1343 1355 5707 16383 1175 1285 1299 1241 1172 1717 8186 8185 8186 8185 8185 8186 
1349 1293 5707 16383 1175 1286 1299 1245 1123 1717 8185 8184 8184 8184 8184 8185 
1347 1409 5711 16383 1173 1282 1299 1239 1171 1717 8186 8185 8185 8185 8185 8186 
1321 1267 5725 16383 1174 1283 1299 1241 1108 1717 8186 8185 8185 8185 8185 8186 
1339 1278 5725 16383 1175 1285 1298 1241 1111 1718 8186 8185 8186 8185 8185 8186 
1327 1283 5723 16383 1178 1287 1301 1244 1155 1717 8186 8185 8185 8185 8185 8186 
1323 1285 5711 16383 1175 1286 1299 1241 1156 1717 8186 8185 8185 8185 8185 8186 
1340 1330 5719 16383 1174 1285 1299 1242 1169 1717 8186 8185 8185 8185 8185 8186 
1327 1280 5720 16383 1177 1287 1299 1243 1105 1718 8186 8185 8185 8185 8185 8186 
1346 1327 5711 16383 1177 1283 1298 1242 1154 1717 8186 8185 8185 8185 8185 8186 
1323 1279 5715 16383 1174 1283 1299 1241 1135 1718 8186 8185 8185 8185 8185 8186 
1325 1269 5717 16383 1175 1285 1299 1243 1061 1717 8186 8185 8186 8185 8185 8186 
1327 1283 5723 16383 1177 1285 1299 1244 1144 1717 8186 8185 8185 8185 8185 8186 
1335 1295 5713 16383 1175 1283 1299 1241 1142 1717 8186 8185 8185 8185 8185 8186 
1319 1286 5711 16383 1175 1285 1299 1242 1206 1718 8186 8185 8185 8185 8185 8186 
1305 1267 11014 16383 1159 1259 1291 1233 2224 8185 8186 8185 8185 8185 8185 8186 
1335 1307 5715 16383 1174 1283 1301 1242 1156 1717 8186 8185 8185 8185 8185 8186 
1323 1267 5711 16383 1175 1286 1299 1242 1107 1717 8186 8185 8185 8185 8185 8186 
1345 1279 5716 16383 1175 1286 1299 1244 1123 1718 8186 8185 8185 8185 8185 8186 
1323 1270 5711 16383 1175 1284 1299 1242 1116 1717 8186 8185 8185 8185 8185 8186 
1323 1294 5711 16383 1175 1283 1298 1243 1152 1717 8186 8185 8185 8185 8185 8186 
1341 1291 5720 16383 1177 1285 1299 1242 1130 1718 8186 8185 8186 8185 8185 8186 
1329 1273 5718 16383 1175 1285 1299 1241 1126 1717 8186 8185 8185 8185 8185 8186 
1342 1348 5717 16383 1175 1285 1301 1242 1160 1717 8186 8185 8185 8185 8185 8186 
1343 1275 5717 16383 1175 1283 1299 1243 1086 1717 8186 8185 8185 8185 8185 8186 
1326 1274 5711 16383 1173 1283 1297 1243 1108 1717 8186 8185 8186 8185 8185 8186 
1332 1285 5722 16383 1175 1284 1298 1243 1141 1717 8186 8185 8185 8185 8185 8186 
1329 1267 5722 16383 1175 1282 1295 1241 1113 1717 8186 8185 8185 8185 8185 8186 
1391 1293 5724 16383 1173 1284 1297 1239 1114 1718 8185 8184 8184 8184 8184 8185 
1330 1286 5721 16383 1174 1283 1298 1242 1150 1717 8186 8185 8185 8185 8185 8186 
1332 1303 5717 16383 1175 1283 1297 1241 1149 1717 8185 8184 8184 8184 8184 8185 
1326 1288 5710 16383 1175 1286 1299 1241 1165 1715 8186 8185 8185 8185 8185 8186 
1323 1290 5710 16383 1175 1284 1299 1241 1164 1717 8186 8185 8185 8185 8185 8186 
1335 1279 5711 16383 1175 1284 1297 1242 1133 1717 8186 8185 8185 8185 8185 8186 
1325 1285 5718 16383 1175 1284 1299 1242 1153 1717 8186 8185 8185 8185 8185 8186 
1331 1285 5718 16383 1178 1285 1299 1244 1137 1717 8186 8185 8185 8185 8185 8186 
1425 1290 5717 16383 1175 1283 1297 1239 1122 1717 8186 8185 8185 8185 8185 8186 
1371 1293 5723 16383 1175 1285 1300 1241 1126 1717 8186 8185 8186 8185 8185 8186 
1327 1281 5711 16383 1175 1284 1299 1242 1129 1718 8187 8186 8186 8186 8186 8187 
1343 1311 5724 16383 1179 1287 1301 1245 1146 1717 8186 8185 8185 8185 8185 8186 
1410 1315 5725 16383 1175 1283 1298 1241 1133 1718 8186 8185 8185 8185 8185 8186 
1319 1297 5727 16383 1175 1286 1299 1242 1172 1717 8186 8185 8185 8185 8185 8186 
1319 1293 5725 16383 1175 1283 1297 1241 1169 1717 8186 8185 8185 8185 8185 8186 
1370 1280 5721 16383 1175 1286 1299 1244 1121 1717 8187 8186 8186 8186 8186 8187 
1326 1294 5725 16383 1175 1286 1299 1242 1165 1717 8186 8185 8185 8185 8185 8186 
1326 1300 5717 16383 1175 1285 1300 1243 1165 1717 8186 8185 8185 8185 8185 8186 
1390 1279 5718 16383 1175 1283 1299 1241 1115 1717 8186 8185 8185 8185 8185 8186 
1341 1295 5722 16383 1175 1285 1299 1242 1147 1717 8186 8185 8185 8185 8185 8186 
1359 1276 5723 16383 1176 1283 1295 1241 1094 1717 8186 8185 8185 8185 8185 8186 
1329 1326 5725 16383 1175 1284 1300 1241 1170 1717 8186 8185 8185 8185 8185 8186 
1331 1297 5725 16383 1177 1286 1301 1243 1150 1717 8187 8186 8186 8186 8186 8187 
1321 1277 5716 16383 1177 1283 1301 1243 1110 1717 8187 8186 8186 8186 8186 8187 
1351 1297 5711 16383 1175 1282 1297 1242 1140 1717 8187 8186 8186 8186 8186 8187 
1327 1284 5715 16383 1177 1285 1300 1243 1136 1717 8185 8184 8185 8184 8184 8185 
1363 1342 5715 16383 1175 1285 1299 1243 1152 1717 8186 8185 8185 8185 8185 8186 
1326 1289 5713 16383 1174 1284 1297 1239 1140 1718 8186 8185 8185 8185 8185 8186 
1338 1302 5726 16383 1174 1283 1297 1241 1143 1718 8186 8185 8185 8185 8185 8186 
1347 1282 5729 16383 1173 1283 1298 1241 1132 1717 8185 8184 8184 8184 8184 8185 
1331 1341 5730 16383 1175 1285 1299 1243 1179 1718 8186 8185 8185 8185 8185 8186 
1318 1279 5714 16383 1175 1284 1299 1241 1187 1717 8186 8185 8185 8185 8185 8186 
1325 1303 5717 16383 1175 1282 1297 1242 1165 1716 8185 8184 8184 8184 8184 8185 
1326 1317 5726 16383 1175 1285 1299 1243 1163 1717 8187 8186 8186 8186 8186 8187 
1318 1281 5725 16383 1175 1284 1299 1243 1140 1717 8186 8185 8185 8185 8185 8186 
1344 1340 5717 16383 1174 1283 1295 1239 1162 1717 8186 8185 8185 8185 8185 8186 
1403 1295 5718 16383 1175 1285 1299 1243 1137 1718 8186 8185 8185 8185 8185 8186 
1357 1303 5724 16383 1175 1283 1297 1241 1146 1718 8186 8185 8185 8185 8185 8186 
1320 1275 5721 16383 1175 1283 1299 1241 1149 1717 8186 8185 8186 8185 8185 8186 
1370 1255 5727 16383 1175 1285 1299 1241 1172 1717 8187 8186 8186 8186 8186 8187 
1345 1322 5716 16383 1175 1283 1299 1242 1153 1718 8187 8186 8186 8186 8186 8187 
1330 1273 5723 16383 1175 1282 1299 1241 1124 1717 8186 8185 8185 8185 8185 8186 
1333 1317 5719 16383 1177 1287 1300 1242 1150 1717 8186 8185 8185 8185 8185 8186 
1363 1327 5729 16383 1175 1285 1299 1243 1153 1717 8187 8186 8186 8186 8186 8187 
1341 1311 5718 16383 1178 1286 1301 1245 1150 1717 8186 8185 8185 8185 8185 8186 
1355 1271 5719 16383 1175 1285 1297 1241 1113 1717 8186 8185 8185 8185 8185 8186 
1331 1286 5727 16383 1176 1283 1301 1243 1143 1717 8186 8185 8185 8185 8185 8186 
1362 1327 5719 16383 1179 1287 1301 1245 1146 1718 8187 8186 8186 8186 8186 8187 
1323 1277 5722 16383 1175 1283 1298 1239 1151 1717 8186 8185 8185 8185 8185 8186 
1338 1290 5718 16383 1177 1283 1298 1241 1144 1717 8186 8185 8185 8185 8185 8186 
1359 1342 5715 16383 1177 1285 1299 1243 1150 1717 8186 8185 8185 8185 8185 8186 
1340 1282 5729 16383 1175 1285 1299 1242 1146 1717 8186 8185 8185 8185 8185 8186 
1347 1285 5727 16383 1177 1285 1301 1242 1143 1718 8186 8185 8185 8185 8185 8186 
1345 1278 5713 16383 1174 1284 1299 1241 1125 1717 8186 8185 8185 8185 8185 8186 
1324 1333 5725 16383 1177 1285 1301 1243 1169 1717 8186 8185 8185 8185 8185 8186 
1337 1301 5725 16383 1176 1285 1299 1243 1146 1717 8187 8186 8186 8186 8186 8187 
1312 1276 5717 16383 1175 1283 1299 1241 1162 1717 8187 8186 8186 8186 8186 8187 
1331 1282 5719 16383 1175 1284 1299 1241 1158 1717 8186 8185 8185 8185 8185 8186 
1318 1271 5725 16383 1175 1283 1299 1243 1113 1717 8187 8186 8187 8186 8186 8187 
1419 1257 5719 16383 1175 1285 1299 1242 1150 1717 8187 8186 8186 8186 8186 8187 
1334 1299 5721 16383 1175 1285 1299 1241 1158 1717 8186 8185 8185 8185 8185 8186 
1365 1333 5711 16383 1175 1283 1298 1241 1149 1717 8186 8185 8186 8186 8186 8187 
1341 1293 5715 16383 1177 1285 1297 1241 1148 1717 8186 8185 8185 8185 8185 8186 
1329 1285 5711 16383 1173 1281 1295 1239 1156 1717 8186 8185 8185 8185 8185 8186 
1330 1280 5719 16383 1177 1285 1301 1244 1156 1717 8186 8185 8185 8185 8185 8186 
1318 1275 5726 16383 1175 1284 1299 1242 1165 1717 8187 8186 8186 8186 8186 8187 
1313 1293 5717 16383 1174 1283 1295 1241 1177 1717 8187 8186 8186 8186 8186 8187 
1389 1284 5719 16383 1175 1283 1299 1243 1125 1717 8186 8185 8185 8185 8185 8186 
1340 1297 5717 16383 1174 1282 1298 1241 1144 1717 8187 8186 8186 8186 8186 8187 
1324 1276 5730 16383 1174 1286 1299 1242 1137 1717 8186 8185 8185 8185 8185 8186 
1358 1311 5715 16383 1175 1285 1299 1243 1141 1717 8185 8184 8184 8184 8184 8185 
1337 1342 5727 16383 1175 1285 1299 1242 1171 1718 8187 8186 8187 8186 8186 8187 
1339 1317 5730 16383 1175 1283 1299 1241 1169 1717 8186 8185 8185 8185 8185 8186 
1345 1271 5717 16383 1175 1285 1300 1242 1100 1717 8186 8185 8185 8185 8185 8186 
1333 1295 5728 16383 1175 1285 1298 1243 1165 1717 8187 8186 8186 8186 8186 8187 
1344 1359 5728 16383 1173 1285 1299 1241 1170 1717 8185 8184 8184 8184 8184 8185 
1354 1279 5717 16383 1175 1283 1295 1241 1121 1717 8186 8185 8185 8185 8185 8186 
1360 1350 5722 16383 1175 1285 1298 1241 1155 1717 8186 8185 8185 8185 8185 8186 
1319 1283 5729 16383 1175 1285 1299 1243 1139 1717 8185 8184 8185 8184 8184 8185 
1321 1279 5729 16383 1173 1284 1298 1242 1145 1717 8186 8185 8185 8185 8185 8186 
1325 1279 5731 16383 1174 1282 1297 1241 1143 1717 8186 8185 8185 8185 8185 8186 
1363 1275 5729 16383 1177 1286 1299 1243 1123 1717 8186 8185 8185 8185 8185 8186 
1331 1279 5733 16383 1175 1283 1299 1242 1128 1717 8186 8185 8186 8185 8185 8186 
1333 1275 5718 16383 1174 1283 1297 1241 1122 1717 8186 8185 8185 8185 8185 8186 
1327 1307 5728 16383 1174 1284 1301 1241 1165 1717 8186 8185 8185 8185 8185 8186 
1327 1273 5725 16383 1175 1282 1298 1241 1118 1717 8186 8185 8185 8185 8185 8186 
1315 1277 5719 16383 1177 1283 1298 1243 1149 1717 8186 8185 8185 8185 8185 8186 
1325 1271 5717 16383 1175 1281 1297 1239 1113 1715 8187 8186 8186 8186 8186 8187 
1371 1316 5717 16383 1175 1287 1299 1242 1147 1718 8186 8185 8185 8185 8185 8186 
1330 1284 5723 16383 1175 1283 1299 1245 1125 1717 8186 8185 8185 8185 8185 8186 
1355 1298 5729 16383 1179 1286 1301 1243 1127 1717 8186 8185 8185 8185 8185 8186 
1329 1285 5727 16383 1174 1285 1298 1241 1147 1717 8187 8186 8186 8186 8186 8187 
1335 1274 5723 16383 1175 1284 1299 1243 1108 1717 8186 8185 8185 8185 8185 8186 
1378 1279 5714 16383 1175 1283 1299 1241 1112 1717 8186 8185 8185 8185 8185 8186 
1361 1375 5718 16383 1178 1287 1300 1243 1193 1717 8187 8186 8186 8186 8186 8187 
1323 1273 5715 16383 1175 1285 1299 1242 1124 1717 8187 8186 8187 8186 8186 8187 
1335 1330 5719 16383 1177 1285 1298 1243 1166 1717 8185 8184 8184 8184 8184 8185 
1331 1283 5722 16383 1175 1285 1299 1243 1114 1717 8186 8185 8185 8185 8185 8186 
1443 1335 5719 16383 1175 1283 1299 1242 1137 1717 8187 8186 8186 8186 8186 8187 
1357 1275 5726 16383 1177 1285 1301 1243 1072 1716 8186 8185 8185 8185 8185 8186 
1332 1298 5731 16383 1178 1285 1299 1243 1149 1717 8187 8186 8186 8186 8186 8187 
1326 1276 5715 16383 1175 1281 1295 1238 1130 1717 8185 8184 8184 8184 8184 8185 
1318 1275 5730 16383 1175 1285 1299 1241 1129 1717 8186 8185 8185 8185 8185 8186 
1362 1446 5731 16383 1175 1285 1301 1243 1173 1717 8186 8185 8185 8185 8185 8186 
1338 1309 5719 16383 1175 1285 1300 1242 1146 1717 8186 8185 8185 8185 8185 8186 
1323 1277 5731 16383 1175 1283 1298 1242 1129 1717 8186 8185 8185 8185 8185 8186 
1361 1325 5727 16383 1177 1286 1299 1243 1143 1717 8186 8185 8185 8185 8185 8186 
1347 1314 5719 16383 1175 1286 1301 1243 1151 1717 8186 8185 8185 8185 8185 8186 
1321 1282 5730 16383 1175 1283 1295 1242 1141 1717 8186 8185 8185 8185 8185 8186 
1337 1284 5725 16383 1177 1283 1299 1242 1131 1717 8186 8185 8186 8185 8186 8186 
1329 1322 5722 16383 1175 1285 1299 1242 1168 1717 8186 8185 8185 8185 8185 8186 
1346 1299 5719 16383 1177 1285 1301 1243 1138 1717 8185 8184 8184 8184 8184 8185 
1321 1277 5721 16383 1174 1284 1298 1239 1152 1717 8186 8185 8185 8185 8185 8186 
1331 1313 5718 16383 1175 1282 1298 1241 1152 1717 8186 8185 8185 8185 8185 8186 
1324 1275 5718 16383 1175 1284 1299 1243 1148 1716 8187 8186 8186 8186 8186 8187 
1354 1285 5715 16383 1177 1283 1301 1243 1140 1717 8187 8186 8186 8186 8186 8187 
1320 1277 5725 16383 1175 1283 1299 1242 1155 1717 8186 8185 8185 8185 8185 8186 
1340 1295 5725 16383 1171 1283 1297 1239 1137 1717 8185 8184 8184 8184 8184 8185 
1377 1345 5726 16383 1177 1286 1300 1244 1154 1716 8186 8185 8185 8185 8185 8186 
1789 1755 5719 16383 1175 1285 1299 1241 1164 1716 8184 8183 8183 8183 8183 8184 
1317 1275 5726 16383 1174 1285 1299 1242 1135 1717 8186 8185 8185 8185 8185 8186 
1331 1311 5716 16383 1175 1282 1295 1241 1147 1717 8186 8185 8185 8185 8185 8186 
1335 1378 5719 16383 1175 1285 1301 1243 1184 1717 8186 8185 8185 8185 8185 8186 
1336 1286 5717 16383 1177 1285 1299 1242 1131 1717 8186 8185 8185 8185 8185 8186 
1326 1273 5719 16383 1174 1282 1297 1241 1124 1717 8187 8186 8186 8186 8186 8187 
1325 1281 5728 16383 1178 1284 1301 1243 1123 1717 8187 8186 8186 8186 8186 8187 
1373 1260 5729 16383 1177 1283 1299 1243 1175 1716 8186 8185 8185 8185 8185 8186 
1323 1273 5725 16383 1175 1283 1298 1243 1104 1717 8186 8185 8185 8185 8185 8186 
1335 1298 5726 16383 1177 1283 1301 1242 1135 1718 8186 8185 8185 8185 8185 8186 
1333 1303 5730 16383 1175 1285 1300 1242 1151 1717 8187 8186 8186 8186 8186 8187 
1317 1267 5723 16383 1177 1285 1301 1243 1143 1717 8186 8185 8185 8185 8185 8186 
1319 1278 5726 16383 1175 1283 1298 1241 1140 1717 8185 8184 8184 8184 8184 8185 
1364 1274 5722 16383 1175 1285 1299 1241 1093 1715 8185 8184 8184 8184 8184 8185 
1343 1271 5718 16383 1175 1285 1300 1243 1134 1717 8186 8185 8185 8185 8185 8186 
1330 1290 5717 16383 1175 1285 1299 1241 1143 1717 8185 8184 8184 8184 8184 8185 
1319 1266 5726 16383 1175 1285 1299 1241 1100 1716 8187 8186 8186 8186 8186 8187 
1351 1277 5719 16383 1175 1285 1297 1241 1116 1717 8186 8185 8185 8185 8185 8186 
1382 1302 5724 16383 1175 1285 1299 1243 1144 1717 8187 8186 8186 8186 8186 8187 
1450 1317 5729 16383 1177 1283 1299 1242 1119 1717 8186 8185 8185 8185 8185 8186 
1341 1277 5715 16383 1175 1283 1298 1239 1144 1717 8186 8185 8186 8185 8185 8186 
1320 1281 5725 16383 1175 1285 1299 1243 1161 1717 8185 8184 8184 8184 8184 8185 
1340 1279 5729 16383 1176 1285 1301 1241 1124 1717 8185 8184 8184 8184 8184 8185 
1303 1327 5736 16383 1175 1285 1299 1241 1488 1712 8186 8185 8185 8185 8185 8186 
1350 1377 5721 16383 1177 1285 1300 1243 1167 1717 8186 8185 8185 8185 8185 8186 
1352 1327 5721 16383 1175 1285 1297 1240 1147 1717 8186 8185 8185 8185 8185 8186 
1325 1305 5723 16383 1175 1285 1299 1243 1198 1717 8186 8185 8185 8185 8185 8186 
1331 1287 5722 16383 1175 1285 1299 1242 1133 1717 8186 8185 8185 8185 8185 8186 
1345 1302 5727 16383 1175 1285 1299 1241 1152 1717 8186 8185 8186 8185 8185 8186 
1383 1282 5725 16383 1175 1285 1299 1242 1108 1717 8186 8185 8186 8185 8185 8186 
1349 1399 5721 16383 1177 1286 1301 1245 1179 1716 8186 8185 8185 8185 8185 8186 
1331 1278 5719 16383 1173 1283 1295 1239 1136 1717 8187 8186 8186 8186 8186 8187 
1351 1275 5719 16383 1175 1283 1299 1243 1120 1717 8186 8185 8185 8185 8185 8186 
1324 1284 5723 16383 1175 1284 1299 1243 1146 1717 8186 8185 8185 8185 8185 8186 
1333 1269 5724 16383 1175 1283 1299 1241 1113 1717 8187 8186 8186 8186 8186 8187 
1345 1267 5726 16383 1174 1283 1298 1241 1092 1717 8186 8185 8185 8185 8185 8186 
1327 1276 5721 16383 1180 1287 1303 1246 1140 1717 8186 8185 8186 8185 8185 8186 
1341 1270 5718 16383 1173 1285 1298 1241 1092 1717 8185 8184 8184 8184 8184 8185 
1320 1295 5731 16383 1175 1284 1300 1242 1174 1717 8187 8186 8186 8186 8186 8187 
1327 1290 5717 16383 1178 1285 1300 1243 1151 1717 8186 8185 8185 8185 8185 8186 
1354 1370 5721 16383 1174 1283 1295 1241 1172 1716 8185 8184 8184 8184 8184 8185 
1335 1301 5729 16383 1175 1285 1299 1243 1160 1717 8186 8185 8185 8185 8185 8186 
1325 1311 5731 16383 1175 1283 1299 1242 1167 1717 8186 8185 8185 8185 8185 8186 
1325 1298 5729 16383 1175 1285 1298 1241 1165 1717 8187 8186 8186 8186 8186 8187 
1369 1271 5728 16383 1175 1285 1299 1242 1101 1717 8185 8184 8184 8184 8184 8185 
1332 1286 5726 16383 1177 1286 1299 1243 1138 1716 8186 8185 8185 8185 8185 8186 
1357 1327 5718 16383 1173 1281 1298 1239 1157 1717 8185 8184 8184 8184 8184 8185 
1321 1315 5731 16383 1175 1284 1301 1243 1189 1717 8186 8185 8185 8185 8185 8186 
1360 1270 5711 16383 1173 1282 1298 1241 1097 1716 8186 8185 8185 8185 8185 8186 
1321 1295 5719 16383 1175 1285 1302 1243 1166 1716 8186 8185 8185 8185 8185 8186 
1319 1271 5716 16383 1173 1282 1299 1241 1133 1718 8186 8185 8186 8185 8185 8186 
1327 1265 5716 16383 1175 1283 1297 1241 1053 1717 8187 8186 8186 8186 8186 8187 
1319 1274 5717 16383 1173 1283 1295 1239 1137 1717 8186 8185 8185 8185 8185 8186 
1327 1283 5725 16383 1175 1283 1299 1241 1147 1717 8186 8185 8185 8185 8185 8186 
1347 1270 5716 16383 1175 1283 1298 1239 1106 1717 8186 8185 8185 8185 8185 8186 
1379 1325 5730 16383 1175 1285 1301 1242 1143 1717 8186 8185 8185 8185 8185 8186 
1339 1312 5728 16383 1174 1284 1299 1243 1152 1717 8186 8185 8185 8185 8185 8186 
1318 1273 5719 16383 1175 1285 1298 1242 1150 1716 8185 8184 8184 8184 8184 8185 
1343 1364 5721 16383 1177 1285 1299 1241 1164 1717 8185 8184 8184 8184 8184 8185 
1330 1281 5721 16383 1175 1287 1301 1243 1146 1717 8186 8185 8185 8185 8185 8186 
1323 1277 5731 16383 1175 1284 1299 1242 1145 1717 8186 8185 8185 8185 8185 8186 
1342 1299 5718 16383 1173 1283 1298 1241 1134 1717 8186 8185 8185 8185 8185 8186 
1315 1276 5719 16383 1174 1283 1299 1242 1149 1718 8186 8185 8185 8185 8185 8186 
1346 1381 5731 16383 1175 1285 1300 1242 1175 1717 8186 8185 8185 8185 8185 8186 
1331 1278 5728 16383 1175 1285 1298 1241 1146 1717 8185 8184 8184 8184 8184 8185 
1321 1263 5719 16383 1174 1285 1299 1242 1100 1716 8186 8185 8185 8185 8185 8186 
1355 1431 5716 16383 1174 1284 1298 1243 1165 1717 8186 8185 8185 8185 8185 8186 
1327 1283 5713 16383 1175 1282 1299 1241 1136 1717 8186 8185 8185 8185 8185 8186 
1333 1269 5726 16383 1175 1285 1299 1241 1058 1717 8185 8184 8184 8184 8184 8185 
1327 1287 5715 16383 1174 1283 1297 1241 1143 1717 8185 8184 8184 8184 8184 8185 
1349 1275 5715 16383 1174 1281 1297 1241 1110 1717 8187 8186 8187 8186 8186 8187 
1355 1279 5726 16383 1175 1284 1301 1243 1112 1716 8186 8185 8185 8185 8185 8186 
1335 1277 5717 16383 1175 1285 1299 1242 1126 1717 8186 8185 8185 8185 8185 8186 
1345 1283 5715 16383 1173 1284 1298 1241 1123 1717 8185 8184 8184 8184 8184 8185 
1318 1270 5725 16383 1175 1285 1298 1242 1152 1717 8186 8185 8185 8185 8185 8186 
1341 1313 5717 16383 1175 1285 1298 1243 1148 1717 8187 8186 8186 8186 8186 8187 
1331 1314 5727 16383 1172 1281 1297 1241 1164 1717 8186 8185 8185 8185 8185 8186 
1331 1331 5729 16383 1175 1285 1299 1242 1163 1716 8186 8185 8185 8185 8185 8186 
1333 1271 5723 16383 1175 1285 1299 1242 1126 1717 8186 8185 8185 8185 8185 8186 
1342 1267 5717 16383 1177 1285 1301 1243 1044 1716 8186 8185 8185 8185 8185 8186 
1329 1305 5724 16383 1177 1284 1301 1243 1159 1716 8187 8186 8187 8186 8186 8187 
1323 1268 5727 16383 1175 1283 1301 1242 1075 1717 8185 8184 8184 8184 8184 8185 
1335 1282 5711 16383 1175 1285 1298 1241 1136 1717 8185 8184 8184 8184 8184 8185 
1378 1338 5725 16383 1177 1285 1299 1241 1145 1717 8186 8185 8185 8185 8185 8186 
1322 1281 5717 16383 1175 1284 1297 1242 1144 1717 8186 8185 8185 8185 8185 8186 
1325 1274 5726 16383 1175 1285 1299 1243 1126 1717 8186 8185 8185 8185 8185 8186 
1323 1295 5723 16383 1175 1286 1297 1242 1153 1717 8186 8185 8185 8185 8185 8186 
1410 1339 5718 16383 1175 1285 1298 1242 1132 1717 8186 8185 8185 8185 8185 8186 
1354 1291 5724 16383 1175 1286 1299 1241 1135 1717 8187 8186 8186 8186 8186 8187 
1367 1279 5725 16383 1179 1287 1303 1245 1099 1717 8186 8185 8185 8185 8185 8186 
1365 1285 5721 16383 1175 1283 1297 1239 1121 1717 8186 8185 8185 8185 8185 8186 
1337 1313 5723 16383 1175 1286 1300 1242 1148 1717 8185 8184 8184 8184 8184 8185 
1324 1293 5723 16383 1175 1283 1299 1242 1149 1717 8186 8185 8185 8185 8185 8186 
1329 1281 5722 16383 1173 1281 1295 1239 1125 1717 8187 8186 8186 8186 8186 8187 
1327 1270 5729 16383 1178 1285 1299 1243 1120 1717 8186 8185 8185 8185 8185 8186 
1343 1289 5718 16383 1175 1283 1299 1241 1125 1717 8185 8184 8184 8184 8184 8185 
1400 1278 5725 16383 1177 1285 1298 1243 1112 1716 8187 8186 8186 8186 8186 8187 
1350 1299 5717 16383 1173 1284 1298 1239 1137 1717 8186 8185 8185 8185 8185 8186 
1320 1281 5721 16383 1174 1284 1298 1241 1144 1717 8186 8185 8185 8185 8185 8186 
1358 1278 5722 16383 1175 1285 1298 1241 1120 1717 8186 8185 8185 8185 8185 8186 
1335 1276 5728 16383 1175 1284 1298 1242 1111 1717 8186 8185 8185 8185 8185 8186 
1327 1291 5730 16383 1177 1285 1300 1244 1166 1717 8186 8185 8185 8185 8185 8186 
1343 1358 5725 16383 1175 1285 1299 1243 1170 1717 8186 8185 8185 8185 8185 8186 
1331 1267 5729 16383 1177 1286 1301 1245 1101 1716 8186 8185 8185 8185 8185 8186 
1326 1293 5725 16383 1174 1283 1299 1241 1152 1717 8186 8185 8185 8185 8185 8186 
1320 1263 5722 16383 1175 1283 1298 1241 1128 1717 8186 8185 8185 8185 8185 8186 
1327 1309 5730 16383 1177 1287 1301 1243 1170 1717 8187 8186 8186 8186 8186 8187 
1335 1263 5734 16383 1174 1283 1298 1242 1091 1717 8186 8185 8185 8185 8185 8186 
1344 1295 5732 16383 1175 1285 1299 1243 1138 1717 8186 8185 8185 8185 8185 8186 
1337 1291 5727 16383 1175 1285 1298 1241 1134 1717 8186 8185 8185 8185 8185 8186 
1322 1269 5729 16383 1175 1284 1299 1245 1075 1717 8186 8185 8186 8185 8185 8186 
1342 1301 5727 16383 1175 1284 1299 1242 1160 1717 8186 8185 8185 8185 8185 8186 
1391 1367 5718 16383 1173 1282 1297 1239 1150 1716 8187 8186 8186 8186 8186 8187 
1401 1295 5723 16383 1174 1284 1299 1243 1118 1717 8186 8185 8185 8185 8185 8186 
1333 1274 5723 16383 1174 1282 1298 1241 1137 1717 8186 8185 8185 8185 8185 8186 
1350 1300 5721 16383 1177 1285 1299 1242 1142 1717 8185 8184 8184 8184 8184 8185 
1325 1268 5728 16383 1175 1283 1295 1239 1123 1717 8186 8185 8185 8185 8185 8186 
1331 1293 5723 16383 1173 1284 1295 1241 1172 1717 8186 8185 8185 8185 8185 8186 
1333 1273 5723 16383 1177 1285 1301 1243 1126 1717 8186 8185 8185 8185 8185 8186 
1330 1284 5729 16383 1177 1285 1301 1244 1153 1716 8186 8185 8185 8185 8185 8186 
1352 1285 5731 16383 1177 1285 1300 1243 1127 1717 8187 8186 8186 8186 8186 8187 
1322 1270 5723 16383 1178 1285 1299 1243 1138 1717 8187 8186 8186 8186 8186 8187 
1359 1270 5719 16383 1173 1283 1297 1241 1111 1718 8186 8185 8185 8185 8185 8186 
1333 1327 5725 16383 1175 1283 1299 1243 1198 1717 8186 8185 8185 8185 8185 8186 
1337 1279 5717 16383 1175 1285 1299 1241 1135 1717 8186 8185 8185 8185 8185 8186 
1334 1293 5725 16383 1175 1283 1299 1242 1130 1717 8186 8185 8185 8185 8185 8186 
1361 1315 5731 16383 1174 1285 1299 1243 1146 1717 8186 8185 8185 8185 8185 8186 
1318 1269 5729 16383 1175 1284 1300 1243 1111 1717 8186 8185 8185 8185 8185 8186 
1327 1317 5711 16383 1173 1282 1295 1239 1158 1717 8186 8185 8185 8185 8185 8186 
1319 1293 5724 16383 1175 1283 1298 1239 1173 1718 8186 8185 8185 8185 8185 8186 
1323 1274 5727 16383 1175 1284 1299 1241 1153 1717 8186 8185 8186 8185 8185 8186 
1330 1270 5721 16383 1173 1283 1299 1241 1091 1717 8186 8185 8185 8185 8185 8186 
1338 1278 5727 16383 1178 1287 1299 1243 1120 1717 8186 8185 8185 8185 8185 8186 
1330 1279 5715 16383 1173 1283 1295 1239 1139 1717 8186 8185 8185 8185 8185 8186 
1327 1279 5727 16383 1177 1286 1301 1243 1140 1717 8186 8185 8185 8185 8185 8186 
1329 1288 5719 16383 1177 1285 1301 1242 1137 1717 8186 8185 8185 8185 8185 8186 
1328 1273 5717 16383 1175 1284 1299 1243 1120 1717 8186 8185 8185 8185 8185 8186 
1351 1287 5725 16383 1178 1285 1299 1243 1138 1717 8186 8185 8185 8185 8185 8186 
1329 1283 5714 16383 1175 1285 1300 1243 1126 1718 8186 8185 8185 8185 8185 8186 
1327 1270 5725 16383 1175 1283 1295 1239 1111 1716 8187 8186 8186 8186 8186 8187 
1330 1287 5717 16383 1175 1283 1299 1243 1145 1717 8185 8184 8184 8184 8184 8185 
1331 1278 5719 16383 1175 1285 1299 1243 1142 1717 8187 8186 8187 8186 8186 8187 
1321 1313 5724 16383 1175 1285 1299 1242 1166 1717 8185 8184 8184 8184 8184 8185 
1383 1269 5722 16383 1175 1284 1298 1243 1077 1717 8186 8185 8185 8185 8185 8186 
1319 1271 5719 16383 1175 1285 1299 1241 1123 1717 8186 8185 8185 8185 8185 8186 
1327 1335 5723 16383 1174 1283 1299 1241 1179 1717 8186 8185 8185 8185 8185 8186 
1348 1289 5726 16383 1175 1284 1298 1241 1144 1717 8186 8185 8185 8185 8185 8186 
1333 1311 5717 16383 1175 1285 1299 1241 1158 1718 8187 8186 8186 8186 8186 8187 
1323 1283 5721 16383 1175 1287 1298 1244 1153 1717 8186 8185 8185 8185 8185 8186 
1324 1282 5711 16383 1175 1285 1298 1241 1165 1716 8186 8185 8185 8185 8185 8186 
1389 1461 5727 16383 1174 1284 1300 1243 1161 1716 8187 8186 8186 8186 8186 8187 
1333 1284 5718 16383 1177 1286 1298 1242 1140 1717 8187 8186 8186 8186 8186 8187 
1334 1307 5729 16383 1175 1284 1299 1242 1141 1717 8186 8185 8185 8185 8185 8186 
1335 1274 5719 16383 1175 1285 1299 1239 1130 1717 8187 8186 8186 8186 8186 8187 
1321 1276 5723 16383 1175 1283 1299 1241 1154 1717 8186 8185 8185 8185 8185 8186 
1336 1277 5725 16383 1177 1286 1299 1242 1111 1717 8186 8185 8185 8185 8185 8186 
1338 1278 5713 16383 1175 1283 1297 1239 1111 1716 8187 8186 8186 8186 8186 8187 
1331 1274 5713 16383 1175 1283 1298 1243 1135 1717 8185 8184 8184 8184 8184 8185 
1338 1317 5727 16383 1175 1283 1297 1243 1150 1717 8186 8185 8185 8185 8185 8186 
1331 1281 5714 16383 1177 1285 1298 1243 1148 1717 8186 8185 8185 8185 8185 8186 
1331 1289 5722 16383 1177 1285 1299 1243 1149 1717 8187 8186 8186 8186 8186 8187 
1319 1269 5719 16383 1177 1285 1299 1244 1123 1717 8185 8184 8184 8184 8184 8185 
1325 1277 5728 16383 1175 1285 1301 1243 1147 1717 8187 8186 8186 8186 8186 8187 
1467 1257 5719 16383 1175 1282 1297 1239 1165 1716 8186 8185 8186 8185 8185 8186 
1387 1311 5723 16383 1175 1285 1301 1243 1137 1717 8186 8185 8185 8185 8185 8186 
1348 1280 5722 16383 1175 1286 1301 1243 1135 1717 8186 8185 8185 8185 8185 8186 
1339 1284 5713 16383 1175 1283 1300 1242 1126 1717 8186 8185 8185 8185 8185 8186 
1335 1268 5730 16383 1175 1283 1297 1242 1116 1717 8186 8185 8185 8185 8185 8186 
1318 1285 5726 16383 1173 1285 1297 1243 1169 1718 8186 8185 8186 8185 8185 8186 
1339 1267 5716 16383 1175 1283 1295 1242 1083 1717 8186 8185 8185 8185 8185 8186 
1352 1299 5733 16383 1175 1285 1299 1241 1136 1717 8187 8186 8186 8186 8186 8187 
1321 1313 5725 16383 1175 1285 1299 1242 1183 1717 8186 8185 8185 8185 8185 8186 
1323 1271 5716 16383 1175 1284 1299 1242 1122 1717 8186 8185 8185 8185 8185 8186 
1325 1274 5719 16383 1177 1283 1299 1241 1129 1717 8185 8184 8184 8184 8184 8185 
1335 1292 5728 16383 1175 1285 1299 1243 1147 1717 8187 8186 8186 8186 8186 8187 
1335 1274 5719 16383 1176 1287 1301 1242 1100 1716 8186 8185 8185 8185 8185 8186 
1319 1293 5725 16383 1175 1284 1298 1241 1163 1717 8186 8185 8185 8185 8185 8186 
1321 1278 5724 16383 1175 1284 1298 1242 1135 1718 8185 8184 8184 8184 8184 8185 
1327 1270 5728 16383 1175 1285 1299 1243 1115 1717 8186 8185 8185 8185 8185 8186 
1357 1305 5729 16383 1175 1285 1299 1242 1148 1716 8187 8186 8186 8186 8186 8187 
1319 1278 5729 16383 1174 1283 1299 1241 1154 1716 8187 8186 8186 8186 8186 8187 
1321 1308 5722 16383 1173 1283 1298 1241 1164 1716 8186 8185 8185 8185 8185 8186 
1341 1319 5723 16383 1175 1282 1299 1242 1152 1716 8186 8185 8185 8185 8185 8186 
1334 1277 5725 16383 1177 1285 1299 1243 1125 1717 8185 8184 8184 8184 8184 8185 
1324 1275 5731 16383 1173 1283 1298 1241 1137 1717 8186 8185 8186 8186 8186 8187 
1323 1286 5725 16383 1175 1284 1299 1242 1144 1717 8187 8186 8186 8186 8186 8187 
1323 1271 5719 16383 1174 1283 1299 1243 1135 1717 8187 8186 8186 8186 8186 8187 
1325 1298 5726 16383 1177 1283 1300 1242 1161 1716 8185 8184 8185 8184 8184 8185 
1353 1291 5731 16383 1177 1285 1299 1243 1140 1717 8187 8186 8186 8186 8186 8187 
1324 1275 5713 16383 1175 1284 1299 1242 1126 1717 8186 8185 8185 8185 8185 8186 
1346 1283 5721 16383 1177 1285 1299 1243 1107 1716 8186 8185 8185 8185 8185 8186 
1332 1292 5729 16383 1177 1285 1299 1241 1131 1716 8186 8185 8185 8185 8185 8186 
1331 1295 5714 16383 1175 1286 1299 1243 1151 1716 8187 8186 8186 8186 8186 8187 
1353 1271 5728 16383 1174 1285 1299 1242 1117 1716 8187 8186 8186 8186 8186 8187 
1322 1279 5713 16383 1175 1286 1299 1243 1152 1716 8186 8185 8185 8185 8185 8186 
1323 1271 5726 16383 1177 1285 1298 1241 1126 1717 8187 8186 8186 8186 8186 8187 
1392 1294 5719 16383 1177 1285 1299 1241 1125 1718 8186 8185 8185 8185 8185 8186 
1327 1263 5727 16383 1175 1283 1298 1243 1040 1717 8186 8185 8185 8185 8185 8186 
1327 1286 5727 16383 1175 1285 1300 1241 1140 1717 8185 8184 8185 8184 8185 8186 
1341 1277 5726 16383 1175 1285 1298 1242 1127 1717 8186 8185 8185 8185 8185 8186 
1341 1299 5730 16383 1175 1283 1298 1241 1145 1717 8185 8184 8184 8184 8184 8185 
1329 1289 5719 16383 1179 1285 1301 1243 1160 1717 8186 8185 8185 8185 8185 8186 
1319 1280 5717 16383 1175 1283 1299 1242 1152 1717 8186 8185 8185 8185 8185 8186 
1322 1277 5728 16383 1177 1283 1298 1242 1136 1717 8186 8185 8185 8185 8185 8186 
1325 1273 5726 16383 1174 1282 1299 1239 1125 1717 8186 8185 8186 8185 8185 8186 
1321 1285 5725 16383 1175 1284 1298 1242 1158 1716 8187 8186 8186 8186 8186 8187 
1354 1347 5720 16383 1175 1285 1295 1239 1160 1716 8186 8185 8185 8185 8185 8186 
1315 1281 5721 16383 1177 1287 1301 1243 1171 1716 8185 8184 8184 8184 8184 8185 
1344 1281 5717 16383 1177 1285 1299 1242 1127 1717 8186 8185 8185 8185 8185 8186 
1332 1273 5729 16383 1175 1283 1298 1242 1138 1717 8186 8185 8185 8185 8185 8186 
1320 1274 5721 16383 1175 1286 1301 1241 1151 1716 8186 8185 8185 8185 8185 8186 
1339 1285 5719 16383 1177 1286 1301 1243 1145 1717 8186 8185 8185 8185 8185 8186 
1346 1311 5719 16383 1175 1284 1299 1239 1144 1717 8185 8184 8184 8184 8184 8185 
1333 1283 5726 16383 1175 1283 1299 1241 1132 1717 8186 8185 8185 8185 8185 8186 
1330 1324 5727 16383 1177 1286 1300 1243 1165 1717 8185 8184 8184 8184 8184 8185 
1367 1279 5725 16383 1175 1283 1298 1242 1111 1716 8186 8185 8185 8185 8185 8186 
1319 1281 5721 16383 1177 1285 1301 1244 1155 1717 8186 8185 8185 8185 8185 8186 
1326 1284 5727 16383 1175 1284 1295 1239 1135 1716 8185 8184 8185 8184 8184 8185 
1334 1337 5730 16383 1174 1285 1299 1243 1160 1717 8187 8186 8186 8186 8186 8187 
1342 1274 5723 16383 1175 1285 1298 1241 1129 1717 8186 8185 8185 8185 8185 8186 
1328 1279 5724 16383 1175 1285 1299 1242 1132 1717 8187 8186 8186 8186 8186 8187 
1350 1276 5719 16383 1177 1283 1299 1241 1117 1717 8187 8186 8186 8186 8186 8187 
1375 1335 5721 16383 1177 1285 1300 1243 1161 1717 8186 8185 8185 8185 8185 8186 
1321 1266 5721 16383 1173 1282 1295 1241 1115 1717 8186 8185 8185 8185 8185 8186 
1346 1295 5721 16383 1177 1285 1299 1243 1142 1717 8187 8186 8186 8186 8186 8187 
1344 1279 5725 16383 1179 1287 1301 1245 1094 1716 8187 8186 8186 8186 8186 8187 
1323 1273 5731 16383 1177 1283 1299 1243 1106 1717 8186 8185 8185 8185 8185 8186 
1330 1283 5719 16383 1175 1282 1299 1239 1126 1716 8187 8186 8186 8186 8186 8187 
1347 1307 5730 16383 1175 1285 1299 1243 1137 1717 8186 8185 8185 8185 8185 8186 
1325 1269 5723 16383 1175 1285 1299 1242 1099 1716 8186 8185 8185 8185 8185 8186 
1326 1265 5715 16383 1177 1283 1298 1239 1123 1718 8186 8185 8186 8185 8185 8186 
1322 1271 5719 16383 1174 1283 1299 1243 1144 1716 8186 8185 8185 8185 8185 8186 
1323 1284 5719 16383 1174 1283 1298 1239 1148 1718 8186 8185 8185 8185 8185 8186 
1326 1282 5732 16383 1175 1283 1298 1241 1149 1717 8186 8185 8186 8185 8185 8186 
1352 1276 5728 16383 1175 1284 1299 1243 1106 1717 8187 8186 8186 8186 8186 8187 
1365 1269 5722 16383 1177 1285 1302 1243 1086 1716 8186 8185 8185 8185 8185 8186 
1322 1271 5717 16383 1175 1283 1298 1241 1042 1717 8186 8185 8185 8185 8185 8186 
1331 1271 5719 16383 1175 1284 1295 1243 1138 1716 8186 8185 8185 8185 8185 8186 
1354 1277 5718 16383 1175 1283 1300 1242 1120 1717 8187 8186 8186 8186 8186 8187 
1333 1277 5724 16383 1175 1283 1297 1241 1084 1716 8186 8185 8185 8185 8185 8186 
1321 1279 5723 16383 1178 1284 1300 1243 1145 1717 8186 8185 8185 8185 8185 8186 
1321 1282 5723 16383 1175 1283 1298 1239 1161 1717 8187 8186 8186 8186 8186 8187 
1331 1301 5725 16383 1175 1287 1299 1243 1150 1717 8186 8185 8185 8185 8185 8186 
1341 1300 5729 16383 1178 1286 1303 1243 1147 1717 8186 8185 8185 8185 8185 8186 
1337 1271 5719 16383 1178 1286 1299 1242 1116 1717 8186 8185 8185 8185 8185 8186 
1351 1303 5724 16383 1175 1283 1299 1241 1128 1717 8186 8185 8185 8185 8185 8186 
1324 1275 5715 16383 1174 1286 1299 1241 1145 1717 8187 8186 8186 8186 8186 8187 
1343 1271 5731 16383 1175 1284 1299 1242 1107 1717 8186 8185 8185 8185 8185 8186 
1327 1270 5717 16383 1175 1283 1297 1241 1108 1717 8186 8185 8185 8185 8185 8186 
1347 1273 5729 16383 1175 1285 1301 1241 1074 1717 8186 8185 8185 8185 8185 8186 
1341 1294 5724 16383 1177 1283 1298 1242 1137 1717 8185 8184 8184 8184 8184 8185 
1328 1273 5719 16383 1178 1286 1301 1245 1127 1716 8186 8185 8185 8185 8185 8186 
1343 1279 5733 16383 1175 1284 1299 1243 1107 1717 8186 8185 8185 8185 8185 8186 
1339 1273 5722 16383 1175 1283 1298 1241 1078 1716 8186 8185 8185 8185 8185 8186 
1330 1274 5731 16383 1175 1283 1298 1241 1092 1717 8187 8186 8186 8186 8186 8187 
1325 1269 5719 16383 1175 1283 1299 1243 1104 1717 8186 8185 8185 8185 8185 8186 
1324 1277 5730 16383 1177 1285 1300 1243 1138 1717 8185 8184 8184 8184 8184 8185 
1329 1271 5731 16383 1177 1285 1299 1244 1126 1717 8186 8185 8185 8185 8185 8186 
1321 1280 5730 16383 1175 1285 1298 1241 1153 1716 8185 8184 8184 8184 8184 8185 
1327 1277 5715 16383 1175 1285 1297 1241 1131 1717 8186 8185 8185 8185 8185 8186 
1366 1317 5730 16383 1175 1285 1299 1242 1152 1717 8186 8185 8185 8185 8185 8186 
1323 1273 5722 16383 1175 1285 1299 1243 1112 1717 8186 8185 8185 8185 8185 8186 
1465 1281 5729 16383 1177 1283 1299 1243 1084 1716 8186 8185 8185 8185 8185 8186 
1325 1277 5720 16383 1175 1285 1301 1241 1133 1716 8186 8185 8185 8185 8185 8186 
1325 1302 5721 16383 1175 1282 1298 1239 1165 1717 8186 8185 8185 8185 8185 8186 
1323 1286 5726 16383 1175 1284 1299 1243 1140 1717 8186 8185 8185 8185 8185 8186 
1327 1276 5723 16383 1176 1285 1299 1242 1135 1716 8186 8185 8185 8185 8185 8186 
1323 1267 5731 16383 1178 1285 1299 1243 1101 1717 8186 8185 8185 8185 8185 8186 
1336 1311 5721 16383 1175 1285 1302 1243 1159 1717 8186 8185 8185 8185 8185 8186 
1341 1359 5727 16383 1174 1283 1297 1241 1162 1716 8185 8184 8184 8184 8184 8185 
1327 1275 5728 16383 1177 1286 1301 1243 1126 1717 8185 8184 8184 8184 8184 8185 
1348 1269 5723 16383 1177 1283 1300 1243 1109 1716 8186 8185 8185 8185 8185 8186 
1328 1280 5719 16383 1175 1284 1298 1239 1141 1717 8186 8185 8185 8185 8185 8186 
1341 1286 5720 16383 1178 1284 1302 1244 1126 1717 8186 8185 8185 8185 8185 8186 
1323 1279 5731 16383 1175 1283 1297 1239 1142 1717 8186 8185 8186 8185 8185 8186 
1374 1330 5729 16383 1175 1283 1299 1242 1150 1717 8186 8185 8185 8185 8185 8186 
1315 1268 5719 16383 1175 1284 1297 1238 1140 1717 8187 8186 8186 8186 8186 8187 
1329 1263 5725 16383 1173 1283 1295 1241 1088 1716 8186 8185 8185 8185 8185 8186 
1314 1263 5724 16383 1174 1282 1299 1243 1152 1716 8187 8186 8186 8186 8186 8187 
1322 1281 5728 16383 1177 1285 1299 1243 1143 1716 8186 8185 8185 8185 8185 8186 
1319 1267 5723 16383 1175 1283 1298 1241 1083 1716 8186 8185 8185 8185 8185 8186 
1315 1279 5726 16383 1175 1285 1299 1243 1161 1716 8186 8185 8186 8185 8185 8186 
1338 1272 5719 16383 1175 1283 1299 1240 1111 1717 8186 8185 8185 8185 8185 8186 
1321 1279 5719 16383 1177 1286 1299 1244 1138 1717 8187 8186 8186 8186 8186 8187 
1343 1290 5719 16383 1173 1283 1298 1241 1136 1717 8187 8186 8187 8186 8186 8187 
1324 1275 5719 16383 1177 1284 1301 1242 1150 1717 8187 8186 8186 8186 8186 8187 
1325 1327 5729 16383 1175 1285 1299 1243 1189 1717 8187 8186 8186 8186 8186 8187 
1329 1261 5719 16383 1174 1283 1299 1242 1097 1716 8185 8184 8184 8184 8184 8185 
1327 1278 5732 16383 1175 1286 1299 1243 1129 1717 8187 8186 8186 8186 8186 8187 
1397 1289 5727 16383 1174 1283 1298 1241 1122 1717 8187 8186 8186 8186 8186 8187 
1341 1317 5729 16383 1177 1287 1299 1242 1157 1717 8187 8186 8186 8186 8186 8187 
1341 1287 5731 16383 1175 1285 1298 1242 1143 1717 8186 8185 8185 8185 8185 8186 
1331 1289 5725 16383 1175 1285 1299 1242 1155 1717 8185 8184 8184 8184 8184 8185 
1335 1295 5728 16383 1175 1285 1299 1242 1151 1717 8187 8186 8186 8186 8186 8187 
1330 1279 5731 16383 1174 1285 1298 1241 1132 1716 8186 8185 8185 8185 8185 8186 
1326 1282 5725 16383 1175 1283 1299 1241 1148 1717 8185 8184 8184 8184 8184 8185 
1329 1266 5719 16383 1177 1287 1299 1242 1112 1716 8187 8186 8186 8186 8186 8187 
1331 1325 5727 16383 1174 1284 1297 1243 1167 1716 8186 8185 8185 8185 8185 8186 
1371 1273 5723 16383 1179 1287 1302 1243 1121 1716 8186 8185 8185 8185 8185 8186 
1329 1295 5719 16383 1175 1284 1298 1242 1173 1717 8186 8185 8185 8185 8185 8186 
1364 1440 5735 16383 1179 1287 1301 1245 1168 1717 8186 8185 8185 8185 8185 8186 
1321 1271 5725 16383 1175 1285 1299 1242 1075 1717 8186 8185 8185 8185 8185 8186 
1321 1319 5723 16383 1175 1285 1299 1243 1183 1717 8186 8185 8185 8185 8185 8186 
1347 1301 5724 16383 1175 1285 1298 1239 1144 1716 8186 8185 8185 8185 8185 8186 
1361 1319 5719 16383 1175 1284 1299 1243 1154 1717 8186 8185 8185 8185 8185 8186 
1344 1315 5723 16383 1175 1283 1298 1242 1152 1717 8185 8184 8184 8184 8184 8185 
1329 1276 5723 16383 1174 1283 1299 1241 1137 1717 8187 8186 8186 8186 8186 8187 
1319 1267 5719 16383 1175 1283 1299 1241 1117 1717 8186 8185 8185 8185 8185 8186 
1338 1295 5733 16383 1175 1283 1299 1239 1141 1717 8186 8185 8185 8185 8185 8186 
1349 1303 5730 16383 1175 1285 1299 1243 1141 1716 8186 8185 8185 8185 8185 8186 
1347 1275 5731 16383 1175 1285 1299 1242 1121 1717 8186 8185 8185 8185 8185 8186 
1323 1287 5726 16383 1175 1285 1299 1243 1144 1716 8187 8186 8186 8186 8186 8187 
1325 1273 5726 16383 1175 1285 1299 1241 1149 1717 8186 8185 8185 8185 8185 8186 
1324 1278 5727 16383 1178 1289 1300 1244 1151 1716 8186 8185 8185 8185 8185 8186 
1343 1366 5728 16383 1175 1284 1300 1242 1172 1717 8187 8186 8186 8186 8186 8187 
1349 1311 5726 16383 1175 1285 1300 1241 1149 1717 8187 8186 8186 8186 8186 8187 
1329 1290 5727 16383 1175 1283 1299 1243 1142 1717 8186 8185 8185 8185 8185 8186 
1315 1267 5722 16383 1175 1283 1299 1240 1131 1717 8186 8185 8185 8185 8185 8186 
1333 1283 5721 16383 1173 1283 1299 1239 1137 1717 8186 8185 8185 8185 8185 8186 
1345 1295 5735 16383 1177 1285 1301 1243 1139 1716 8186 8185 8186 8185 8185 8186 
1322 1331 5735 16383 1175 1283 1301 1242 1189 1716 8186 8185 8185 8185 8185 8186 
1362 1357 5723 16383 1175 1283 1298 1241 1158 1717 8187 8186 8186 8186 8186 8187 
1331 1278 5733 16383 1177 1284 1299 1243 1141 1717 8186 8185 8185 8185 8185 8186 
1323 1289 5732 16383 1175 1281 1298 1241 1170 1716 8186 8185 8185 8185 8185 8186 
1339 1286 5735 16383 1175 1284 1297 1243 1128 1717 8186 8185 8185 8185 8185 8186 
1339 1292 5729 16383 1174 1283 1296 1241 1150 1717 8186 8185 8185 8185 8185 8186 
1321 1281 5730 16383 1174 1283 1298 1241 1152 1716 8186 8185 8185 8185 8185 8186 
1387 1299 5729 16383 1174 1283 1299 1243 1135 1717 8186 8185 8185 8185 8185 8186 
1328 1319 5727 16383 1175 1284 1297 1241 1168 1716 8186 8185 8185 8185 8185 8186 
1329 1285 5733 16383 1177 1285 1298 1242 1126 1717 8186 8185 8185 8185 8185 8186 
1337 1286 5737 16383 1174 1285 1299 1242 1126 1717 8186 8185 8185 8185 8185 8186 
1331 1284 5738 16383 1177 1287 1299 1243 1132 1717 8187 8186 8186 8186 8186 8187 
1384 1267 5733 16383 1174 1283 1295 1239 1087 1717 8186 8185 8185 8185 8185 8186 
1351 1300 5734 16383 1179 1287 1300 1243 1131 1717 8186 8185 8185 8185 8185 8186 
1322 1266 5734 16383 1177 1285 1299 1243 1102 1716 8186 8185 8185 8185 8185 8186 
1337 1283 5733 16383 1175 1284 1300 1243 1134 1717 8185 8184 8184 8184 8184 8185 
1321 1273 5733 16383 1174 1285 1301 1243 1113 1717 8186 8185 8185 8185 8185 8186 
1302 1269 5728 16383 1174 1285 1299 1242 1052 1717 8186 8185 8185 8185 8185 8186 
1323 1283 5727 16383 1177 1285 1300 1242 1156 1716 8187 8186 8186 8186 8186 8187 
1317 1274 5733 16383 1178 1285 1300 1243 1133 1716 8186 8185 8185 8185 8185 8186 
1325 1277 5739 16383 1175 1283 1297 1241 1144 1717 8186 8185 8186 8185 8185 8186 
1318 1277 5731 16383 1175 1285 1297 1239 1132 1716 8186 8185 8185 8185 8185 8186 
1374 1331 5737 16383 1175 1285 1299 1242 1138 1717 8186 8185 8185 8185 8185 8186 
1317 1283 5727 16383 1174 1283 1299 1239 1170 1717 8186 8185 8185 8185 8185 8186 
1338 1274 5728 16383 1177 1285 1299 1243 1106 1716 8186 8185 8185 8185 8186 8186 
1321 1327 5733 16383 1175 1283 1298 1241 1177 1717 8186 8185 8185 8185 8185 8186 
1338 1285 5734 16383 1175 1283 1299 1239 1141 1717 8186 8185 8185 8185 8185 8186 
1321 1295 5734 16383 1177 1285 1300 1241 1161 1716 8186 8185 8185 8185 8185 8186 
1346 1309 5726 16383 1175 1286 1300 1243 1142 1717 8187 8186 8186 8186 8186 8187 
1319 1287 5727 16383 1177 1287 1299 1243 1178 1716 8186 8185 8185 8185 8185 8186 
1325 1285 5732 16383 1175 1283 1299 1239 1158 1716 8185 8184 8184 8184 8184 8185 
1323 1271 5729 16383 1175 1285 1298 1243 1126 1717 8186 8185 8185 8185 8185 8186 
1335 1290 5735 16383 1174 1283 1295 1241 1137 1717 8186 8185 8185 8185 8185 8186 
1329 1285 5724 16383 1173 1285 1299 1241 1138 1717 8185 8184 8184 8184 8184 8185 
1341 1285 5722 16383 1175 1283 1298 1241 1132 1717 8186 8185 8185 8185 8185 8186 
1324 1295 5735 16383 1175 1283 1297 1241 1157 1716 8186 8185 8185 8185 8185 8186 
1325 1319 5738 16383 1174 1285 1301 1242 1178 1717 8187 8186 8186 8186 8186 8187 
1326 1279 5737 16383 1175 1284 1299 1239 1128 1717 8186 8185 8185 8185 8185 8186 
1319 1306 5735 16383 1175 1284 1299 1241 1196 1717 8186 8185 8185 8185 8185 8186 
1334 1300 5724 16383 1174 1283 1298 1241 1159 1716 8186 8185 8186 8185 8185 8186 
1319 1270 5738 16383 1173 1283 1296 1241 1137 1717 8187 8186 8186 8186 8186 8187 
1335 1281 5726 16383 1173 1283 1297 1241 1128 1717 8186 8185 8185 8185 8185 8186 
1333 1277 5739 16383 1177 1287 1301 1242 1129 1717 8185 8184 8184 8184 8184 8185 
1359 1331 5741 16383 1177 1285 1299 1243 1140 1717 8186 8185 8185 8185 8185 8186 
1339 1287 5733 16383 1175 1283 1300 1242 1121 1717 8187 8186 8186 8186 8186 8187 
1323 1271 5737 16383 1175 1285 1299 1241 1114 1716 8186 8185 8185 8185 8185 8186 
1328 1281 5735 16383 1175 1285 1298 1243 1128 1716 8187 8186 8186 8186 8186 8187 
1318 1269 5740 16383 1175 1284 1299 1241 1111 1717 8186 8185 8185 8185 8185 8186 
1347 1303 5733 16383 1175 1283 1299 1245 1154 1717 8186 8185 8185 8185 8185 8186 
1329 1343 5735 16383 1175 1285 1298 1243 1182 1717 8187 8186 8186 8186 8186 8187 
1335 1277 5729 16383 1175 1283 1299 1242 1144 1717 8186 8185 8185 8185 8185 8186 
1331 1263 5739 16383 1175 1285 1299 1242 1093 1716 8187 8186 8186 8186 8186 8187 
1353 1327 5739 16383 1177 1285 1300 1242 1153 1716 8186 8185 8185 8185 8185 8186 
1325 1314 5723 16383 1177 1285 1301 1242 1156 1717 8186 8185 8185 8185 8185 8186 
1335 1309 5736 16383 1178 1287 1300 1245 1153 1717 8186 8185 8185 8185 8185 8186 
1327 1313 5738 16383 1175 1286 1300 1243 1166 1716 8186 8185 8185 8185 8185 8186 
1345 1309 5725 16383 1175 1284 1300 1243 1143 1717 8186 8185 8185 8185 8185 8186 
1347 1306 5737 16383 1174 1283 1299 1243 1155 1717 8186 8185 8185 8185 8185 8186 
1327 1333 5727 16383 1175 1285 1300 1243 1182 1717 8186 8185 8185 8185 8185 8186 
1325 1292 5733 16383 1174 1283 1299 1241 1140 1717 8186 8185 8185 8185 8185 8186 
1337 1293 5731 16383 1173 1282 1298 1241 1134 1717 8186 8185 8185 8185 8185 8186 
1324 1279 5727 16383 1175 1283 1301 1243 1140 1717 8186 8185 8185 8185 8185 8186 
1326 1285 5735 16383 1177 1286 1299 1243 1162 1717 8186 8185 8185 8185 8185 8186 
1329 1289 5727 16383 1177 1285 1301 1243 1142 1717 8186 8185 8185 8185 8185 8186 
1332 1271 5726 16383 1177 1285 1298 1243 1097 1716 8186 8185 8186 8185 8185 8186 
1323 1303 5725 16383 1175 1285 1299 1243 1158 1717 8186 8185 8185 8185 8185 8186 
1339 1291 5723 16383 1175 1283 1300 1243 1123 1717 8186 8185 8185 8185 8185 8186 
1322 1285 5731 16383 1175 1284 1295 1239 1146 1717 8186 8185 8185 8185 8185 8186 
1340 1298 5741 16383 1178 1286 1300 1243 1132 1716 8187 8186 8186 8186 8186 8187 
1347 1289 5738 16383 1175 1285 1298 1242 1140 1717 8186 8185 8185 8185 8185 8186 
1322 1273 5728 16383 1175 1283 1297 1242 1127 1716 8186 8185 8185 8185 8185 8186 
1315 1285 5731 16383 1174 1285 1298 1242 1164 1717 8186 8185 8185 8185 8185 8186 
1338 1292 5728 16383 1175 1283 1299 1243 1140 1717 8186 8185 8185 8185 8185 8186 
1338 1275 5725 16383 1176 1286 1301 1243 1117 1717 8186 8185 8185 8185 8185 8186 
1325 1286 5730 16383 1175 1283 1298 1243 1146 1715 8186 8185 8185 8185 8185 8186 
1331 1285 5731 16383 1175 1285 1299 1242 1140 1716 8186 8185 8185 8185 8185 8186 
1367 1286 5733 16383 1177 1284 1299 1244 1126 1717 8186 8185 8185 8185 8185 8186 
1324 1286 5721 16383 1174 1285 1298 1242 1144 1717 8186 8185 8185 8185 8185 8186 
1334 1327 5733 16383 1175 1285 1297 1241 1150 1717 8186 8185 8185 8185 8185 8186 
1331 1282 5729 16383 1178 1287 1301 1245 1151 1716 8187 8186 8186 8186 8186 8187 
1353 1299 5724 16383 1175 1285 1297 1242 1142 1717 8186 8185 8185 8185 8185 8186 
1378 1322 5728 16383 1177 1285 1301 1243 1145 1716 8186 8185 8186 8185 8185 8186 
1436 1411 5733 16383 1175 1283 1299 1243 1156 1716 8185 8184 8184 8184 8184 8185 
1334 1282 5721 16383 1175 1283 1298 1243 1140 1717 8186 8185 8185 8185 8185 8186 
1332 1301 5723 16383 1175 1284 1298 1242 1146 1716 8186 8185 8185 8185 8185 8186 
1325 1269 5721 16383 1175 1286 1299 1243 1112 1718 8186 8185 8185 8185 8185 8186 
1381 1267 5729 16383 1175 1283 1299 1241 1068 1716 8187 8186 8186 8186 8186 8187 
1339 1275 5719 16383 1175 1283 1295 1241 1110 1716 8186 8185 8185 8185 8185 8186 
1326 1286 5733 16383 1175 1285 1299 1242 1147 1716 8187 8186 8186 8186 8186 8187 
1318 1271 5722 16383 1176 1286 1301 1243 1127 1717 8186 8185 8185 8185 8185 8186 
1339 1295 5731 16383 1175 1285 1299 1244 1148 1717 8186 8185 8185 8185 8185 8186 
1332 1277 5733 16383 1177 1284 1299 1243 1129 1717 8187 8186 8186 8186 8186 8187 
1319 1299 5726 16383 1173 1283 1298 1239 1172 1716 8186 8185 8185 8185 8185 8186 
1327 1274 5733 16383 1177 1285 1299 1243 1112 1717 8187 8186 8186 8186 8186 8187 
1331 1283 5723 16383 1174 1283 1297 1241 1140 1717 8187 8186 8186 8186 8186 8187 
1335 1285 5731 16383 1175 1285 1299 1242 1143 1717 8186 8185 8186 8185 8185 8186 
1339 1278 5732 16383 1177 1286 1300 1243 1095 1717 8186 8185 8185 8185 8185 8186 
1342 1272 5735 16383 1175 1285 1297 1243 1108 1716 8186 8185 8185 8185 8185 8186 
1323 1303 5722 16383 1175 1283 1298 1240 1181 1717 8187 8186 8186 8186 8186 8187 
1331 1278 5728 16383 1175 1285 1300 1243 1148 1717 8185 8184 8184 8184 8184 8185 
1379 1321 5725 16383 1175 1285 1298 1239 1132 1717 8186 8185 8185 8185 8185 8186 
1373 1331 5723 16383 1175 1281 1298 1241 1153 1717 8186 8185 8185 8185 8185 8186 
1318 1321 5724 16383 1178 1285 1299 1244 1186 1717 8187 8186 8186 8186 8186 8187 
1279 1239 5725 16383 1174 1283 1299 1239 1423 1712 8187 8186 8186 8186 8186 8187 
1406 1288 5730 16383 1175 1283 1299 1241 1121 1717 8187 8186 8186 8186 8186 8187 
1341 1314 5734 16383 1177 1285 1300 1243 1160 1716 8186 8185 8186 8185 8185 8186 
1335 1270 5731 16383 1175 1284 1299 1242 1122 1717 8186 8185 8185 8185 8185 8186 
1323 1283 5735 16383 1175 1283 1298 1240 1130 1717 8186 8185 8185 8185 8185 8186 
1321 1341 5726 16383 1175 1285 1301 1241 1186 1717 8186 8185 8185 8185 8185 8186 
1325 1290 5734 16383 1175 1281 1295 1241 1140 1717 8186 8185 8185 8185 8185 8186 
1332 1285 5727 16383 1175 1284 1299 1243 1138 1717 8186 8185 8185 8185 8185 8186 
1319 1274 5725 16383 1178 1287 1303 1243 1103 1716 8187 8186 8186 8186 8186 8187 
1325 1287 5735 16383 1175 1283 1299 1242 1151 1716 8186 8185 8185 8185 8185 8186 
1325 1303 5726 16383 1174 1283 1299 1239 1148 1716 8186 8185 8185 8185 8185 8186 
1323 1273 5723 16383 1175 1282 1295 1241 1136 1716 8187 8186 8186 8186 8186 8187 
1323 1286 5722 16383 1175 1283 1297 1239 1158 1716 8187 8186 8186 8186 8186 8187 
1331 1322 5721 16383 1175 1283 1295 1241 1159 1716 8186 8185 8185 8185 8185 8186 
1317 1282 5722 16383 1174 1283 1298 1239 1145 1717 8187 8186 8186 8186 8186 8187 
1330 1286 5725 16383 1178 1285 1299 1244 1148 1717 8186 8185 8185 8185 8185 8186 
1380 1312 5735 16383 1174 1285 1299 1242 1093 1716 8186 8185 8185 8185 8185 8186 
1330 1276 5731 16383 1177 1284 1299 1243 1122 1717 8187 8186 8186 8186 8186 8187 
1325 1282 5725 16383 1175 1283 1298 1239 1139 1717 8186 8185 8185 8185 8185 8186 
1317 1277 5728 16383 1177 1283 1299 1241 1175 1717 8187 8186 8186 8186 8186 8187 
1345 1295 5731 16383 1175 1282 1297 1241 1144 1716 8186 8185 8185 8185 8185 8186 
1318 1286 5725 16383 1175 1285 1299 1241 1142 1717 8186 8185 8185 8185 8185 8186 
1343 1311 5722 16383 1175 1284 1299 1241 1151 1716 8186 8185 8185 8185 8185 8186 
1327 1281 5722 16383 1173 1285 1298 1241 1152 1716 8186 8185 8185 8185 8185 8186 
1325 1282 5721 16383 1175 1283 1298 1243 1162 1716 8186 8185 8185 8185 8185 8186 
1320 1290 5725 16383 1175 1283 1299 1242 1157 1716 8186 8185 8185 8185 8185 8186 
1323 1293 5727 16383 1174 1283 1298 1239 1159 1717 8187 8186 8186 8186 8186 8187 
1341 1261 5731 16383 1174 1283 1297 1241 1098 1716 8186 8185 8186 8185 8185 8186 
1334 1285 5725 16383 1177 1289 1301 1245 1151 1716 8186 8185 8185 8185 8185 8186 
1353 1301 5721 16383 1177 1284 1299 1242 1144 1717 8186 8185 8185 8185 8185 8186 
1347 1286 5724 16383 1175 1285 1299 1242 1129 1717 8187 8186 8186 8186 8186 8187 
1313 1278 5723 16383 1174 1284 1298 1241 1151 1716 8187 8186 8186 8186 8186 8187 
1343 1307 5727 16383 1174 1281 1298 1241 1148 1716 8187 8186 8186 8186 8186 8187 
1421 1278 5722 16383 1175 1285 1301 1242 1084 1717 8186 8185 8185 8185 8185 8186 
1335 1294 5730 16383 1175 1285 1297 1241 1153 1716 8186 8185 8185 8185 8185 8186 
1329 1272 5721 16383 1176 1285 1301 1243 1136 1717 8186 8185 8185 8185 8185 8186 
1319 1275 5721 16383 1175 1282 1297 1239 1138 1718 8186 8185 8185 8185 8185 8186 
1317 1273 5726 16383 1174 1283 1299 1241 1133 1718 8186 8185 8185 8185 8185 8186 
1355 1311 5727 16383 1177 1285 1299 1242 1146 1717 8186 8185 8185 8185 8185 8186 
1323 1289 5719 16383 1175 1283 1299 1243 1147 1717 8186 8185 8185 8185 8185 8186 
1327 1287 5723 16383 1174 1285 1300 1243 1121 1717 8186 8185 8185 8185 8185 8186 
1334 1286 5723 16383 1175 1285 1298 1239 1132 1717 8185 8184 8184 8184 8184 8185 
1343 1314 5722 16383 1175 1286 1300 1244 1154 1717 8186 8185 8185 8185 8185 8186 
1335 1270 5720 16383 1175 1284 1298 1243 1130 1717 8186 8185 8185 8185 8185 8186 
1318 1277 5721 16383 1174 1283 1297 1241 1161 1717 8186 8185 8185 8185 8185 8186 
1327 1290 5721 16383 1178 1285 1299 1242 1156 1716 8186 8185 8185 8185 8185 8186 
1337 1294 5719 16383 1175 1285 1300 1243 1140 1717 8187 8186 8186 8186 8186 8187 
1329 1282 5719 16383 1175 1284 1299 1243 1143 1717 8187 8186 8186 8186 8186 8187 
1337 1282 5723 16383 1178 1285 1300 1243 1145 1716 8187 8186 8186 8186 8186 8187 
1324 1267 5719 16383 1175 1282 1298 1242 1110 1717 8186 8185 8185 8185 8185 8186 
1319 1275 5731 16383 1174 1282 1298 1242 1157 1717 8186 8185 8185 8185 8185 8186 
1331 1312 5719 16383 1175 1283 1298 1241 1159 1716 8186 8185 8185 8185 8185 8186 
1330 1276 5728 16383 1174 1285 1299 1239 1125 1718 8186 8185 8186 8185 8186 8186 
1342 1293 5719 16383 1175 1283 1298 1243 1149 1716 8186 8185 8185 8185 8185 8186 
1321 1275 5719 16383 1175 1283 1299 1242 1106 1716 8186 8185 8185 8185 8185 8186 
1384 1281 5722 16383 1175 1284 1297 1241 1124 1717 8187 8186 8186 8186 8186 8187 
1349 1273 5733 16383 1174 1283 1297 1241 1068 1718 8186 8185 8185 8185 8185 8186 
1321 1349 5722 16383 1175 1284 1298 1242 1179 1717 8185 8184 8186 8184 8184 8185 
1321 1355 5733 16383 1175 1283 1298 1241 1187 1717 8186 8185 8186 8185 8186 8186 
1337 1284 5728 16383 1175 1284 1299 1242 1130 1717 8186 8185 8185 8185 8185 8186 
1321 1279 5729 16383 1174 1283 1295 1241 1147 1717 8187 8186 8186 8186 8186 8187 
1349 1295 5719 16383 1175 1283 1299 1242 1129 1717 8186 8185 8185 8185 8185 8186 
1333 1281 5726 16383 1175 1283 1299 1242 1127 1717 8186 8185 8185 8185 8185 8186 
1317 1270 5719 16383 1175 1286 1299 1243 1120 1717 8187 8186 8186 8186 8186 8187 
1329 1282 5733 16383 1175 1283 1299 1241 1111 1717 8186 8185 8185 8185 8185 8186 
1339 1274 5730 16383 1177 1285 1301 1243 1086 1716 8186 8185 8185 8185 8185 8186 
1322 1274 5734 16383 1175 1282 1297 1243 1126 1718 8186 8185 8185 8185 8185 8186 
1403 1324 5721 16383 1175 1285 1299 1241 1140 1717 8186 8185 8185 8185 8185 8186 
1338 1287 5719 16383 1174 1282 1297 1241 1134 1717 8186 8185 8185 8185 8185 8186 
1326 1287 5721 16383 1175 1285 1299 1242 1149 1716 8187 8186 8186 8186 8186 8187 
1323 1269 5727 16383 1175 1285 1299 1242 1126 1716 8186 8185 8185 8185 8185 8186 
1335 1294 5722 16383 1175 1283 1299 1240 1143 1718 8185 8184 8184 8184 8184 8185 
1347 1299 5727 16383 1176 1287 1299 1243 1133 1717 8186 8185 8185 8185 8185 8186 
1380 1295 5727 16383 1177 1284 1301 1243 1131 1717 8186 8185 8185 8185 8185 8186 
1346 1311 5731 16383 1175 1285 1299 1243 1165 1717 8186 8185 8185 8185 8185 8186 
1349 1287 5727 16383 1175 1285 1298 1242 1134 1717 8187 8186 8186 8186 8186 8187 
1330 1290 5735 16383 1175 1283 1298 1241 1136 1717 8187 8186 8186 8186 8186 8187 
1322 1348 5730 16383 1175 1283 1295 1243 1179 1717 8185 8184 8184 8184 8184 8185 
1334 1287 5728 16383 1177 1285 1298 1243 1158 1716 8186 8185 8185 8185 8185 8186 
1331 1270 5735 16383 1175 1286 1298 1241 1103 1717 8186 8185 8185 8185 8185 8186 
1327 1322 5734 16383 1177 1287 1301 1243 1186 1717 8186 8185 8185 8185 8185 8186 
1328 1267 5726 16383 1174 1283 1299 1241 1110 1717 8187 8186 8186 8186 8186 8187 
1392 1271 5737 16383 1177 1285 1301 1242 1087 1717 8186 8185 8185 8185 8185 8186 
1323 1266 5735 16383 1175 1285 1300 1243 1048 1717 8187 8186 8186 8186 8186 8187 
1322 1271 5723 16383 1175 1283 1299 1241 1064 1717 8186 8185 8185 8185 8185 8186 
1331 1301 5735 16383 1177 1287 1301 1245 1145 1716 8186 8185 8185 8185 8185 8186 
1331 1267 5719 16383 1175 1285 1299 1243 1120 1717 8185 8184 8184 8184 8184 8185 
1348 1318 5732 16383 1175 1285 1299 1242 1149 1716 8186 8185 8185 8185 8185 8186 
1328 1273 5739 16383 1177 1286 1301 1243 1120 1717 8186 8185 8185 8185 8185 8186 
1330 1273 5725 16383 1177 1283 1298 1242 1142 1717 8187 8186 8186 8186 8186 8187 
1331 1290 5735 16383 1175 1284 1299 1239 1134 1718 8185 8184 8184 8184 8184 8185 
1326 1283 5727 16383 1175 1282 1299 1242 1131 1717 8186 8185 8185 8185 8185 8186 
1319 1269 5727 16383 1178 1285 1301 1242 1126 1717 8185 8184 8184 8184 8184 8185 
1346 1287 5729 16383 1175 1285 1299 1242 1139 1717 8186 8185 8185 8185 8185 8186 
1338 1319 5725 16383 1175 1282 1299 1241 1175 1717 8186 8185 8185 8185 8185 8186 
1335 1279 5725 16383 1175 1283 1297 1239 1133 1717 8186 8185 8185 8185 8185 8186 
1347 1269 5731 16383 1175 1281 1298 1240 1123 1717 8185 8184 8185 8184 8184 8185 
1329 1270 5727 16383 1176 1285 1299 1242 1114 1716 8186 8185 8185 8185 8185 8186 
1334 1279 5727 16383 1178 1286 1299 1245 1141 1717 8186 8185 8185 8185 8185 8186 
1378 1344 5735 16383 1177 1285 1299 1242 1144 1716 8186 8185 8185 8185 8185 8186 
1335 1278 5723 16383 1175 1284 1297 1241 1135 1716 8186 8185 8185 8185 8185 8186 
1344 1291 5735 16383 1175 1286 1301 1242 1145 1717 8186 8185 8185 8185 8185 8186 
1359 1282 5737 16383 1177 1283 1298 1242 1128 1717 8186 8185 8185 8185 8185 8186 
1325 1294 5725 16383 1175 1285 1301 1242 1148 1717 8186 8185 8185 8185 8185 8186 
1326 1291 5725 16383 1175 1283 1298 1241 1153 1717 8186 8185 8185 8185 8185 8186 
1325 1271 5721 16383 1175 1283 1297 1239 1122 1717 8186 8185 8185 8185 8185 8186 
1342 1309 5738 16383 1178 1285 1299 1241 1151 1716 8185 8184 8184 8184 8184 8185 
1372 1287 5728 16383 1175 1285 1295 1243 1105 1717 8186 8185 8185 8185 8185 8186 
1315 1295 5724 16383 1175 1284 1299 1241 1178 1717 8186 8185 8185 8185 8185 8186 
1353 1362 5738 16383 1177 1285 1299 1243 1171 1717 8187 8186 8186 8186 8186 8187 
1345 1314 5725 16383 1175 1285 1301 1242 1148 1717 8186 8185 8185 8185 8185 8186 
1319 1271 5729 16383 1177 1285 1299 1241 1119 1717 8187 8186 8186 8186 8186 8187 
1322 1267 5738 16383 1175 1283 1298 1241 1135 1717 8187 8186 8186 8186 8186 8187 
1358 1274 5743 16383 1175 1285 1298 1241 1115 1716 8186 8185 8185 8185 8185 8186 
1341 1309 5733 16383 1175 1285 1299 1242 1169 1716 8185 8184 8184 8184 8184 8185 
1397 1256 5727 16383 1177 1287 1301 1242 1176 1717 8187 8186 8186 8186 8186 8187 
1341 1315 5739 16383 1175 1283 1298 1241 1150 1717 8186 8185 8185 8185 8185 8186 
1319 1286 5736 16383 1177 1285 1300 1242 1159 1716 8186 8185 8185 8185 8185 8186 
1327 1267 5741 16383 1177 1285 1299 1242 1127 1717 8186 8185 8185 8185 8185 8186 
1334 1275 5738 16383 1174 1283 1297 1241 1125 1717 8186 8185 8185 8185 8185 8186 
1365 1327 5734 16383 1175 1283 1299 1241 1149 1716 8186 8185 8185 8185 8185 8186 
1336 1301 5728 16383 1177 1286 1299 1243 1166 1716 8185 8184 8184 8184 8184 8185 
1367 1262 5738 16383 1175 1283 1299 1242 1188 1717 8187 8186 8186 8186 8186 8187 
1349 1295 5723 16383 1177 1285 1299 1241 1126 1717 8186 8185 8185 8185 8185 8186 
1354 1283 5730 16383 1178 1286 1303 1244 1124 1717 8186 8185 8185 8185 8185 8186 
1332 1291 5737 16383 1177 1285 1299 1241 1130 1717 8186 8185 8185 8185 8185 8186 
1314 1307 5733 16383 1175 1281 1297 1239 1206 1716 8186 8185 8185 8185 8185 8186 
1316 1283 5727 16383 1178 1285 1299 1243 1140 1717 8186 8185 8185 8185 8185 8186 
1323 1263 5739 16383 1177 1286 1299 1241 1094 1716 8186 8185 8185 8185 8185 8186 
1337 1280 5733 16383 1175 1283 1299 1243 1116 1716 8187 8186 8186 8186 8186 8187 
1335 1287 5741 16383 1174 1286 1298 1243 1140 1717 8186 8185 8185 8185 8185 8186 
1330 1273 5741 16383 1175 1286 1302 1244 1140 1717 8186 8185 8185 8185 8185 8186 
1339 1282 5729 16383 1175 1284 1297 1239 1137 1717 8187 8186 8187 8186 8186 8187 
1337 1287 5727 16383 1174 1285 1299 1241 1134 1717 8186 8185 8185 8185 8185 8186 
1355 1281 5738 16383 1174 1283 1299 1239 1130 1717 8187 8186 8186 8186 8186 8187 
1323 1287 5726 16383 1178 1283 1301 1243 1166 1716 8186 8185 8185 8185 8185 8186 
1344 1278 5739 16383 1175 1285 1300 1242 1136 1717 8186 8185 8185 8185 8185 8186 
1386 1286 5739 16383 1175 1285 1301 1243 1134 1717 8186 8185 8185 8185 8185 8186 
1325 1269 5726 16383 1175 1286 1301 1244 1114 1717 8186 8185 8185 8185 8185 8186 
1341 1271 5723 16383 1175 1284 1299 1242 1104 1716 8186 8185 8185 8185 8186 8186 
1341 1286 5737 16383 1175 1285 1298 1243 1118 1717 8186 8185 8186 8185 8185 8186 
1331 1271 5725 16383 1176 1285 1299 1243 1056 1717 8186 8185 8185 8185 8185 8186 
1330 1289 5725 16383 1174 1284 1299 1242 1141 1717 8187 8186 8186 8186 8186 8187 
1497 1271 5729 16383 1175 1285 1298 1242 1084 1718 8186 8185 8185 8185 8185 8186 
1315 1313 5735 16383 1175 1284 1299 1243 1185 1717 8187 8186 8186 8186 8186 8187 
1323 1396 5732 16383 1175 1285 1299 1242 1179 1718 8187 8186 8186 8186 8186 8187 
1351 1258 5729 16383 1178 1287 1301 1245 1168 1717 8187 8186 8186 8186 8186 8187 
1331 1274 5729 16383 1177 1285 1299 1242 1122 1717 8186 8185 8185 8185 8185 8186 
1318 1278 5727 16383 1175 1285 1299 1241 1134 1717 8186 8185 8185 8185 8185 8186 
1324 1274 5738 16383 1175 1283 1300 1242 1117 1716 8187 8186 8186 8186 8186 8187 
1331 1505 5732 16383 1175 1285 1299 1243 1203 1717 8185 8184 8184 8184 8184 8185 
1330 1277 5731 16383 1175 1284 1298 1242 1100 1716 8186 8186 8186 8186 8186 8187 
1327 1271 5723 16383 1175 1283 1297 1239 1147 1717 8186 8185 8185 8185 8185 8186 
1322 1290 5737 16383 1175 1283 1301 1243 1165 1717 8187 8186 8187 8186 8186 8187 
1321 1294 5725 16383 1175 1285 1299 1243 1156 1716 8187 8186 8186 8186 8186 8187 
1332 1276 5729 16383 1175 1285 1299 1242 1130 1717 8186 8185 8185 8185 8185 8186 
1322 1349 5730 16383 1175 1285 1298 1243 1206 1717 8186 8185 8185 8185 8185 8186 
1331 1279 5735 16383 1174 1283 1295 1241 1127 1717 8187 8186 8186 8186 8186 8187 
1331 1275 5733 16383 1175 1283 1297 1241 1113 1716 8186 8185 8185 8185 8185 8186 
1354 1301 5730 16383 1175 1286 1299 1243 1135 1718 8186 8185 8185 8185 8185 8186 
1337 1334 5725 16383 1175 1285 1298 1242 1162 1716 8187 8186 8186 8186 8186 8187 
1322 1275 5738 16383 1175 1283 1300 1241 1094 1717 8187 8186 8186 8186 8186 8187 
1316 1347 5735 16383 1174 1282 1298 1241 1195 1717 8186 8185 8185 8185 8185 8186 
1335 1280 5725 16383 1175 1283 1299 1242 1143 1717 8185 8184 8185 8184 8184 8185 
1326 1271 5741 16383 1177 1285 1297 1241 1142 1717 8186 8185 8185 8185 8185 8186 
1345 1271 5734 16383 1175 1285 1297 1243 1119 1718 8186 8185 8185 8185 8185 8186 
1322 1295 5729 16383 1175 1284 1298 1241 1165 1717 8187 8186 8186 8186 8186 8187 
1335 1293 5723 16383 1175 1286 1299 1243 1138 1717 8186 8185 8186 8185 8185 8186 
1438 1319 5725 16383 1177 1284 1299 1241 1130 1717 8186 8185 8185 8185 8185 8186 
1322 1281 5737 16383 1173 1285 1297 1241 1156 1716 8186 8185 8185 8185 8185 8186 
1316 1339 5727 16383 1175 1285 1299 1243 1205 1716 8186 8185 8185 8185 8185 8186 
1358 1310 5728 16383 1175 1284 1298 1241 1139 1717 8186 8185 8185 8185 8185 8186 
1326 1281 5738 16383 1177 1284 1299 1241 1120 1717 8186 8185 8185 8185 8185 8186 
1322 1287 5731 16383 1175 1285 1301 1241 1148 1717 8187 8186 8186 8186 8186 8187 
1335 1291 5733 16383 1175 1285 1299 1243 1151 1716 8186 8185 8185 8185 8185 8186 
1335 1291 5736 16383 1175 1284 1299 1242 1129 1717 8185 8184 8184 8184 8184 8185 
1322 1267 5741 16383 1177 1285 1299 1243 1142 1717 8186 8185 8185 8185 8185 8186 
1397 1385 5735 16383 1178 1286 1301 1243 1151 1716 8186 8185 8185 8185 8185 8186 
1322 1281 5735 16383 1178 1285 1301 1244 1159 1717 8187 8186 8186 8186 8186 8187 
1333 1275 5729 16383 1175 1282 1298 1242 1142 1716 8186 8185 8185 8185 8185 8186 
1335 1291 5725 16383 1177 1286 1299 1242 1132 1717 8186 8185 8185 8185 8185 8186 
1322 1282 5735 16383 1177 1287 1301 1245 1148 1716 8186 8185 8185 8185 8185 8186 
1322 1289 5732 16383 1177 1285 1299 1243 1195 1717 8186 8185 8185 8185 8185 8186 
1319 1273 5733 16383 1175 1285 1299 1243 1133 1717 8186 8185 8185 8185 8185 8186 
1325 1270 5725 16383 1175 1285 1299 1243 1131 1718 8187 8186 8188 8186 8186 8187 
1328 1272 5736 16383 1175 1284 1299 1242 1118 1717 8185 8184 8184 8184 8184 8185 
1355 1282 5731 16383 1175 1283 1299 1243 1129 1717 8186 8185 8185 8185 8185 8186 
1332 1339 5733 16383 1177 1285 1300 1243 1154 1717 8186 8185 8185 8185 8185 8186 
1339 1287 5736 16383 1175 1286 1301 1243 1130 1717 8187 8186 8186 8186 8186 8187 
1324 1278 5725 16383 1177 1285 1300 1243 1125 1717 8186 8185 8185 8185 8185 8186 
1345 1281 5729 16383 1175 1283 1299 1240 1137 1717 8186 8185 8185 8185 8185 8186 
1331 1316 5735 16383 1176 1287 1300 1242 1155 1716 8186 8185 8185 8185 8185 8186 
1325 1270 5725 16383 1177 1285 1301 1242 1126 1716 8186 8185 8185 8185 8185 8186 
1341 1279 5726 16383 1176 1285 1299 1242 1122 1717 8186 8185 8185 8185 8185 8186 
1320 1279 5726 16383 1174 1283 1299 1243 1159 1717 8186 8185 8185 8185 8185 8186 
1319 1275 5735 16383 1174 1283 1299 1242 1123 1717 8186 8185 8185 8185 8185 8186 
1319 1279 5735 16383 1175 1285 1299 1242 1142 1717 8187 8186 8186 8186 8186 8187 
1334 1279 5723 16383 1177 1285 1298 1244 1136 1717 8186 8185 8186 8185 8185 8186 
1343 1275 5731 16383 1175 1283 1299 1242 1119 1717 8186 8185 8185 8185 8185 8186 
1365 1279 5731 16383 1175 1283 1297 1239 1117 1717 8186 8185 8185 8185 8185 8186 
1333 1265 5731 16383 1176 1285 1298 1241 1114 1716 8186 8185 8185 8185 8185 8186 
1339 1283 5729 16383 1175 1286 1299 1245 1131 1717 8187 8186 8186 8186 8186 8187 
1326 1282 5724 16383 1177 1284 1300 1243 1144 1717 8187 8186 8186 8186 8186 8187 
1325 1283 5728 16383 1179 1286 1300 1243 1130 1717 8186 8185 8185 8185 8185 8186 
1357 1349 5730 16383 1174 1283 1299 1242 1171 1716 8187 8186 8186 8186 8186 8187 
1317 1276 5738 16383 1175 1283 1299 1241 1166 1717 8186 8185 8185 8185 8185 8186 
1330 1281 5729 16383 1175 1285 1301 1243 1110 1717 8186 8185 8185 8185 8185 8186 
1327 1281 5731 16383 1175 1285 1299 1242 1145 1717 8187 8186 8186 8186 8186 8187 
1327 1282 5725 16383 1175 1285 1299 1243 1144 1717 8187 8186 8186 8186 8186 8187 
1327 1281 5733 16383 1177 1285 1300 1243 1144 1718 8186 8185 8185 8185 8185 8186 
1353 1273 5723 16383 1175 1283 1299 1239 1096 1717 8187 8186 8186 8186 8186 8187 
1322 1281 5725 16383 1174 1283 1299 1242 1130 1718 8187 8186 8186 8186 8186 8187 
1338 1364 5729 16383 1178 1287 1302 1243 1173 1717 8186 8185 8185 8185 8185 8186 
1334 1285 5731 16383 1175 1283 1297 1242 1139 1717 8187 8186 8186 8186 8186 8187 
1343 1277 5733 16383 1175 1285 1300 1242 1114 1716 8186 8185 8185 8185 8185 8186 
1354 1282 5733 16383 1175 1284 1299 1242 1123 1717 8186 8185 8185 8185 8185 8186 
1368 1253 5733 16383 1175 1283 1298 1241 1158 1716 8187 8186 8186 8186 8186 8187 
1323 1338 5727 16383 1175 1283 1297 1241 1174 1717 8187 8186 8186 8186 8186 8187 
1315 1277 5731 16383 1175 1285 1298 1241 1172 1716 8187 8186 8186 8186 8186 8187 
1334 1289 5737 16383 1175 1285 1298 1242 1133 1717 8186 8185 8185 8185 8185 8186 
1339 1301 5735 16383 1175 1284 1297 1243 1152 1716 8186 8185 8185 8185 8185 8186 
1344 1317 5723 16383 1177 1287 1301 1245 1139 1717 8186 8185 8185 8185 8185 8186 
1329 1270 5731 16383 1175 1284 1298 1241 1115 1717 8186 8185 8185 8185 8185 8186 
1324 1277 5734 16383 1175 1283 1298 1242 1147 1717 8185 8184 8184 8184 8184 8185 
1338 1269 5738 16383 1175 1285 1299 1241 1091 1716 8186 8185 8185 8185 8185 8186 
1335 1289 5729 16383 1175 1285 1299 1242 1145 1717 8187 8186 8186 8186 8186 8187 
1328 1285 5736 16383 1175 1285 1299 1242 1132 1717 8186 8185 8185 8185 8185 8186 
1337 1299 5728 16383 1174 1283 1298 1239 1158 1716 8186 8185 8185 8185 8185 8186 
1354 1302 5731 16383 1174 1283 1299 1242 1137 1717 8187 8186 8186 8186 8186 8187 
1355 1335 5739 16383 1175 1285 1299 1241 1136 1717 8186 8185 8185 8185 8185 8186 
1334 1279 5728 16383 1176 1285 1299 1242 1118 1717 8186 8185 8185 8185 8185 8186 
1324 1268 5734 16383 1175 1285 1299 1243 1120 1717 8186 8185 8186 8185 8185 8186 
1337 1271 5728 16383 1175 1283 1299 1242 1099 1717 8186 8185 8185 8185 8185 8186 
1331 1309 5738 16383 1173 1284 1299 1242 1181 1717 8186 8185 8185 8185 8185 8186 
1344 1289 5738 16383 1177 1284 1299 1245 1136 1717 8186 8185 8185 8185 8185 8186 
1345 1295 5739 16383 1177 1286 1299 1243 1144 1717 8186 8185 8185 8185 8185 8186 
1331 1287 5734 16383 1178 1285 1301 1243 1126 1717 8187 8186 8186 8186 8186 8187 
1327 1299 5732 16383 1175 1283 1298 1241 1156 1716 8186 8185 8185 8185 8185 8186 
1325 1270 5733 16383 1175 1285 1299 1241 1088 1716 8186 8185 8185 8185 8185 8186 
1399 1299 5741 16383 1175 1285 1298 1241 1122 1717 8186 8185 8185 8185 8185 8186 
1366 1287 5741 16383 1174 1283 1298 1243 1116 1717 8187 8186 8186 8186 8186 8187 
1317 1282 5735 16383 1174 1284 1295 1243 1156 1717 8187 8186 8186 8186 8186 8187 
1330 1294 5739 16383 1177 1284 1299 1243 1141 1717 8187 8186 8186 8186 8186 8187 
1326 1284 5733 16383 1177 1284 1299 1241 1155 1717 8186 8185 8185 8185 8185 8186 
1331 1287 5735 16383 1175 1287 1299 1243 1152 1716 8187 8186 8186 8186 8186 8187 
1321 1339 5735 16383 1175 1284 1297 1241 1197 1717 8186 8185 8185 8185 8185 8186 
1377 1301 5733 16383 1175 1284 1299 1241 1128 1717 8186 8185 8185 8185 8185 8186 
1319 1305 5729 16383 1175 1284 1299 1242 1189 1717 8186 8185 8185 8185 8185 8186 
1330 1281 5746 16383 1175 1284 1297 1244 1113 1717 8186 8185 8185 8185 8185 8186 
1330 1293 5742 16383 1177 1283 1299 1242 1165 1716 8186 8185 8185 8185 8185 8186 
1315 1266 5731 16383 1174 1283 1298 1239 1119 1716 8187 8186 8186 8186 8186 8187 
1337 1335 5739 16383 1174 1284 1299 1242 1155 1716 8186 8185 8185 8185 8185 8186 
1322 1282 5737 16383 1175 1285 1301 1242 1167 1718 8186 8185 8185 8185 8185 8186 
1319 1282 5739 16383 1175 1285 1299 1242 1164 1716 8186 8185 8185 8185 8185 8186 
1333 1291 5737 16383 1174 1283 1297 1239 1147 1716 8186 8185 8185 8185 8185 8186 
1343 1289 5739 16383 1176 1285 1299 1241 1128 1717 8187 8186 8186 8186 8186 8187 
1327 1263 5742 16383 1175 1283 1298 1241 1102 1716 8186 8185 8185 8185 8185 8186 
1334 1299 5729 16383 1177 1283 1299 1242 1147 1718 8186 8185 8185 8185 8185 8186 
1344 1299 5730 16383 1177 1287 1300 1242 1144 1717 8186 8185 8185 8185 8185 8186 
1318 1282 5734 16383 1174 1283 1297 1241 1167 1716 8187 8186 8186 8186 8186 8187 
1340 1268 5731 16383 1175 1283 1297 1239 1114 1717 8186 8185 8185 8185 8185 8186 
1345 1273 5741 16383 1177 1284 1299 1243 1094 1717 8186 8185 8185 8185 8185 8186 
1354 1276 5738 16383 1175 1282 1300 1242 1120 1717 8186 8185 8185 8185 8185 8186 
1325 1287 5735 16383 1175 1285 1299 1241 1153 1717 8187 8186 8186 8186 8186 8187 
1326 1279 5729 16383 1177 1284 1299 1242 1140 1717 8186 8185 8185 8185 8185 8186 
1341 1271 5729 16383 1174 1283 1299 1243 1112 1716 8187 8186 8186 8186 8186 8187 
1334 1322 5728 16383 1173 1283 1295 1239 1157 1717 8187 8186 8186 8186 8186 8187 
1332 1303 5741 16383 1179 1287 1301 1245 1154 1716 8187 8186 8186 8186 8186 8187 
1334 1291 5731 16383 1175 1282 1299 1241 1133 1717 8186 8185 8185 8185 8185 8186 
1337 1274 5741 16383 1175 1283 1299 1242 1104 1717 8186 8185 8185 8185 8185 8186 
1328 1282 5742 16383 1175 1283 1301 1242 1135 1717 8186 8185 8185 8185 8185 8186 
1346 1321 5745 16383 1176 1285 1299 1243 1159 1717 8186 8185 8185 8185 8185 8186 
1341 1325 5743 16383 1177 1285 1299 1242 1154 1717 8186 8185 8185 8185 8185 8186 
1331 1276 5747 16383 1178 1285 1300 1242 1082 1716 8186 8185 8185 8185 8185 8186 
1319 1295 5731 16383 1177 1283 1299 1242 1178 1716 8186 8185 8185 8185 8185 8186 
1323 1275 5735 16383 1175 1285 1298 1242 1122 1717 8187 8186 8186 8186 8186 8187 
1319 1277 5735 16383 1175 1283 1299 1242 1147 1717 8186 8185 8186 8185 8185 8186 
1352 1273 5736 16383 1174 1285 1298 1242 1120 1716 8185 8184 8184 8184 8184 8185 
1327 1341 5735 16383 1176 1285 1298 1243 1169 1717 8186 8185 8185 8185 8185 8186 
1319 1319 5741 16383 1175 1284 1299 1242 1173 1717 8187 8186 8186 8186 8186 8187 
1327 1287 5733 16383 1175 1283 1297 1241 1148 1716 8186 8185 8186 8185 8185 8186 
1323 1283 5730 16383 1174 1284 1299 1241 1143 1717 8186 8185 8185 8185 8185 8186 
1325 1283 5745 16383 1177 1285 1301 1243 1143 1717 8187 8186 8186 8186 8186 8187 
1321 1263 5741 16383 1175 1283 1299 1242 1096 1716 8186 8185 8185 8185 8185 8186 
1338 1282 5735 16383 1175 1284 1299 1243 1136 1717 8186 8185 8185 8185 8185 8186 
1313 1357 5738 16383 1175 1283 1299 1241 1218 1716 8186 8185 8185 8185 8185 8186 
1319 1270 5727 16383 1174 1283 1298 1241 1116 1717 8186 8185 8185 8185 8185 8186 
1327 1321 5743 16383 1175 1284 1299 1245 1164 1716 8186 8185 8185 8185 8185 8186 
1393 1274 5734 16383 1175 1283 1299 1243 1094 1717 8186 8185 8185 8185 8185 8186 
1330 1283 5738 16383 1175 1282 1295 1239 1145 1717 8187 8186 8186 8186 8186 8187 
1321 1289 5731 16383 1177 1285 1299 1243 1154 1716 8186 8185 8185 8185 8185 8186 
1362 1291 5731 16383 1175 1284 1298 1241 1120 1717 8186 8185 8185 8185 8185 8186 
1321 1331 5739 16383 1174 1283 1298 1239 1182 1717 8186 8185 8185 8185 8185 8186 
1335 1284 5729 16383 1176 1285 1299 1243 1143 1716 8187 8186 8186 8186 8186 8187 
1363 1275 5729 16383 1177 1283 1299 1242 1091 1717 8186 8185 8185 8185 8185 8186 
1330 1301 5727 16383 1177 1285 1299 1243 1148 1716 8187 8186 8187 8186 8186 8187 
1345 1287 5739 16383 1175 1285 1299 1242 1129 1717 8186 8185 8185 8185 8185 8186 
1333 1291 5726 16383 1173 1283 1297 1241 1130 1717 8187 8186 8186 8186 8186 8187 
1322 1267 5726 16383 1175 1283 1297 1241 1134 1717 8187 8186 8186 8186 8186 8187 
1335 1287 5738 16383 1177 1285 1300 1241 1134 1716 8186 8185 8185 8185 8185 8186 
1314 1280 5732 16383 1174 1284 1299 1241 1165 1716 8185 8184 8184 8184 8184 8185 
1320 1274 5728 16383 1175 1283 1300 1243 1100 1716 8187 8186 8187 8186 8186 8187 
1321 1269 5729 16383 1177 1285 1299 1243 1127 1717 8186 8185 8186 8185 8185 8186 
1359 1303 5726 16383 1175 1283 1299 1243 1135 1717 8187 8186 8186 8186 8186 8187 
1439 1323 5730 16383 1175 1285 1301 1242 1134 1717 8186 8185 8185 8185 8185 8186 
1319 1286 5738 16383 1175 1283 1297 1242 1154 1717 8187 8186 8186 8186 8186 8187 
1323 1269 5735 16383 1177 1285 1300 1242 1113 1717 8186 8185 8185 8185 8185 8186 
1346 1291 5729 16383 1175 1284 1299 1242 1132 1717 8186 8185 8186 8185 8185 8186 
1329 1332 5735 16383 1177 1284 1299 1242 1162 1718 8186 8185 8185 8185 8185 8186 
1353 1314 5734 16383 1175 1285 1301 1243 1148 1716 8186 8185 8185 8185 8185 8186 
1334 1287 5735 16383 1175 1284 1299 1242 1127 1717 8186 8185 8185 8185 8185 8186 
1341 1278 5739 16383 1175 1283 1299 1242 1129 1717 8187 8186 8186 8186 8186 8187 
1322 1279 5727 16383 1175 1285 1298 1241 1162 1717 8186 8185 8185 8185 8185 8186 
1335 1291 5730 16383 1177 1285 1300 1245 1138 1717 8186 8185 8185 8185 8185 8186 
1346 1286 5725 16383 1175 1283 1299 1242 1126 1717 8186 8185 8185 8185 8185 8186 
1321 1274 5741 16383 1177 1283 1299 1243 1115 1717 8187 8186 8186 8186 8186 8187 
1328 1278 5726 16383 1173 1284 1297 1241 1145 1717 8186 8185 8185 8185 8185 8186 
1328 1273 5739 16383 1175 1285 1298 1242 1134 1717 8186 8185 8185 8185 8185 8186 
1327 1263 5739 16383 1175 1283 1297 1243 1116 1717 8186 8185 8186 8185 8185 8186 
1344 1287 5740 16383 1175 1283 1297 1242 1135 1717 8186 8185 8185 8185 8185 8186 
1363 1335 5726 16383 1175 1283 1297 1239 1152 1716 8186 8185 8185 8185 8185 8186 
1326 1275 5734 16383 1177 1285 1299 1244 1117 1717 8185 8184 8184 8184 8184 8185 
1337 1288 5735 16383 1175 1283 1299 1243 1136 1717 8186 8185 8186 8185 8185 8186 
1335 1305 5726 16383 1174 1283 1295 1239 1142 1717 8186 8185 8185 8185 8185 8186 
1329 1285 5731 16383 1175 1283 1298 1241 1147 1717 8186 8185 8185 8185 8185 8186 
1367 1261 5723 16383 1177 1284 1299 1242 1178 1718 8186 8185 8185 8185 8185 8186 
1343 1341 5729 16383 1179 1287 1301 1245 1165 1716 8186 8185 8185 8185 8185 8186 
1350 1280 5734 16383 1175 1285 1298 1242 1130 1717 8186 8185 8185 8185 8185 8186 
1343 1270 5738 16383 1177 1285 1300 1242 1085 1717 8185 8184 8184 8184 8184 8185 
1371 1277 5730 16383 1175 1284 1299 1243 1096 1716 8185 8184 8184 8184 8184 8185 
1377 1286 5727 16383 1175 1284 1299 1243 1122 1717 8186 8185 8185 8185 8185 8186 
1335 1289 5728 16383 1175 1283 1298 1242 1128 1718 8186 8185 8185 8185 8185 8186 
1325 1321 5739 16383 1173 1283 1298 1242 1163 1717 8186 8185 8185 8185 8185 8186 
1346 1287 5741 16383 1175 1285 1299 1242 1127 1717 8186 8185 8185 8185 8185 8186 
1333 1275 5730 16383 1175 1285 1300 1241 1104 1716 8187 8186 8186 8186 8186 8187 
1345 1282 5739 16383 1175 1283 1299 1243 1111 1717 8186 8185 8185 8185 8185 8186 
1330 1284 5738 16383 1175 1285 1298 1242 1135 1717 8187 8186 8187 8186 8186 8187 
1320 1273 5735 16383 1175 1283 1298 1242 1128 1716 8186 8185 8185 8185 8185 8186 
1325 1268 5730 16383 1175 1286 1299 1243 1090 1716 8187 8186 8186 8186 8186 8187 
1331 1270 5735 16383 1175 1285 1299 1243 1121 1717 8187 8186 8186 8186 8186 8187 
1337 1312 5731 16383 1175 1283 1299 1241 1155 1716 8186 8185 8185 8185 8185 8186 
1322 1287 5741 16383 1175 1283 1299 1241 1160 1717 8187 8186 8186 8186 8186 8187 
1327 1279 5729 16383 1175 1285 1299 1243 1141 1717 8186 8185 8185 8185 8185 8186 
1326 1275 5732 16383 1175 1285 1299 1242 1128 1717 8186 8185 8185 8185 8185 8186 
1359 1310 5729 16383 1177 1283 1299 1243 1143 1716 8186 8185 8186 8185 8185 8186 
1330 1353 5729 16383 1174 1283 1297 1241 1175 1717 8187 8186 8186 8186 8186 8187 
1335 1261 5727 16383 1175 1283 1297 1238 1043 1717 8186 8185 8185 8185 8185 8186 
1394 1262 5735 16383 1177 1284 1297 1239 1046 1716 8187 8186 8186 8186 8186 8187 
1321 1266 5731 16383 1174 1285 1299 1241 1112 1717 8186 8185 8185 8185 8185 8186 
1340 1346 5730 16383 1175 1285 1299 1243 1164 1717 8186 8185 8186 8185 8185 8186 
1373 1283 5743 16383 1175 1285 1300 1242 1116 1717 8186 8185 8185 8185 8185 8186 
1321 1267 5731 16383 1177 1287 1301 1243 1111 1716 8186 8185 8185 8185 8185 8186 
1325 1286 5733 16383 1178 1285 1299 1243 1144 1717 8186 8185 8185 8185 8185 8186 
1323 1271 5745 16383 1177 1284 1299 1241 1124 1717 8186 8185 8185 8185 8185 8186 
1322 1291 5735 16383 1175 1283 1295 1241 1165 1717 8186 8185 8185 8185 8185 8186 
1331 1273 5729 16383 1175 1283 1299 1243 1125 1717 8185 8184 8185 8184 8184 8185 
1334 1268 5729 16383 1174 1283 1297 1241 1106 1717 8186 8185 8185 8185 8185 8186 
1341 1303 5739 16383 1178 1285 1299 1243 1145 1716 8187 8186 8186 8186 8186 8187 
1330 1303 5741 16383 1177 1285 1300 1243 1158 1717 8186 8185 8185 8185 8185 8186 
1324 1266 5741 16383 1177 1285 1300 1242 1139 1717 8187 8186 8186 8186 8186 8187 
1322 1287 5727 16383 1175 1285 1298 1243 1151 1716 8186 8185 8185 8185 8185 8186 
1329 1330 5738 16383 1175 1283 1299 1241 1177 1717 8186 8185 8185 8185 8185 8186 
1357 1318 5727 16383 1175 1283 1299 1243 1139 1717 8186 8185 8185 8185 8185 8186 
1352 1331 5727 16383 1175 1283 1298 1239 1153 1717 8186 8185 8186 8185 8185 8186 
1326 1279 5732 16383 1174 1283 1298 1239 1120 1717 8187 8186 8186 8186 8186 8187 
1325 1269 5739 16383 1175 1284 1299 1242 1084 1716 8186 8185 8185 8185 8185 8186 
1327 1313 5739 16383 1175 1285 1300 1241 1160 1717 8187 8186 8187 8186 8186 8187 
1337 1302 5736 16383 1174 1282 1297 1239 1142 1717 8187 8186 8186 8186 8186 8187 
1346 1281 5724 16383 1175 1285 1300 1241 1118 1716 8186 8185 8185 8185 8185 8186 
1358 1359 5739 16383 1175 1285 1298 1242 1152 1717 8186 8185 8185 8185 8185 8186 
1326 1274 5735 16383 1175 1284 1298 1242 1116 1717 8186 8185 8186 8185 8185 8186 
1324 1339 5739 16383 1175 1285 1299 1242 1185 1717 8186 8185 8186 8185 8185 8186 
1329 1269 5729 16383 1174 1284 1298 1239 1096 1717 8186 8185 8185 8185 8185 8186 
1326 1300 5729 16383 1175 1285 1299 1241 1153 1717 8186 8185 8185 8185 8185 8186 
1338 1286 5730 16383 1175 1285 1299 1242 1135 1717 8186 8185 8185 8185 8185 8186 
1321 1278 5746 16383 1177 1285 1301 1244 1187 1717 8186 8185 8185 8185 8185 8186 
1335 1285 5732 16383 1175 1286 1299 1243 1124 1717 8186 8185 8185 8185 8185 8186 
1325 1276 5735 16383 1177 1285 1297 1242 1130 1717 8186 8185 8185 8185 8185 8186 
1329 1283 5740 16383 1175 1285 1299 1243 1138 1717 8187 8186 8187 8186 8186 8187 
1322 1270 5739 16383 1175 1284 1300 1243 1114 1717 8187 8186 8186 8186 8186 8187 
1366 1267 5727 16383 1177 1283 1298 1241 1012 1716 8187 8186 8186 8186 8186 8187 
1320 1287 5735 16383 1175 1284 1299 1243 1159 1717 8186 8185 8185 8185 8185 8186 
1346 1279 5730 16383 1175 1287 1301 1243 1120 1717 8186 8185 8185 8185 8185 8186 
1327 1287 5735 16383 1175 1285 1297 1239 1156 1717 8186 8185 8185 8185 8185 8186 
1323 1273 5735 16383 1175 1285 1298 1243 1129 1717 8186 8185 8185 8185 8185 8186 
1321 1269 5734 16383 1175 1282 1299 1239 1134 1717 8186 8185 8185 8185 8185 8186 
1337 1295 5735 16383 1175 1284 1301 1243 1144 1717 8186 8185 8185 8185 8185 8186 
1318 1265 5734 16383 1175 1282 1297 1239 1113 1717 8187 8186 8186 8186 8186 8187 
1333 1286 5740 16383 1177 1285 1299 1243 1139 1717 8186 8185 8185 8185 8185 8186 
1346 1275 5728 16383 1175 1284 1299 1241 1114 1716 8187 8186 8186 8186 8186 8187 
1335 1283 5741 16383 1177 1285 1301 1244 1131 1718 8186 8185 8185 8185 8185 8186 
1333 1278 5737 16383 1173 1285 1299 1242 1148 1717 8186 8185 8185 8185 8185 8186 
1317 1295 5731 16383 1175 1285 1298 1243 1176 1717 8186 8185 8185 8185 8185 8186 
1323 1279 5729 16383 1174 1282 1298 1239 1142 1717 8187 8186 8186 8186 8186 8187 
1363 1412 5727 16383 1177 1283 1299 1243 1168 1716 8187 8186 8186 8186 8186 8187 
1350 1282 5728 16383 1177 1284 1298 1243 1144 1716 8186 8185 8185 8185 8185 8186 
1331 1327 5740 16383 1175 1282 1297 1239 1170 1718 8186 8185 8185 8185 8185 8186 
1317 1279 5739 16383 1178 1285 1301 1243 1155 1717 8186 8185 8185 8185 8185 8186 
1358 1279 5742 16383 1175 1283 1299 1243 1105 1716 8186 8185 8185 8185 8185 8186 
1330 1294 5739 16383 1175 1283 1298 1241 1150 1716 8187 8186 8186 8186 8186 8187 
1339 1284 5738 16383 1175 1283 1298 1239 1122 1717 8187 8186 8186 8186 8186 8187 
1351 1263 5736 16383 1175 1285 1299 1241 1100 1716 8185 8184 8184 8184 8184 8185 
1375 1313 5738 16383 1175 1283 1298 1239 1134 1717 8186 8185 8185 8185 8185 8186 
1338 1278 5734 16383 1177 1285 1299 1242 1116 1717 8186 8185 8185 8185 8185 8186 
1367 1277 5742 16383 1175 1285 1299 1242 1121 1717 8187 8186 8186 8186 8186 8187 
1322 1299 5731 16383 1177 1287 1301 1243 1161 1717 8186 8185 8186 8185 8185 8186 
1392 1311 5729 16383 1174 1282 1298 1239 1152 1717 8187 8186 8187 8186 8186 8187 
1337 1280 5730 16383 1175 1282 1298 1240 1131 1717 8186 8185 8185 8185 8185 8186 
1355 1291 5738 16383 1175 1285 1300 1243 1136 1717 8186 8185 8185 8185 8185 8186 
1358 1271 5730 16383 1175 1284 1299 1242 1114 1717 8186 8185 8185 8185 8185 8186 
1325 1271 5731 16383 1177 1285 1298 1241 1094 1718 8186 8185 8185 8185 8185 8186 
1321 1287 5741 16383 1176 1284 1297 1242 1150 1717 8186 8185 8186 8185 8185 8186 
1349 1306 5741 16383 1174 1283 1298 1241 1156 1717 8187 8186 8186 8186 8186 8187 
1327 1307 5730 16383 1175 1284 1299 1243 1167 1716 8187 8186 8186 8186 8186 8187 
1347 1282 5730 16383 1175 1282 1297 1241 1133 1717 8186 8185 8185 8185 8185 8186 
1327 1343 5732 16383 1175 1285 1299 1243 1175 1717 8186 8185 8185 8185 8185 8186 
1325 1277 5738 16383 1178 1286 1301 1243 1100 1717 8187 8186 8186 8186 8186 8187 
1333 1287 5728 16383 1175 1285 1299 1242 1151 1717 8187 8186 8186 8186 8186 8187 
1326 1289 5736 16383 1175 1283 1298 1242 1160 1718 8186 8185 8185 8185 8185 8186 
1322 1289 5742 16383 1175 1284 1299 1240 1146 1716 8186 8185 8185 8185 8185 8186 
1360 1283 5735 16383 1175 1283 1298 1241 1123 1717 8186 8185 8185 8185 8185 8186 
1347 1271 5741 16383 1175 1284 1295 1241 1073 1717 8186 8185 8185 8185 8185 8186 
1325 1313 5729 16383 1174 1282 1297 1239 1154 1716 8186 8185 8185 8185 8185 8186 
1352 1273 5732 16383 1177 1283 1299 1241 1092 1717 8186 8185 8186 8185 8185 8186 
1328 1298 5739 16383 1175 1285 1298 1241 1143 1717 8186 8185 8185 8185 8185 8186 
1327 1286 5733 16383 1177 1285 1299 1243 1153 1717 8186 8185 8185 8185 8185 8186 
1329 1274 5731 16383 1174 1283 1298 1239 1115 1717 8186 8185 8185 8185 8185 8186 
1327 1301 5737 16383 1177 1286 1302 1245 1165 1716 8186 8185 8185 8185 8185 8186 
1351 1305 5742 16383 1175 1283 1299 1242 1139 1717 8187 8186 8186 8186 8186 8187 
