1387 1350 5456 16383 1179 1287 1299 1243 13 416 8186 8185 8185 8185 8185 8186 
1382 1295 5463 16383 1175 1286 1299 1242 73 418 8185 8184 8184 8184 8184 8185 
1452 1277 5460 16383 1175 1285 1300 1243 48 417 8185 8184 8184 8184 8184 8185 
1353 1345 5462 16383 1175 1283 1298 1242 15 417 8186 8185 8185 8185 8185 8186 
1400 1385 5463 16383 1174 1286 1297 1241 13 417 8185 8184 8184 8184 8184 8185 
1377 1377 5461 16383 1175 1285 1298 1243 15 417 8185 8184 8184 8184 8184 8185 
1407 1380 5455 16383 1175 1285 1299 1243 17 417 8185 8184 8184 8184 8184 8185 
1370 1377 5455 16383 1177 1286 1299 1243 18 418 8184 8183 8183 8183 8183 8184 
1323 1271 5460 16383 1175 1283 1299 1239 88 418 8186 8185 8185 8185 8185 8186 
1373 1366 5455 16383 1177 1285 1299 1243 21 418 8184 8183 8183 8183 8183 8184 
1336 1378 5451 16383 1177 1286 1299 1243 43 418 8185 8184 8184 8184 8184 8185 
1400 1367 5451 16383 1175 1285 1299 1243 13 417 8186 8185 8185 8185 8185 8186 
1371 1316 5458 16383 1177 1285 1301 1239 0 418 8185 8184 8184 8184 8184 8185 
1398 1469 5463 16383 1175 1286 1299 1243 23 419 8185 8184 8184 8184 8184 8185 
1369 1348 5455 16383 1175 1284 1299 1243 27 419 8185 8184 8184 8184 8184 8185 
1378 1397 5455 16383 1175 1286 1299 1243 31 419 8185 8184 8184 8184 8184 8185 
1381 1338 5457 16383 1175 1285 1299 1244 0 419 8186 8185 8185 8185 8185 8186 
1354 1381 5467 16383 1178 1285 1299 1243 22 419 8186 8185 8185 8185 8185 8186 
1373 1361 5459 16383 1177 1286 1300 1243 13 417 8185 8184 8184 8184 8184 8185 
1370 1379 5463 16383 1177 1285 1299 1242 13 417 8185 8184 8184 8184 8184 8185 
1367 1357 5468 16383 1177 1287 1300 1245 26 419 8184 8183 8183 8183 8183 8184 
1429 1375 5467 16383 1178 1285 1301 1244 13 417 8185 8184 8184 8184 8184 8185 
1387 1342 5462 16383 1175 1285 1297 1243 0 419 8185 8184 8184 8184 8184 8185 
1408 1319 5470 16383 1178 1286 1301 1243 0 419 8184 8183 8183 8183 8183 8184 
1378 1313 5462 16383 1177 1285 1300 1243 80 417 8184 8183 8183 8183 8183 8184 
1374 1314 5459 16383 1177 1285 1299 1243 23 418 8185 8184 8184 8184 8184 8185 
1314 1393 5466 16383 1175 1285 1299 1241 0 419 8185 8184 8184 8184 8184 8185 
1387 1406 5459 16383 1177 1286 1299 1242 14 417 8186 8185 8185 8185 8185 8186 
1394 1383 5463 16383 1175 1285 1300 1243 15 417 8186 8185 8185 8185 8185 8186 
1369 1351 5465 16383 1175 1285 1299 1241 17 417 8185 8184 8184 8184 8184 8185 
1331 1282 5461 16383 1176 1285 1300 1242 0 418 8186 8185 8185 8185 8185 8186 
1317 1369 5467 16383 1178 1287 1299 1244 0 417 8186 8185 8185 8185 8185 8186 
1369 1353 5463 16383 1177 1287 1300 1243 17 418 8186 8185 8185 8185 8185 8186 
1380 1381 5454 16383 1175 1286 1299 1245 25 419 8186 8185 8185 8185 8185 8186 
1374 1349 5457 16383 1177 1285 1295 1241 14 417 8186 8185 8185 8185 8185 8186 
1441 1417 5467 16383 1176 1286 1301 1245 18 418 8186 8185 8185 8185 8185 8186 
1328 1401 5457 16383 1178 1285 1299 1243 46 417 8185 8184 8184 8184 8184 8185 
1443 1463 5459 16383 1179 1285 1301 1243 17 417 8185 8184 8184 8184 8184 8185 
1385 1337 5458 16383 1174 1284 1299 1243 17 418 8185 8184 8184 8184 8184 8185 
1419 1346 5461 16383 1175 1285 1299 1243 0 419 8185 8184 8184 8184 8184 8185 
1365 1335 5455 16383 1175 1285 1299 1241 12 417 8186 8185 8185 8185 8185 8186 
1415 1339 5458 16383 1175 1286 1298 1242 0 419 8185 8184 8184 8184 8184 8185 
1409 1346 5458 16383 1175 1287 1301 1243 0 418 8185 8184 8184 8184 8184 8185 
1371 1349 5454 16383 1178 1287 1301 1245 0 418 8185 8184 8184 8184 8184 8185 
1413 1342 5451 16383 1175 1285 1298 1239 12 417 8185 8184 8184 8184 8184 8185 
1412 1473 5459 16383 1178 1286 1301 1245 17 417 8186 8185 8185 8185 8185 8186 
1406 1459 5451 16383 1175 1286 1298 1241 24 419 8185 8184 8184 8184 8184 8185 
1311 1339 5450 16383 1175 1283 1297 1243 0 417 8186 8185 8185 8185 8185 8186 
1437 1383 5459 16383 1175 1285 1299 1243 14 417 8186 8185 8185 8185 8185 8186 
1317 1343 5461 16383 1175 1285 1300 1243 47 417 8185 8184 8184 8184 8184 8185 
1497 1345 5447 16383 1177 1287 1300 1243 0 417 8186 8185 8185 8185 8185 8186 
1365 1408 5457 16383 1175 1285 1297 1243 23 418 8185 8184 8184 8184 8184 8185 
1386 1348 5451 16383 1177 1285 1300 1245 0 418 8185 8184 8184 8184 8184 8185 
1387 1267 5455 16383 1175 1285 1299 1245 43 417 8185 8184 8184 8184 8184 8185 
1370 1403 5460 16383 1178 1285 1298 1241 23 418 8185 8184 8184 8184 8184 8185 
1367 1329 5455 16383 1177 1285 1298 1241 0 419 8185 8184 8184 8184 8184 8185 
1367 1406 5455 16383 1177 1285 1299 1243 33 418 8185 8184 8184 8184 8184 8185 
1408 1421 5459 16383 1179 1287 1299 1246 13 417 8186 8185 8185 8185 8185 8186 
1430 1358 5454 16383 1177 1285 1299 1242 0 419 8185 8184 8184 8184 8184 8185 
1409 1351 5449 16383 1177 1284 1297 1239 13 417 8185 8184 8184 8184 8184 8185 
1385 1279 5453 16383 1177 1286 1299 1243 78 417 8186 8185 8185 8185 8185 8186 
1355 1330 5451 16383 1175 1285 1299 1242 13 417 8185 8184 8184 8184 8184 8185 
1374 1342 5461 16383 1175 1285 1301 1242 13 417 8185 8184 8184 8184 8184 8185 
1378 1327 5459 16383 1177 1285 1298 1243 0 419 8185 8184 8184 8184 8184 8185 
1382 1411 5451 16383 1175 1285 1299 1243 29 419 8186 8185 8185 8185 8185 8186 
1409 1299 5455 16383 1175 1286 1299 1243 0 418 8185 8184 8184 8184 8184 8185 
1305 1443 5465 16383 1175 1285 1299 1244 14 417 8186 8185 8185 8185 8185 8186 
1366 1290 5459 16383 1177 1286 1299 1245 69 418 8185 8184 8184 8184 8184 8185 
1317 1487 5454 16383 1175 1285 1299 1242 0 419 8186 8185 8185 8185 8185 8186 
1357 1311 5454 16383 1173 1283 1297 1239 13 417 8186 8185 8185 8185 8185 8186 
1393 1391 5466 16383 1175 1285 1297 1242 14 418 8185 8184 8184 8184 8184 8185 
1330 1375 5462 16383 1175 1285 1298 1241 50 417 8186 8185 8185 8185 8185 8186 
1359 1334 5458 16383 1177 1284 1300 1243 15 417 8186 8185 8185 8185 8185 8186 
1359 1331 5469 16383 1175 1283 1299 1242 17 417 8185 8184 8184 8184 8184 8185 
1373 1323 5461 16383 1177 1285 1300 1243 13 417 8186 8185 8185 8185 8185 8186 
1362 1487 5469 16383 1175 1284 1298 1242 51 417 8185 8184 8184 8184 8184 8185 
1426 1423 5458 16383 1175 1283 1297 1241 15 417 8185 8184 8184 8184 8184 8185 
1398 1266 5457 16383 1175 1283 1298 1241 23 418 8185 8184 8184 8184 8184 8185 
1377 1315 5461 16383 1175 1283 1297 1239 0 418 8185 8184 8184 8184 8184 8185 
1376 1341 5463 16383 1177 1285 1299 1243 12 417 8184 8183 8183 8183 8183 8184 
1375 1407 5459 16383 1173 1283 1295 1240 18 418 8186 8185 8185 8185 8185 8186 
1355 1333 5467 16383 1175 1287 1302 1244 15 417 8186 8185 8185 8185 8185 8186 
1382 1271 5466 16383 1175 1283 1299 1241 56 417 8186 8185 8185 8185 8185 8186 
1375 1362 5467 16383 1175 1284 1300 1242 16 418 8186 8185 8185 8185 8185 8186 
1301 1410 5470 16383 1175 1287 1300 1241 12 418 8185 8184 8184 8184 8184 8185 
1391 1339 5459 16383 1178 1287 1302 1244 0 419 8186 8185 8185 8185 8185 8186 
1300 1383 5461 16383 1173 1283 1298 1241 12 417 8185 8184 8184 8184 8184 8185 
1377 1325 5461 16383 1175 1282 1297 1241 0 418 8185 8184 8184 8184 8184 8185 
1375 1413 5470 16383 1175 1283 1298 1241 22 418 8186 8185 8185 8185 8185 8186 
1367 1356 5467 16383 1177 1287 1299 1243 21 418 8186 8185 8185 8185 8185 8186 
1306 1294 5476 16383 1175 1286 1299 1243 0 417 8185 8184 8184 8184 8184 8185 
1362 1387 5467 16383 1175 1285 1297 1243 21 418 8184 8183 8183 8183 8183 8184 
1368 1380 5466 16383 1175 1285 1297 1241 19 418 8186 8185 8185 8185 8185 8186 
1493 1413 5471 16383 1177 1285 1299 1243 0 418 8186 8185 8185 8185 8185 8186 
1378 1343 5460 16383 1175 1286 1299 1242 20 418 8186 8185 8185 8185 8185 8186 
1370 1341 5471 16383 1175 1285 1299 1243 21 419 8186 8185 8185 8185 8185 8186 
1381 1361 5465 16383 1179 1287 1299 1244 16 417 8185 8184 8184 8184 8184 8185 
1489 1380 5467 16383 1177 1287 1299 1243 0 418 8186 8185 8185 8185 8185 8186 
1371 1389 5472 16383 1177 1287 1300 1243 17 417 8186 8185 8185 8185 8185 8186 
1368 1585 5471 16383 1175 1285 1301 1243 41 418 8185 8184 8184 8184 8184 8185 
1378 1337 5467 16383 1178 1285 1297 1241 12 417 8186 8185 8185 8185 8185 8186 
1457 1367 5463 16383 1175 1287 1299 1245 0 418 8186 8185 8185 8185 8185 8186 
1369 1349 5463 16383 1177 1284 1298 1242 17 417 8186 8185 8185 8185 8185 8186 
1360 1391 5475 16383 1178 1285 1299 1245 27 418 8186 8185 8185 8185 8185 8186 
1410 1285 5471 16383 1175 1286 1299 1242 63 418 8186 8185 8185 8185 8185 8186 
1375 1355 5463 16383 1175 1285 1298 1242 17 418 8186 8185 8185 8185 8185 8186 
1310 1275 5467 16383 1175 1284 1299 1239 0 420 8185 8184 8184 8184 8184 8185 
1315 1367 5467 16383 1177 1285 1301 1243 0 417 8186 8185 8185 8185 8185 8186 
1406 1341 5470 16383 1179 1287 1299 1245 0 419 8185 8184 8184 8184 8184 8185 
1370 1548 5471 16383 1174 1285 1299 1242 48 416 8186 8185 8185 8185 8185 8186 
1369 1348 5478 16383 1175 1286 1299 1242 12 417 8186 8185 8185 8185 8185 8186 
1358 1335 5477 16383 1175 1285 1299 1242 15 417 8186 8185 8185 8185 8185 8186 
1405 1317 5471 16383 1177 1287 1297 1243 0 419 8185 8184 8184 8184 8184 8185 
1357 1346 5473 16383 1175 1283 1299 1242 78 417 8186 8185 8185 8185 8185 8186 
1377 1357 5478 16383 1175 1285 1299 1243 17 418 8185 8184 8184 8184 8184 8185 
1368 1363 5473 16383 1175 1284 1298 1241 19 418 8186 8185 8185 8185 8185 8186 
1369 1356 5469 16383 1177 1285 1299 1243 18 418 8186 8185 8185 8185 8185 8186 
1385 1347 5477 16383 1177 1287 1301 1247 12 417 8185 8184 8184 8184 8184 8185 
1393 1355 5478 16383 1178 1285 1299 1243 16 417 8186 8185 8185 8185 8185 8186 
1367 1366 5475 16383 1175 1285 1297 1242 15 417 8186 8185 8185 8185 8185 8186 
1355 1455 5483 16383 1175 1284 1298 1241 91 417 8185 8184 8184 8184 8184 8185 
1390 1365 5482 16383 1175 1285 1298 1241 0 418 8186 8185 8185 8185 8185 8186 
1362 1335 5477 16383 1174 1285 1297 1239 16 417 8185 8184 8184 8184 8185 8186 
1393 1319 5478 16383 1175 1285 1298 1243 0 418 8186 8185 8185 8185 8185 8186 
1347 1283 5470 16383 1177 1283 1297 1241 75 418 8186 8185 8185 8185 8185 8186 
1381 1377 5475 16383 1175 1285 1298 1241 13 416 8185 8184 8184 8184 8184 8185 
1369 1347 5479 16383 1177 1286 1299 1241 15 417 8186 8185 8185 8185 8185 8186 
1364 1378 5483 16383 1177 1285 1298 1243 21 418 8186 8185 8185 8185 8185 8186 
1510 1263 5487 16383 1175 1285 1299 1245 16 417 8185 8184 8184 8184 8184 8185 
1373 1412 5487 16383 1177 1284 1299 1243 23 418 8186 8185 8185 8185 8185 8186 
1392 1342 5482 16383 1175 1284 1297 1241 14 417 8186 8185 8185 8185 8185 8186 
1428 1422 5489 16383 1177 1286 1299 1242 23 418 8186 8185 8185 8185 8185 8186 
1314 1393 5490 16383 1177 1287 1299 1243 0 418 8186 8185 8185 8185 8185 8186 
1361 1391 5487 16383 1177 1285 1300 1242 32 419 8186 8185 8185 8185 8185 8186 
1369 1355 5476 16383 1177 1286 1300 1243 13 417 8185 8184 8184 8184 8184 8185 
1374 1342 5485 16383 1175 1285 1298 1244 15 417 8185 8184 8184 8184 8184 8185 
1410 1359 5478 16383 1175 1286 1299 1242 0 419 8185 8184 8184 8184 8184 8185 
1406 1367 5475 16383 1177 1287 1299 1245 14 417 8186 8185 8185 8185 8185 8186 
1365 1381 5477 16383 1176 1286 1300 1243 23 418 8186 8185 8185 8185 8185 8186 
1385 1271 5490 16383 1178 1287 1299 1243 42 418 8185 8184 8184 8184 8184 8185 
1384 1433 5474 16383 1175 1284 1299 1241 33 419 8186 8185 8185 8185 8185 8186 
1362 1337 5480 16383 1175 1286 1299 1243 18 418 8185 8184 8184 8184 8184 8185 
1381 1413 5486 16383 1175 1287 1300 1243 28 419 8185 8184 8184 8184 8184 8185 
1366 1340 5493 16383 1174 1285 1297 1241 0 418 8186 8185 8185 8185 8185 8186 
1386 1382 5481 16383 1177 1287 1299 1241 14 417 8186 8185 8185 8185 8185 8186 
1403 1285 5492 16383 1175 1285 1299 1243 49 417 8185 8184 8184 8184 8184 8185 
1395 1353 5487 16383 1178 1286 1299 1243 15 417 8184 8183 8183 8183 8183 8184 
1363 1312 5481 16383 1177 1287 1297 1243 0 419 8186 8185 8185 8185 8185 8186 
1361 1351 5491 16383 1175 1285 1301 1241 14 417 8184 8183 8183 8183 8183 8184 
1317 1359 5486 16383 1177 1285 1298 1243 67 418 8185 8184 8184 8184 8184 8185 
1475 1286 5479 16383 1175 1285 1299 1242 0 418 8185 8184 8184 8184 8184 8185 
1417 1398 5481 16383 1178 1285 1300 1244 15 417 8186 8185 8185 8185 8185 8186 
1369 1331 5490 16383 1177 1286 1301 1243 0 419 8186 8185 8185 8185 8185 8186 
1367 1459 5479 16383 1174 1283 1295 1242 22 418 8185 8184 8184 8184 8184 8185 
1378 1359 5479 16383 1178 1287 1299 1245 19 418 8186 8185 8185 8185 8185 8186 
1371 1391 5487 16383 1175 1285 1299 1241 17 417 8186 8185 8185 8185 8185 8186 
1383 1281 5476 16383 1178 1287 1301 1244 0 418 8186 8185 8185 8185 8185 8186 
1400 1367 5487 16383 1177 1286 1299 1244 0 418 8186 8185 8185 8185 8185 8186 
1444 1481 5485 16383 1175 1284 1298 1241 22 419 8185 8184 8184 8184 8184 8185 
1374 1479 5484 16383 1177 1285 1299 1239 29 419 8185 8184 8184 8184 8184 8185 
1470 1341 5474 16383 1175 1282 1298 1242 0 419 8186 8185 8185 8185 8185 8186 
1394 1280 5483 16383 1178 1287 1299 1245 0 418 8186 8185 8185 8185 8185 8186 
1414 1364 5482 16383 1175 1285 1295 1241 16 417 8186 8185 8185 8185 8185 8186 
1396 1379 5474 16383 1175 1285 1300 1243 0 417 8185 8184 8184 8184 8184 8185 
1367 1327 5475 16383 1175 1285 1299 1243 0 418 8186 8185 8185 8185 8185 8186 
1399 1442 5475 16383 1175 1285 1299 1242 13 417 8186 8185 8185 8185 8185 8186 
1368 1347 5481 16383 1175 1285 1297 1243 18 418 8186 8185 8185 8185 8185 8186 
1369 1323 5473 16383 1175 1284 1295 1242 78 417 8186 8185 8185 8185 8185 8186 
1375 1348 5476 16383 1175 1285 1299 1241 16 417 8186 8185 8185 8185 8185 8186 
1365 1295 5474 16383 1177 1287 1299 1243 69 418 8186 8185 8185 8185 8185 8186 
1411 1371 5472 16383 1177 1285 1299 1243 0 418 8186 8185 8185 8185 8185 8186 
1381 1393 5474 16383 1175 1283 1298 1241 0 417 8186 8185 8185 8185 8185 8186 
1365 1394 5482 16383 1178 1285 1298 1243 19 418 8186 8185 8185 8185 8185 8186 
1391 1374 5487 16383 1179 1287 1301 1244 0 418 8186 8185 8185 8185 8185 8186 
1319 1348 5482 16383 1177 1285 1298 1243 80 417 8186 8185 8185 8185 8185 8186 
1385 1371 5474 16383 1177 1283 1297 1242 13 418 8186 8185 8185 8185 8185 8186 
1343 1338 5476 16383 1177 1284 1298 1239 12 417 8185 8184 8184 8184 8184 8185 
1356 1367 5471 16383 1174 1284 1295 1241 19 418 8186 8185 8185 8185 8185 8186 
1381 1371 5483 16383 1175 1284 1298 1243 0 418 8186 8185 8185 8185 8185 8186 
1429 1323 5475 16383 1175 1286 1299 1241 0 418 8186 8185 8185 8185 8185 8186 
1335 1352 5476 16383 1175 1287 1299 1243 39 418 8186 8185 8185 8185 8185 8186 
1369 1345 5482 16383 1177 1286 1299 1241 13 417 8186 8185 8185 8185 8185 8186 
1385 1357 5476 16383 1174 1283 1298 1242 14 417 8186 8185 8185 8185 8185 8186 
1378 1347 5479 16383 1177 1285 1298 1242 0 419 8186 8185 8185 8185 8185 8186 
1375 1283 5477 16383 1175 1285 1299 1243 0 417 8186 8185 8185 8185 8185 8186 
1554 1275 5477 16383 1175 1285 1297 1242 0 418 8185 8184 8184 8184 8184 8185 
1420 1379 5475 16383 1177 1286 1299 1243 16 418 8186 8185 8185 8185 8185 8186 
1402 1378 5476 16383 1177 1286 1299 1243 0 418 8186 8185 8185 8185 8185 8186 
1369 1355 5473 16383 1175 1284 1298 1239 17 417 8186 8185 8185 8185 8185 8186 
1345 1275 5487 16383 1179 1286 1301 1245 48 417 8186 8185 8185 8185 8185 8186 
1401 1346 5473 16383 1175 1285 1299 1243 14 417 8185 8184 8184 8184 8184 8185 
1373 1365 5472 16383 1178 1287 1301 1245 17 417 8185 8184 8184 8184 8184 8185 
1384 1377 5483 16383 1177 1285 1299 1243 18 418 8186 8185 8185 8185 8185 8186 
1384 1369 5479 16383 1175 1283 1299 1241 19 418 8186 8185 8185 8185 8185 8186 
1357 1371 5472 16383 1175 1285 1299 1243 33 419 8185 8184 8184 8184 8184 8185 
1397 1459 5483 16383 1175 1285 1298 1243 27 419 8186 8185 8185 8185 8185 8186 
1364 1330 5477 16383 1175 1285 1299 1241 21 418 8186 8185 8185 8185 8185 8186 
1307 1391 5476 16383 1177 1287 1299 1243 0 418 8186 8185 8185 8185 8185 8186 
1382 1381 5471 16383 1175 1285 1297 1241 25 419 8185 8184 8184 8184 8184 8185 
1408 1339 5476 16383 1177 1285 1299 1243 0 419 8186 8185 8185 8185 8185 8186 
1387 1331 5472 16383 1175 1283 1299 1242 0 419 8186 8185 8185 8185 8185 8186 
1376 1346 5481 16383 1175 1284 1299 1243 0 418 8186 8185 8185 8185 8185 8186 
1366 1372 5481 16383 1178 1285 1299 1243 17 417 8185 8184 8184 8184 8184 8185 
1310 1333 5473 16383 1175 1285 1297 1242 0 417 8185 8184 8185 8184 8184 8185 
1357 1333 5482 16383 1175 1286 1299 1245 15 417 8186 8185 8185 8185 8185 8186 
1367 1350 5481 16383 1178 1287 1301 1244 16 417 8186 8185 8185 8185 8185 8186 
1361 1269 5483 16383 1175 1283 1297 1242 62 418 8186 8185 8185 8185 8185 8186 
1363 1287 5482 16383 1177 1286 1299 1243 63 418 8185 8184 8184 8184 8184 8185 
1373 1363 5475 16383 1175 1286 1300 1242 26 419 8185 8184 8184 8184 8184 8185 
1365 1351 5472 16383 1175 1283 1295 1241 18 418 8185 8184 8184 8184 8184 8185 
1369 1414 5476 16383 1177 1284 1298 1241 22 418 8186 8185 8185 8185 8185 8186 
1349 1353 5473 16383 1175 1283 1298 1243 23 418 8185 8184 8184 8184 8184 8185 
1382 1371 5472 16383 1175 1283 1299 1243 15 417 8185 8184 8184 8184 8184 8185 
1329 1681 5481 16383 1175 1283 1297 1241 0 420 8186 8185 8185 8185 8185 8186 
1420 1419 5471 16383 1177 1285 1299 1243 0 419 8186 8185 8185 8185 8185 8186 
1393 1415 5478 16383 1175 1283 1299 1241 20 418 8186 8185 8185 8185 8185 8186 
1357 1339 5478 16383 1177 1286 1298 1243 13 417 8186 8185 8185 8185 8185 8186 
1369 1357 5479 16383 1177 1285 1298 1243 13 417 8185 8184 8184 8184 8184 8185 
1392 1339 5473 16383 1175 1285 1299 1243 0 419 8186 8185 8185 8185 8185 8186 
1368 1348 5475 16383 1175 1284 1299 1243 15 417 8185 8184 8184 8184 8184 8185 
1385 1365 5477 16383 1175 1285 1299 1243 17 418 8185 8184 8184 8184 8184 8185 
1374 1372 5478 16383 1178 1287 1301 1244 21 418 8186 8185 8185 8185 8185 8186 
1386 1356 5474 16383 1176 1286 1299 1245 0 419 8185 8184 8184 8184 8184 8185 
1417 1367 5470 16383 1175 1284 1299 1242 14 417 8186 8185 8185 8185 8185 8186 
1373 1330 5472 16383 1175 1286 1299 1243 0 418 8186 8185 8185 8185 8185 8186 
1353 1335 5471 16383 1175 1287 1300 1243 18 418 8186 8185 8185 8185 8185 8186 
1491 1347 5477 16383 1175 1283 1299 1243 0 418 8186 8185 8185 8185 8185 8186 
1327 1345 5477 16383 1175 1286 1299 1245 45 417 8186 8185 8185 8185 8185 8186 
1385 1371 5477 16383 1175 1285 1298 1243 14 417 8186 8185 8185 8185 8185 8186 
1365 1279 5483 16383 1179 1287 1300 1243 0 417 8186 8185 8185 8185 8185 8186 
1381 1354 5475 16383 1175 1285 1297 1243 84 417 8185 8184 8184 8184 8184 8185 
1416 1278 5480 16383 1175 1285 1299 1243 62 418 8185 8184 8184 8184 8184 8185 
1689 1521 5478 16383 1175 1285 1297 1242 22 418 8186 8185 8185 8185 8185 8186 
1444 1287 5479 16383 1175 1285 1298 1241 45 417 8185 8184 8184 8184 8184 8185 
1406 1466 5477 16383 1179 1287 1299 1243 18 418 8186 8185 8185 8185 8185 8186 
1377 1344 5478 16383 1175 1286 1300 1244 17 417 8185 8184 8184 8184 8184 8185 
1326 1376 5481 16383 1177 1285 1299 1242 0 417 8185 8184 8184 8184 8184 8185 
1309 1309 5476 16383 1178 1285 1299 1242 0 417 8186 8185 8185 8185 8185 8186 
1375 1434 5481 16383 1178 1287 1299 1243 34 418 8185 8184 8184 8184 8184 8185 
1403 1279 5485 16383 1176 1285 1299 1244 48 417 8186 8185 8185 8185 8185 8186 
1416 1345 5485 16383 1177 1286 1299 1244 13 417 8185 8184 8184 8184 8184 8185 
1401 1263 5475 16383 1178 1287 1300 1243 35 418 8185 8184 8184 8184 8184 8185 
1391 1339 5483 16383 1175 1285 1299 1243 0 419 8185 8184 8184 8184 8184 8185 
1364 1333 5485 16383 1175 1285 1299 1243 14 417 8186 8185 8185 8185 8185 8186 
1313 1364 5477 16383 1177 1285 1299 1243 0 418 8185 8184 8184 8184 8184 8185 
1449 1278 5484 16383 1177 1284 1299 1243 51 417 8185 8184 8184 8184 8184 8185 
1463 1437 5482 16383 1177 1285 1299 1244 28 419 8186 8185 8185 8185 8185 8186 
1411 1462 5481 16383 1175 1287 1298 1243 27 419 8185 8184 8184 8184 8184 8185 
1431 1439 5483 16383 1175 1285 1298 1241 13 417 8185 8184 8184 8184 8184 8185 
1388 1342 5474 16383 1175 1286 1299 1243 18 418 8185 8184 8184 8184 8184 8185 
1370 1455 5476 16383 1177 1287 1300 1244 48 417 8186 8185 8185 8185 8185 8186 
1367 1311 5485 16383 1175 1285 1298 1242 16 417 8186 8185 8185 8185 8185 8186 
1405 1362 5492 16383 1175 1286 1298 1243 15 417 8185 8184 8184 8184 8184 8185 
1385 1351 5484 16383 1177 1283 1298 1242 18 418 8185 8184 8184 8184 8184 8185 
1411 1341 5486 16383 1175 1285 1298 1241 0 419 8185 8184 8184 8184 8184 8185 
1417 1270 5485 16383 1177 1285 1299 1241 31 419 8185 8184 8184 8184 8184 8185 
1406 1286 5487 16383 1177 1285 1299 1243 59 418 8185 8184 8184 8184 8184 8185 
1411 1342 5482 16383 1178 1286 1300 1244 0 419 8185 8184 8184 8184 8184 8185 
1431 1411 5479 16383 1175 1286 1299 1243 22 418 8186 8185 8185 8185 8185 8186 
1357 1364 5481 16383 1177 1285 1298 1241 26 419 8185 8184 8184 8184 8184 8185 
1311 1327 5478 16383 1174 1284 1297 1239 47 417 8186 8185 8185 8185 8185 8186 
1363 1347 5481 16383 1175 1287 1299 1243 17 417 8186 8185 8185 8185 8185 8186 
1359 1335 5475 16383 1175 1284 1299 1243 15 417 8186 8185 8185 8185 8185 8186 
1403 1340 5489 16383 1174 1284 1299 1241 0 419 8185 8184 8184 8184 8184 8185 
1439 1274 5479 16383 1177 1286 1301 1243 39 418 8185 8184 8184 8184 8184 8185 
1353 1332 5485 16383 1175 1283 1297 1242 14 417 8186 8185 8185 8185 8185 8186 
1366 1341 5478 16383 1175 1287 1301 1243 16 417 8184 8183 8183 8183 8183 8184 
1377 1403 5483 16383 1175 1285 1298 1242 21 418 8185 8184 8184 8184 8184 8185 
1412 1299 5477 16383 1175 1285 1298 1243 0 418 8185 8184 8184 8184 8184 8185 
1393 1342 5481 16383 1175 1285 1299 1241 14 417 8186 8185 8185 8185 8185 8186 
1369 1386 5471 16383 1179 1287 1301 1246 26 418 8186 8185 8185 8185 8185 8186 
1469 1418 5474 16383 1175 1284 1297 1241 16 417 8185 8184 8184 8184 8184 8185 
1452 1377 5474 16383 1177 1285 1299 1242 12 417 8185 8184 8184 8184 8184 8185 
1360 1351 5472 16383 1174 1287 1299 1243 20 418 8186 8185 8185 8185 8185 8186 
1382 1366 5471 16383 1175 1284 1299 1242 0 418 8185 8184 8184 8184 8184 8185 
1403 1341 5479 16383 1177 1285 1299 1240 0 420 8186 8185 8185 8185 8185 8186 
1370 1326 5475 16383 1178 1285 1302 1245 16 418 8186 8185 8185 8185 8185 8186 
1381 1329 5473 16383 1176 1285 1299 1243 0 419 8184 8183 8183 8183 8183 8184 
1373 1418 5489 16383 1175 1286 1298 1242 26 419 8186 8185 8185 8185 8185 8186 
1368 1411 5481 16383 1177 1285 1299 1243 18 418 8186 8185 8185 8185 8185 8186 
1373 1361 5479 16383 1175 1287 1299 1243 22 418 8186 8185 8185 8185 8185 8186 
1381 1349 5483 16383 1173 1284 1299 1241 13 417 8185 8184 8184 8184 8184 8185 
1391 1357 5482 16383 1177 1285 1300 1243 0 418 8186 8185 8185 8185 8185 8186 
1382 1338 5489 16383 1179 1286 1300 1244 0 419 8185 8184 8184 8184 8184 8185 
1409 1271 5487 16383 1175 1284 1299 1241 38 418 8186 8185 8185 8185 8185 8186 
1419 1340 5487 16383 1175 1285 1299 1243 0 419 8186 8185 8185 8185 8185 8186 
1363 1344 5483 16383 1175 1283 1297 1243 26 419 8185 8184 8184 8184 8184 8185 
1390 1358 5483 16383 1175 1286 1299 1244 13 417 8185 8184 8184 8184 8184 8185 
1388 1290 5489 16383 1176 1285 1299 1243 63 418 8186 8185 8185 8185 8185 8186 
1353 1280 5489 16383 1179 1286 1302 1244 78 417 8186 8185 8185 8185 8185 8186 
1373 1385 5483 16383 1175 1283 1299 1243 28 419 8185 8184 8184 8184 8184 8185 
1359 1283 5485 16383 1175 1286 1298 1243 0 417 8185 8184 8184 8184 8184 8185 
1373 1363 5476 16383 1175 1285 1300 1241 14 417 8185 8184 8184 8184 8184 8185 
1381 1363 5487 16383 1175 1283 1298 1242 13 417 8185 8184 8184 8184 8184 8185 
1364 1331 5474 16383 1175 1285 1299 1242 16 417 8186 8185 8185 8185 8185 8186 
1357 1342 5479 16383 1174 1283 1295 1239 19 418 8186 8185 8185 8185 8185 8186 
1366 1348 5483 16383 1175 1286 1299 1243 17 418 8186 8185 8185 8185 8185 8186 
1443 1330 5482 16383 1175 1284 1299 1242 0 419 8186 8185 8185 8185 8185 8186 
1426 1463 5473 16383 1174 1283 1297 1242 24 418 8185 8184 8184 8184 8184 8185 
1441 1280 5475 16383 1177 1285 1298 1241 54 417 8186 8185 8185 8185 8185 8186 
1479 1337 5473 16383 1177 1285 1299 1243 0 419 8185 8184 8184 8184 8184 8185 
1387 1259 5470 16383 1178 1286 1301 1243 17 417 8185 8184 8184 8184 8184 8185 
1397 1266 5474 16383 1178 1286 1301 1245 37 419 8185 8184 8184 8184 8184 8185 
1362 1342 5479 16383 1177 1285 1299 1242 18 418 8184 8183 8183 8183 8183 8184 
1363 1342 5467 16383 1173 1285 1299 1239 17 417 8185 8184 8184 8184 8184 8185 
1362 1333 5463 16383 1175 1282 1295 1241 0 419 8185 8184 8184 8184 8184 8185 
1422 1340 5473 16383 1177 1285 1300 1243 0 419 8185 8184 8184 8184 8184 8185 
1386 1422 5463 16383 1177 1282 1299 1243 22 418 8185 8184 8184 8184 8184 8185 
1383 1263 5463 16383 1177 1285 1298 1242 23 418 8186 8185 8185 8185 8185 8186 
1399 1271 5457 16383 1175 1285 1299 1243 35 418 8186 8185 8185 8185 8185 8186 
1388 1345 5470 16383 1175 1287 1299 1243 13 417 8186 8185 8185 8185 8185 8186 
1383 1351 5454 16383 1175 1285 1297 1240 18 418 8186 8185 8185 8185 8185 8186 
1350 1335 5457 16383 1174 1285 1299 1241 16 417 8185 8184 8184 8184 8184 8185 
1383 1341 5461 16383 1177 1283 1299 1241 15 417 8184 8183 8183 8183 8183 8184 
1371 1319 5455 16383 1175 1284 1297 1242 13 417 8186 8185 8185 8185 8185 8186 
1383 1337 5455 16383 1175 1285 1298 1241 14 417 8186 8185 8185 8185 8185 8186 
1505 1303 5470 16383 1177 1286 1299 1243 47 417 8185 8184 8184 8184 8184 8185 
1390 1285 5462 16383 1175 1285 1298 1241 0 417 8186 8185 8185 8185 8185 8186 
1419 1348 5455 16383 1177 1285 1299 1244 0 419 8185 8184 8184 8184 8184 8185 
1366 1355 5459 16383 1177 1285 1299 1243 16 418 8186 8185 8185 8185 8185 8186 
1364 1344 5454 16383 1175 1284 1297 1243 13 418 8185 8184 8184 8184 8184 8185 
1367 1335 5465 16383 1175 1284 1298 1241 0 418 8186 8185 8185 8185 8185 8186 
1365 1363 5455 16383 1175 1287 1295 1243 14 417 8186 8185 8185 8185 8185 8186 
1413 1278 5461 16383 1175 1286 1299 1246 46 417 8186 8185 8185 8185 8185 8186 
1367 1483 5469 16383 1177 1286 1299 1243 36 418 8186 8185 8185 8185 8185 8186 
1326 1283 5471 16383 1179 1285 1302 1245 98 418 8186 8185 8185 8185 8185 8186 
1369 1287 5460 16383 1175 1285 1299 1243 0 419 8185 8184 8184 8184 8184 8185 
1376 1423 5458 16383 1174 1285 1298 1243 16 417 8185 8184 8184 8184 8184 8185 
1378 1386 5461 16383 1175 1285 1295 1240 13 417 8185 8184 8184 8184 8184 8185 
1361 1838 5494 16383 1183 1290 1306 1250 171 417 8185 8184 8184 8184 8184 8185 
1409 1362 5471 16383 1178 1287 1301 1244 18 418 8185 8184 8184 8184 8184 8185 
1398 1347 5467 16383 1177 1287 1299 1243 14 417 8185 8184 8184 8184 8184 8185 
1358 1335 5457 16383 1176 1283 1297 1239 13 417 8186 8185 8185 8185 8185 8186 
1449 1349 5462 16383 1175 1287 1299 1243 0 419 8185 8184 8184 8184 8184 8185 
1373 1375 5461 16383 1175 1286 1301 1243 29 420 8185 8184 8184 8184 8184 8185 
1374 1367 5462 16383 1175 1286 1299 1243 13 417 8186 8185 8185 8185 8185 8186 
1351 1343 5463 16383 1174 1283 1298 1241 21 418 8185 8184 8184 8184 8184 8185 
1344 1263 5467 16383 1175 1287 1299 1244 40 418 8186 8185 8185 8185 8185 8186 
1381 1346 5475 16383 1175 1284 1298 1243 18 418 8186 8185 8185 8185 8185 8186 
1367 1362 5465 16383 1175 1287 1299 1243 16 417 8186 8185 8185 8185 8185 8186 
1371 1323 5471 16383 1177 1287 1299 1245 14 417 8185 8184 8184 8184 8184 8185 
1306 1377 5467 16383 1175 1285 1299 1242 0 419 8185 8184 8184 8184 8184 8185 
1367 1355 5459 16383 1178 1286 1299 1245 0 419 8185 8184 8184 8184 8184 8185 
1443 1399 5475 16383 1175 1285 1298 1242 16 417 8184 8183 8183 8183 8183 8184 
1363 1327 5475 16383 1175 1285 1299 1243 16 417 8185 8184 8184 8184 8184 8185 
1323 1286 5462 16383 1173 1283 1295 1240 106 418 8186 8185 8185 8185 8185 8186 
1421 1351 5470 16383 1175 1285 1299 1241 13 417 8186 8185 8185 8185 8185 8186 
1463 1339 5467 16383 1177 1285 1299 1243 0 419 8186 8185 8185 8185 8185 8186 
1382 1332 5471 16383 1177 1285 1299 1242 14 417 8185 8184 8184 8184 8184 8185 
1317 1443 5471 16383 1175 1286 1299 1243 0 419 8185 8184 8184 8184 8184 8185 
1391 1551 5478 16383 1177 1285 1299 1243 37 418 8184 8183 8183 8183 8183 8184 
1345 1302 5466 16383 1178 1286 1301 1243 0 419 8185 8184 8184 8184 8184 8185 
1339 1359 5463 16383 1175 1285 1299 1243 16 418 8185 8184 8184 8184 8184 8185 
1369 1361 5471 16383 1177 1283 1297 1242 17 417 8185 8184 8184 8184 8184 8185 
1379 1355 5466 16383 1175 1283 1299 1243 14 417 8185 8184 8184 8184 8184 8185 
1393 1335 5471 16383 1175 1283 1298 1242 0 418 8186 8185 8185 8185 8185 8186 
1377 1354 5471 16383 1175 1284 1299 1241 17 417 8186 8185 8185 8185 8185 8186 
1403 1338 5461 16383 1175 1287 1298 1242 0 418 8185 8184 8184 8184 8184 8185 
1321 1313 5463 16383 1177 1285 1299 1244 0 417 8186 8185 8185 8185 8185 8186 
1359 1361 5471 16383 1175 1285 1298 1243 17 418 8186 8185 8185 8185 8185 8186 
1318 1321 5469 16383 1177 1286 1299 1242 0 418 8185 8184 8184 8184 8184 8185 
1439 1405 5469 16383 1177 1285 1299 1243 16 417 8186 8185 8185 8185 8185 8186 
1331 1273 5460 16383 1175 1284 1297 1242 0 418 8185 8184 8184 8184 8184 8185 
1382 1310 5466 16383 1179 1285 1301 1246 0 419 8185 8184 8184 8184 8184 8185 
1362 1361 5455 16383 1178 1286 1299 1243 13 417 8186 8185 8185 8185 8185 8186 
1439 1373 5463 16383 1175 1283 1297 1241 0 418 8186 8185 8185 8185 8185 8186 
1365 1327 5466 16383 1178 1285 1299 1243 13 417 8186 8185 8186 8185 8185 8186 
1364 1329 5468 16383 1177 1284 1299 1241 16 417 8186 8185 8185 8185 8185 8186 
1440 1372 5462 16383 1179 1285 1301 1245 0 419 8185 8184 8184 8184 8184 8185 
1381 1330 5466 16383 1175 1283 1297 1243 0 418 8186 8185 8185 8185 8185 8186 
1371 1329 5465 16383 1174 1283 1297 1241 0 418 8185 8184 8184 8184 8184 8185 
1357 1330 5465 16383 1175 1286 1299 1247 19 418 8186 8185 8185 8185 8185 8186 
1373 1362 5466 16383 1179 1287 1303 1243 13 417 8186 8185 8185 8185 8185 8186 
1409 1431 5457 16383 1178 1285 1299 1244 13 417 8186 8185 8185 8185 8185 8186 
1354 1327 5455 16383 1175 1285 1299 1242 15 417 8186 8185 8185 8185 8185 8186 
1394 1355 5471 16383 1175 1284 1299 1243 15 417 8186 8185 8185 8185 8185 8186 
1359 1381 5473 16383 1175 1285 1299 1242 25 419 8186 8185 8185 8185 8185 8186 
1303 1303 5474 16383 1175 1286 1299 1242 0 417 8185 8184 8184 8184 8184 8185 
1318 1475 5473 16383 1177 1287 1301 1243 0 419 8186 8185 8186 8185 8185 8186 
1359 1350 5477 16383 1175 1285 1301 1243 14 417 8186 8185 8185 8185 8185 8186 
1379 1287 5463 16383 1175 1285 1298 1243 0 417 8186 8185 8185 8185 8185 8186 
1377 1339 5471 16383 1177 1283 1299 1243 0 418 8186 8185 8185 8185 8185 8186 
1370 1469 5469 16383 1173 1283 1299 1242 28 419 8185 8184 8184 8184 8184 8185 
1399 1359 5470 16383 1174 1282 1299 1239 15 417 8185 8184 8184 8184 8184 8185 
1391 1351 5471 16383 1178 1287 1301 1243 0 418 8184 8183 8183 8183 8183 8184 
1370 1273 5474 16383 1175 1283 1298 1241 59 417 8186 8185 8185 8185 8185 8186 
1312 1274 5467 16383 1175 1283 1298 1242 0 418 8185 8184 8184 8184 8184 8185 
1360 1391 5471 16383 1181 1287 1303 1245 22 419 8185 8184 8184 8184 8184 8185 
1420 1269 5475 16383 1179 1287 1299 1243 23 418 8185 8184 8184 8184 8184 8185 
1355 1305 5479 16383 1175 1287 1301 1245 13 417 8186 8185 8185 8185 8185 8186 
1435 1373 5474 16383 1174 1285 1298 1243 14 417 8186 8185 8185 8185 8185 8186 
1439 1381 5465 16383 1178 1285 1301 1243 0 418 8185 8184 8184 8184 8184 8185 
1414 1367 5478 16383 1177 1285 1300 1243 12 417 8185 8184 8184 8184 8184 8185 
1398 1444 5462 16383 1175 1285 1301 1242 26 419 8186 8185 8185 8185 8185 8186 
1437 1359 5467 16383 1177 1285 1299 1243 0 418 8186 8185 8185 8185 8185 8186 
1365 1366 5465 16383 1175 1285 1299 1243 15 417 8186 8185 8185 8185 8185 8186 
1370 1335 5460 16383 1178 1285 1299 1242 16 417 8186 8185 8185 8185 8185 8186 
1317 1306 5463 16383 1175 1285 1299 1241 0 418 8185 8184 8184 8184 8184 8185 
1311 1293 5461 16383 1175 1286 1299 1243 0 418 8186 8185 8185 8185 8185 8186 
1382 1455 5461 16383 1175 1285 1299 1243 23 418 8186 8185 8185 8185 8185 8186 
1375 1298 5455 16383 1177 1285 1299 1241 0 419 8186 8185 8185 8185 8185 8186 
1367 1438 5469 16383 1175 1281 1295 1239 25 419 8186 8185 8185 8185 8185 8186 
1356 1354 5461 16383 1175 1285 1301 1242 21 418 8185 8184 8184 8184 8184 8185 
1370 1355 5466 16383 1179 1287 1301 1245 25 419 8186 8185 8185 8185 8185 8186 
1387 1333 5457 16383 1175 1283 1299 1242 0 419 8185 8184 8184 8184 8184 8185 
1345 1349 5455 16383 1178 1285 1300 1245 33 418 8186 8185 8185 8185 8185 8186 
1366 1363 5470 16383 1175 1286 1299 1243 33 419 8186 8185 8185 8185 8185 8186 
1365 1348 5465 16383 1175 1286 1298 1243 15 417 8185 8184 8184 8184 8184 8185 
1357 1343 5467 16383 1177 1287 1300 1243 0 418 8185 8184 8184 8184 8184 8185 
1355 1345 5457 16383 1177 1284 1301 1243 0 419 8186 8185 8185 8185 8185 8186 
1375 1383 5458 16383 1177 1285 1301 1245 22 418 8185 8184 8184 8184 8184 8185 
1382 1461 5469 16383 1175 1286 1300 1242 29 419 8184 8183 8183 8183 8183 8184 
1369 1342 5464 16383 1177 1285 1300 1243 14 417 8184 8183 8183 8183 8183 8184 
1313 1277 5465 16383 1175 1285 1299 1241 0 417 8185 8184 8184 8184 8184 8185 
1313 1313 5454 16383 1175 1285 1298 1240 0 417 8186 8185 8185 8185 8185 8186 
1385 1366 5472 16383 1179 1287 1301 1244 12 417 8185 8184 8184 8184 8184 8185 
1429 1343 5473 16383 1177 1283 1299 1242 0 418 8185 8184 8184 8184 8184 8185 
1372 1350 5467 16383 1175 1283 1299 1242 0 418 8186 8185 8185 8185 8185 8186 
1361 1321 5464 16383 1175 1286 1299 1244 0 418 8186 8185 8185 8185 8185 8186 
1371 1415 5463 16383 1175 1285 1300 1243 24 418 8186 8185 8185 8185 8185 8186 
1391 1359 5467 16383 1178 1285 1298 1242 13 417 8185 8184 8184 8184 8184 8185 
1379 1425 5470 16383 1178 1286 1299 1244 24 418 8186 8185 8185 8185 8185 8186 
1362 1324 5462 16383 1175 1286 1301 1243 18 418 8185 8184 8184 8184 8184 8185 
1351 1334 5469 16383 1177 1283 1295 1239 16 417 8185 8184 8184 8184 8184 8185 
1376 1342 5460 16383 1175 1285 1298 1243 13 417 8186 8185 8185 8185 8185 8186 
1399 1341 5469 16383 1175 1285 1299 1243 0 418 8185 8184 8184 8184 8184 8185 
1359 1348 5470 16383 1174 1284 1298 1243 18 417 8186 8185 8185 8185 8185 8186 
1364 1358 5460 16383 1177 1287 1299 1245 18 418 8185 8184 8184 8184 8184 8185 
1367 1341 5462 16383 1178 1285 1300 1243 15 417 8185 8184 8185 8184 8185 8186 
1323 1361 5461 16383 1179 1287 1301 1245 86 417 8186 8185 8185 8185 8185 8186 
1369 1333 5473 16383 1175 1285 1299 1243 0 419 8186 8185 8185 8185 8185 8186 
1306 1408 5471 16383 1178 1285 1299 1243 0 418 8185 8184 8184 8184 8184 8185 
1365 1327 5463 16383 1177 1287 1299 1243 0 417 8184 8183 8183 8183 8183 8184 
1425 1355 5463 16383 1175 1283 1299 1241 0 417 8185 8184 8184 8184 8184 8185 
1426 1307 5463 16383 1175 1284 1300 1242 0 417 8185 8184 8184 8184 8184 8185 
1450 1303 5466 16383 1179 1289 1301 1245 55 417 8185 8184 8184 8184 8184 8185 
1366 1338 5467 16383 1177 1283 1299 1242 13 417 8185 8184 8184 8184 8184 8185 
1369 1350 5473 16383 1175 1286 1299 1243 13 416 8186 8185 8185 8185 8185 8186 
1395 1306 5462 16383 1177 1286 1299 1243 0 418 8185 8184 8184 8184 8184 8185 
1383 1339 5461 16383 1175 1284 1298 1239 0 418 8186 8185 8185 8185 8185 8186 
1323 1383 5459 16383 1175 1283 1298 1243 0 417 8185 8184 8184 8184 8184 8185 
1371 1380 5475 16383 1177 1284 1297 1241 15 417 8185 8184 8184 8184 8184 8185 
1391 1323 5472 16383 1175 1283 1298 1242 74 418 8185 8184 8184 8184 8184 8185 
1323 1363 5467 16383 1175 1285 1299 1242 49 416 8185 8184 8184 8184 8184 8185 
1358 1391 5466 16383 1177 1285 1301 1243 48 417 8185 8184 8184 8184 8184 8185 
1327 1278 5470 16383 1177 1287 1301 1243 0 417 8185 8184 8184 8184 8184 8185 
1349 1344 5463 16383 1175 1283 1298 1242 26 419 8186 8185 8185 8185 8185 8186 
1367 1289 5475 16383 1179 1286 1300 1244 72 418 8185 8184 8184 8184 8184 8185 
1377 1345 5466 16383 1178 1287 1299 1245 16 417 8186 8185 8185 8185 8185 8186 
1390 1349 5471 16383 1178 1286 1299 1243 0 418 8185 8184 8184 8184 8184 8185 
1332 1362 5471 16383 1177 1286 1301 1244 42 418 8185 8184 8184 8184 8184 8185 
1361 1345 5473 16383 1177 1287 1299 1242 13 417 8186 8185 8185 8185 8185 8186 
1363 1403 5465 16383 1175 1285 1300 1241 19 418 8185 8184 8184 8184 8184 8185 
1379 1341 5459 16383 1175 1283 1297 1242 14 417 8186 8185 8185 8185 8185 8186 
1370 1379 5472 16383 1175 1287 1298 1241 21 418 8186 8185 8185 8185 8185 8186 
1377 1353 5468 16383 1177 1284 1299 1243 15 417 8185 8184 8184 8184 8184 8185 
1439 1331 5463 16383 1175 1286 1299 1243 0 419 8186 8185 8185 8185 8185 8186 
1373 1355 5471 16383 1177 1287 1298 1243 16 417 8186 8185 8185 8185 8185 8186 
1338 1373 5470 16383 1177 1287 1299 1243 47 417 8185 8184 8184 8184 8184 8185 
1424 1391 5465 16383 1177 1285 1299 1242 15 417 8185 8184 8184 8184 8184 8185 
1389 1335 5466 16383 1175 1286 1299 1243 13 417 8186 8185 8185 8185 8185 8186 
1307 1346 5471 16383 1177 1285 1299 1244 0 420 8186 8185 8185 8185 8185 8186 
1425 1270 5474 16383 1175 1284 1299 1243 36 418 8185 8184 8184 8184 8184 8185 
1322 1355 5475 16383 1177 1285 1298 1239 48 417 8185 8184 8184 8184 8184 8185 
1395 1375 5466 16383 1175 1285 1298 1243 17 417 8186 8185 8185 8185 8185 8186 
1366 1355 5473 16383 1177 1286 1301 1244 16 417 8186 8185 8185 8185 8185 8186 
1499 1525 5470 16383 1175 1285 1299 1242 18 418 8185 8184 8184 8184 8184 8185 
1391 1270 5475 16383 1175 1286 1297 1241 61 418 8186 8185 8185 8185 8185 8186 
1447 1426 5466 16383 1175 1286 1299 1242 19 418 8185 8184 8184 8184 8184 8185 
1365 1353 5467 16383 1175 1284 1299 1241 12 417 8185 8184 8184 8184 8184 8185 
1403 1335 5481 16383 1175 1285 1299 1242 0 419 8185 8184 8184 8184 8184 8185 
1375 1365 5477 16383 1175 1286 1298 1245 16 417 8186 8185 8185 8185 8185 8186 
1413 1281 5470 16383 1179 1286 1301 1243 53 417 8185 8184 8184 8184 8184 8185 
1389 1325 5473 16383 1178 1287 1300 1244 13 417 8185 8184 8184 8184 8184 8185 
1397 1329 5471 16383 1177 1285 1299 1242 13 417 8185 8184 8184 8184 8184 8185 
1361 1318 5473 16383 1178 1285 1300 1243 0 419 8185 8184 8184 8184 8184 8185 
1309 1271 5477 16383 1178 1285 1300 1243 0 418 8185 8184 8184 8184 8184 8185 
1438 1461 5479 16383 1175 1285 1299 1242 18 418 8185 8184 8184 8184 8184 8185 
1366 1349 5477 16383 1175 1287 1298 1244 17 417 8185 8184 8184 8184 8184 8185 
1367 1337 5462 16383 1175 1285 1299 1243 0 418 8185 8184 8184 8184 8184 8185 
1381 1481 5462 16383 1177 1285 1300 1243 31 419 8185 8184 8184 8184 8184 8185 
1368 1359 5459 16383 1175 1285 1299 1242 23 419 8185 8184 8184 8184 8184 8185 
1381 1441 5472 16383 1177 1289 1299 1243 19 418 8185 8184 8184 8184 8184 8185 
1378 1281 5463 16383 1175 1286 1299 1243 0 417 8186 8185 8185 8185 8185 8186 
1411 1366 5457 16383 1177 1285 1299 1243 19 418 8185 8184 8184 8184 8184 8185 
1463 1358 5469 16383 1177 1286 1300 1243 0 418 8185 8184 8184 8184 8184 8185 
1417 1357 5461 16383 1179 1286 1302 1243 0 418 8186 8185 8185 8185 8185 8186 
1355 1373 5453 16383 1178 1286 1299 1243 32 419 8186 8185 8185 8185 8185 8186 
1355 1331 5451 16383 1177 1285 1298 1242 0 418 8185 8184 8184 8184 8184 8185 
1376 1373 5458 16383 1175 1287 1298 1245 22 418 8185 8184 8184 8184 8184 8185 
1343 1278 5457 16383 1173 1283 1297 1241 0 418 8185 8184 8184 8184 8184 8185 
1378 1327 5458 16383 1177 1285 1301 1243 0 418 8186 8185 8185 8185 8185 8186 
1426 1473 5467 16383 1176 1287 1299 1243 24 419 8186 8185 8185 8185 8185 8186 
1364 1347 5469 16383 1175 1283 1299 1242 0 417 8186 8185 8185 8185 8185 8186 
1356 1352 5460 16383 1174 1284 1295 1241 14 417 8185 8184 8184 8184 8184 8185 
1477 1343 5470 16383 1175 1285 1298 1242 0 418 8186 8184 8185 8185 8185 8186 
1382 1280 5464 16383 1175 1283 1297 1242 55 417 8185 8184 8184 8184 8184 8185 
1387 1365 5461 16383 1175 1285 1299 1243 14 417 8186 8185 8185 8185 8185 8186 
1385 1351 5463 16383 1177 1285 1299 1242 12 417 8185 8184 8184 8184 8184 8185 
1381 1377 5465 16383 1178 1287 1301 1243 14 417 8185 8184 8184 8184 8184 8185 
1304 1372 5461 16383 1177 1285 1299 1243 0 419 8186 8185 8185 8185 8185 8186 
1436 1477 5461 16383 1175 1283 1299 1243 25 419 8185 8184 8184 8184 8184 8185 
1369 1409 5465 16383 1178 1286 1301 1244 18 418 8185 8184 8184 8184 8184 8185 
1472 1335 5473 16383 1178 1286 1300 1243 0 419 8186 8185 8185 8185 8185 8186 
1387 1357 5472 16383 1175 1285 1298 1242 0 418 8186 8185 8185 8185 8185 8186 
1378 1411 5466 16383 1177 1285 1299 1243 27 419 8185 8184 8184 8184 8184 8185 
1378 1365 5471 16383 1175 1286 1301 1243 14 417 8185 8184 8184 8184 8184 8185 
1367 1327 5471 16383 1177 1285 1299 1243 0 418 8186 8185 8185 8185 8185 8186 
1366 1375 5473 16383 1175 1283 1298 1243 29 419 8185 8184 8184 8184 8184 8185 
1394 1345 5461 16383 1175 1284 1297 1242 14 417 8186 8185 8185 8185 8185 8186 
1361 1268 5472 16383 1177 1285 1301 1242 48 417 8185 8184 8184 8184 8184 8185 
1374 1354 5472 16383 1175 1287 1299 1244 13 417 8185 8184 8184 8184 8184 8185 
1379 1343 5470 16383 1175 1285 1298 1241 14 417 8186 8185 8185 8185 8185 8186 
1361 1332 5474 16383 1178 1284 1301 1243 18 418 8185 8184 8184 8184 8184 8185 
1327 1537 5474 16383 1177 1287 1300 1243 0 418 8185 8184 8184 8184 8184 8185 
1451 1396 5469 16383 1178 1285 1299 1242 12 417 8186 8185 8185 8185 8185 8186 
1368 1421 5471 16383 1178 1285 1299 1242 25 418 8186 8185 8185 8185 8185 8186 
1383 1306 5469 16383 1177 1287 1299 1243 0 418 8186 8185 8185 8185 8185 8186 
1361 1338 5474 16383 1175 1285 1298 1242 16 417 8186 8185 8185 8185 8185 8186 
1365 1347 5459 16383 1177 1286 1298 1241 19 418 8186 8185 8185 8185 8185 8186 
1308 1385 5463 16383 1178 1286 1301 1245 0 419 8186 8185 8185 8185 8185 8186 
1371 1372 5460 16383 1176 1285 1299 1242 16 417 8186 8185 8185 8185 8185 8186 
1393 1393 5477 16383 1179 1287 1301 1245 15 417 8186 8185 8185 8185 8185 8186 
1320 1297 5472 16383 1177 1287 1295 1245 103 418 8185 8184 8184 8184 8184 8185 
1323 1301 5463 16383 1175 1285 1299 1242 0 418 8186 8185 8185 8185 8185 8186 
1381 1349 5467 16383 1175 1285 1298 1242 14 417 8186 8185 8185 8185 8185 8186 
1330 1559 5465 16383 1175 1285 1298 1243 102 418 8185 8184 8184 8184 8184 8185 
1373 1395 5470 16383 1176 1285 1299 1242 24 419 8186 8185 8185 8185 8185 8186 
1359 1395 5463 16383 1178 1287 1300 1243 40 418 8186 8185 8185 8185 8185 8186 
1419 1426 5457 16383 1175 1285 1298 1243 16 417 8186 8185 8185 8185 8185 8186 
1371 1340 5463 16383 1175 1285 1297 1241 21 418 8186 8185 8185 8185 8185 8186 
1376 1343 5463 16383 1175 1285 1299 1243 13 417 8185 8184 8184 8184 8184 8185 
1387 1363 5473 16383 1179 1289 1301 1244 0 419 8186 8185 8185 8185 8185 8186 
1398 1275 5461 16383 1175 1283 1297 1243 61 418 8186 8185 8185 8185 8185 8186 
1374 1421 5462 16383 1175 1285 1298 1245 24 418 8186 8185 8185 8185 8185 8186 
1387 1346 5461 16383 1177 1286 1299 1243 13 417 8186 8185 8185 8185 8185 8186 
1391 1355 5475 16383 1177 1285 1301 1243 16 417 8186 8185 8185 8185 8185 8186 
1363 1333 5475 16383 1177 1286 1299 1243 15 417 8184 8183 8183 8183 8183 8184 
1369 1342 5464 16383 1175 1285 1299 1242 18 418 8185 8184 8184 8184 8184 8185 
1407 1367 5475 16383 1177 1283 1299 1243 12 417 8186 8185 8185 8185 8185 8186 
1370 1411 5469 16383 1175 1285 1299 1243 22 418 8185 8184 8184 8184 8184 8185 
1417 1299 5475 16383 1174 1286 1299 1243 47 417 8186 8185 8185 8185 8185 8186 
1306 1372 5465 16383 1178 1287 1299 1243 13 417 8186 8185 8185 8185 8185 8186 
1361 1346 5465 16383 1175 1285 1299 1241 0 418 8186 8185 8185 8185 8185 8186 
1378 1363 5478 16383 1175 1285 1299 1243 21 418 8185 8184 8184 8184 8184 8185 
1364 1341 5470 16383 1179 1286 1299 1245 21 418 8185 8184 8184 8184 8184 8185 
1301 1357 5469 16383 1175 1285 1299 1242 0 419 8186 8185 8185 8185 8185 8186 
1319 1387 5475 16383 1175 1286 1301 1242 0 417 8186 8185 8185 8185 8185 8186 
1362 1351 5475 16383 1178 1285 1298 1243 85 417 8185 8184 8184 8184 8184 8185 
1381 1295 5479 16383 1175 1284 1298 1241 0 418 8185 8184 8184 8184 8184 8185 
1359 1395 5471 16383 1175 1285 1299 1242 36 418 8185 8184 8184 8184 8184 8185 
1319 1378 5468 16383 1177 1285 1301 1243 0 418 8186 8185 8185 8185 8185 8186 
1366 1333 5465 16383 1177 1285 1300 1243 0 418 8186 8185 8185 8185 8185 8186 
1408 1354 5475 16383 1175 1287 1299 1243 0 419 8185 8184 8184 8184 8184 8185 
1439 1338 5471 16383 1175 1285 1298 1244 0 418 8186 8185 8185 8185 8185 8186 
1398 1339 5473 16383 1175 1285 1299 1241 14 417 8186 8185 8185 8185 8185 8186 
1406 1349 5468 16383 1175 1287 1299 1242 14 417 8185 8184 8184 8184 8184 8185 
1363 1339 5464 16383 1175 1285 1299 1242 14 417 8186 8185 8185 8185 8185 8186 
1379 1338 5471 16383 1175 1284 1298 1241 0 418 8185 8184 8184 8184 8184 8185 
1354 1359 5466 16383 1177 1284 1298 1241 17 417 8185 8184 8184 8184 8184 8185 
1365 1332 5475 16383 1177 1286 1299 1243 0 418 8185 8184 8184 8184 8184 8185 
1415 1443 5463 16383 1175 1283 1298 1239 15 417 8185 8184 8184 8184 8184 8185 
1363 1345 5474 16383 1177 1285 1299 1241 13 417 8185 8184 8184 8184 8184 8185 
1365 1295 5466 16383 1175 1283 1299 1243 0 417 8185 8184 8184 8184 8184 8185 
1371 1295 5472 16383 1177 1285 1298 1243 0 419 8185 8184 8184 8184 8184 8185 
1374 1273 5463 16383 1174 1283 1295 1239 62 418 8185 8184 8184 8184 8184 8185 
1369 1477 5469 16383 1178 1286 1299 1243 32 420 8185 8184 8184 8184 8184 8185 
1371 1335 5471 16383 1175 1285 1299 1242 18 418 8186 8185 8185 8185 8185 8186 
1372 1447 5477 16383 1177 1286 1301 1246 18 418 8185 8184 8184 8184 8184 8185 
1448 1266 5468 16383 1175 1286 1300 1241 15 417 8185 8184 8184 8184 8184 8185 
1358 1331 5474 16383 1175 1285 1299 1243 13 417 8185 8184 8184 8184 8184 8185 
1375 1359 5476 16383 1175 1283 1298 1241 14 417 8186 8185 8185 8185 8185 8186 
1363 1359 5475 16383 1176 1285 1299 1243 21 418 8185 8184 8184 8184 8184 8185 
1363 1341 5474 16383 1179 1287 1300 1243 13 417 8186 8185 8185 8185 8185 8186 
1366 1371 5466 16383 1175 1285 1299 1242 19 418 8185 8184 8184 8184 8184 8185 
1366 1307 5475 16383 1175 1285 1298 1242 0 418 8185 8184 8184 8184 8184 8185 
1391 1351 5470 16383 1175 1287 1298 1243 0 418 8186 8185 8185 8185 8185 8186 
1407 1350 5477 16383 1177 1286 1299 1242 12 417 8186 8185 8185 8185 8185 8186 
1364 1352 5476 16383 1175 1286 1298 1243 12 417 8186 8185 8185 8185 8185 8186 
1381 1356 5467 16383 1178 1287 1301 1245 12 417 8186 8185 8185 8185 8185 8186 
1395 1358 5463 16383 1175 1284 1297 1241 12 417 8186 8185 8185 8185 8185 8186 
1383 1391 5471 16383 1175 1285 1298 1242 25 419 8186 8185 8185 8185 8185 8186 
1355 1379 5473 16383 1178 1284 1299 1243 16 417 8186 8185 8185 8185 8185 8186 
1368 1342 5468 16383 1178 1285 1298 1244 13 417 8186 8185 8185 8185 8185 8186 
1327 1374 5465 16383 1175 1284 1299 1245 39 418 8186 8185 8185 8185 8185 8186 
1369 1390 5477 16383 1178 1288 1300 1245 22 418 8186 8185 8185 8185 8185 8186 
1368 1357 5462 16383 1178 1285 1302 1243 16 417 8186 8185 8185 8185 8185 8186 
1374 1333 5466 16383 1175 1285 1299 1239 0 418 8186 8185 8185 8185 8185 8186 
1391 1331 5463 16383 1175 1284 1299 1242 0 419 8186 8185 8185 8185 8185 8186 
1387 1359 5469 16383 1177 1285 1297 1242 13 417 8186 8185 8185 8185 8185 8186 
1374 1335 5457 16383 1177 1285 1299 1243 0 419 8186 8185 8185 8185 8185 8186 
1333 1375 5473 16383 1178 1287 1299 1243 0 417 8186 8185 8185 8185 8185 8186 
1375 1341 5461 16383 1177 1286 1301 1243 14 417 8186 8185 8185 8185 8185 8186 
1374 1367 5470 16383 1175 1285 1299 1242 16 418 8186 8185 8185 8185 8185 8186 
1420 1278 5475 16383 1177 1286 1299 1243 54 417 8185 8184 8184 8184 8184 8185 
1359 1319 5463 16383 1178 1285 1301 1243 0 418 8186 8185 8185 8185 8185 8186 
1362 1334 5463 16383 1177 1287 1299 1243 21 418 8186 8185 8185 8185 8185 8186 
1337 1403 5477 16383 1175 1286 1299 1243 0 417 8186 8185 8185 8185 8185 8186 
1387 1350 5471 16383 1177 1286 1298 1243 0 418 8186 8185 8185 8185 8185 8186 
1374 1367 5471 16383 1178 1287 1301 1243 0 419 8186 8185 8185 8185 8185 8186 
1389 1375 5471 16383 1175 1285 1299 1243 13 417 8186 8185 8185 8185 8185 8186 
1371 1339 5475 16383 1175 1283 1299 1242 14 417 8185 8184 8184 8184 8184 8185 
1376 1399 5467 16383 1178 1286 1299 1245 25 419 8186 8185 8185 8185 8185 8186 
1375 1471 5481 16383 1175 1286 1299 1243 37 418 8186 8185 8185 8185 8185 8186 
1380 1415 5479 16383 1175 1285 1298 1241 17 417 8186 8185 8185 8185 8185 8186 
1382 1362 5484 16383 1177 1286 1299 1242 16 418 8186 8185 8185 8185 8185 8186 
1355 1330 5473 16383 1175 1286 1299 1243 21 418 8186 8185 8185 8185 8185 8186 
1444 1263 5465 16383 1175 1285 1299 1245 24 418 8186 8185 8185 8185 8185 8186 
1374 1347 5467 16383 1175 1284 1298 1243 16 417 8186 8185 8185 8185 8185 8186 
1390 1371 5470 16383 1175 1285 1299 1245 18 418 8185 8184 8184 8184 8184 8185 
1406 1353 5470 16383 1175 1283 1298 1242 0 419 8185 8184 8184 8184 8184 8185 
1324 1351 5470 16383 1175 1285 1299 1243 56 418 8185 8184 8184 8184 8184 8185 
1367 1299 5482 16383 1178 1286 1300 1243 0 418 8186 8185 8185 8185 8185 8186 
1374 1341 5471 16383 1177 1287 1300 1244 16 417 8186 8185 8185 8185 8185 8186 
1369 1362 5471 16383 1179 1287 1302 1245 15 417 8185 8184 8184 8184 8184 8185 
1370 1347 5475 16383 1175 1283 1299 1242 17 417 8186 8185 8185 8185 8185 8186 
1387 1322 5475 16383 1178 1285 1300 1245 0 419 8185 8184 8184 8184 8184 8185 
1342 1339 5475 16383 1177 1285 1299 1241 20 418 8185 8184 8184 8184 8184 8185 
1415 1278 5475 16383 1175 1286 1299 1243 50 417 8185 8184 8184 8184 8184 8185 
1369 1354 5475 16383 1175 1285 1299 1245 18 418 8185 8184 8184 8184 8184 8185 
1373 1374 5477 16383 1175 1285 1298 1243 21 418 8185 8184 8184 8184 8184 8185 
1343 1286 5467 16383 1175 1286 1298 1242 0 419 8186 8185 8185 8185 8185 8186 
1383 1330 5475 16383 1175 1285 1298 1243 0 419 8185 8184 8184 8184 8184 8185 
1393 1354 5482 16383 1175 1285 1299 1243 13 417 8185 8184 8184 8184 8184 8185 
1405 1323 5475 16383 1175 1285 1299 1243 0 419 8186 8185 8185 8185 8185 8186 
1348 1333 5471 16383 1175 1286 1298 1243 22 418 8186 8185 8185 8185 8185 8186 
1329 1411 5481 16383 1179 1287 1301 1245 62 418 8185 8184 8184 8184 8184 8185 
1362 1382 5471 16383 1175 1286 1299 1241 25 419 8186 8185 8185 8185 8185 8186 
1362 1343 5473 16383 1175 1285 1298 1242 14 417 8185 8184 8184 8184 8184 8185 
1379 1367 5475 16383 1178 1286 1298 1243 0 418 8185 8184 8184 8184 8184 8185 
1369 1349 5475 16383 1175 1283 1298 1242 16 417 8186 8185 8185 8185 8185 8186 
1389 1395 5483 16383 1178 1287 1300 1245 19 418 8184 8183 8184 8183 8183 8184 
1395 1375 5470 16383 1177 1286 1299 1243 0 418 8186 8185 8185 8185 8185 8186 
1375 1359 5482 16383 1175 1284 1301 1243 17 417 8186 8185 8185 8185 8185 8186 
1378 1637 5479 16383 1175 1285 1298 1243 32 419 8186 8185 8185 8185 8185 8186 
1360 1330 5477 16383 1177 1285 1298 1242 18 418 8186 8185 8185 8185 8185 8186 
1406 1443 5468 16383 1173 1283 1297 1239 14 417 8186 8185 8185 8185 8185 8186 
1377 1345 5478 16383 1177 1287 1301 1245 14 417 8186 8185 8185 8185 8185 8186 
1411 1295 5471 16383 1177 1284 1295 1243 60 418 8186 8185 8185 8185 8185 8186 
1373 1370 5475 16383 1175 1283 1297 1241 19 418 8186 8185 8185 8185 8185 8186 
1315 1497 5465 16383 1177 1285 1301 1241 0 419 8186 8185 8185 8185 8185 8186 
1310 1415 5476 16383 1175 1284 1297 1241 0 419 8186 8185 8185 8185 8185 8186 
1328 1367 5463 16383 1175 1283 1299 1242 81 417 8186 8185 8185 8185 8185 8186 
1395 1343 5475 16383 1175 1287 1299 1243 0 417 8186 8185 8185 8185 8185 8186 
1403 1371 5470 16383 1175 1286 1300 1243 0 417 8186 8185 8185 8185 8185 8186 
1371 1365 5477 16383 1175 1285 1299 1241 18 418 8186 8185 8185 8185 8185 8186 
1362 1399 5471 16383 1177 1285 1298 1242 43 418 8185 8184 8184 8184 8184 8185 
1349 1262 5464 16383 1173 1283 1297 1238 35 418 8186 8185 8185 8185 8185 8186 
1319 1395 5466 16383 1177 1285 1299 1244 46 417 8185 8184 8184 8184 8184 8185 
1362 1325 5475 16383 1175 1285 1298 1242 13 417 8186 8185 8185 8185 8185 8186 
1369 1391 5468 16383 1175 1285 1297 1239 22 418 8186 8185 8185 8185 8185 8186 
1384 1361 5471 16383 1179 1286 1299 1245 12 417 8186 8185 8185 8185 8185 8186 
1377 1379 5465 16383 1175 1284 1299 1241 25 419 8186 8185 8185 8185 8185 8186 
1367 1349 5463 16383 1175 1283 1295 1242 0 419 8186 8185 8185 8185 8185 8186 
1349 1336 5464 16383 1175 1287 1299 1243 14 417 8186 8185 8185 8185 8185 8186 
1359 1365 5466 16383 1177 1286 1300 1243 19 418 8186 8185 8185 8185 8185 8186 
1426 1319 5461 16383 1177 1283 1299 1243 0 418 8185 8184 8184 8184 8184 8185 
1360 1337 5463 16383 1175 1285 1299 1243 15 417 8186 8185 8185 8185 8185 8186 
1361 1354 5459 16383 1177 1284 1299 1243 27 419 8186 8185 8185 8185 8185 8186 
1406 1307 5465 16383 1175 1283 1297 1242 0 417 8186 8185 8185 8185 8185 8186 
1374 1367 5459 16383 1173 1285 1298 1241 16 417 8186 8185 8185 8185 8185 8186 
1384 1407 5456 16383 1175 1285 1297 1241 26 419 8185 8184 8184 8184 8184 8185 
1393 1327 5457 16383 1175 1285 1298 1242 0 419 8186 8185 8185 8185 8185 8186 
1351 1342 5458 16383 1175 1286 1298 1242 14 417 8186 8185 8185 8185 8185 8186 
1545 1358 5470 16383 1177 1287 1299 1243 0 419 8186 8185 8185 8185 8185 8186 
1371 1571 5473 16383 1178 1287 1300 1245 60 417 8185 8184 8184 8184 8184 8185 
1373 1343 5470 16383 1177 1286 1299 1245 14 417 8185 8184 8184 8184 8184 8185 
1401 1375 5457 16383 1176 1285 1295 1242 0 419 8186 8185 8185 8185 8185 8186 
1390 1340 5461 16383 1178 1284 1298 1241 13 417 8185 8184 8184 8184 8184 8185 
1431 1335 5459 16383 1176 1285 1299 1242 0 418 8186 8185 8185 8185 8185 8186 
1387 1333 5463 16383 1175 1285 1299 1244 0 418 8186 8185 8185 8185 8185 8186 
1362 1319 5469 16383 1177 1286 1299 1243 0 418 8186 8185 8185 8185 8185 8186 
1390 1307 5461 16383 1177 1285 1298 1243 0 419 8185 8184 8184 8184 8184 8185 
1394 1446 5463 16383 1177 1285 1298 1241 19 418 8185 8184 8184 8184 8184 8185 
1436 1446 5467 16383 1175 1282 1297 1240 0 418 8185 8184 8184 8184 8184 8185 
1381 1436 5469 16383 1177 1287 1300 1245 14 417 8185 8184 8184 8184 8184 8185 
1347 1370 5463 16383 1175 1285 1299 1241 26 418 8185 8184 8184 8184 8184 8185 
1409 1354 5471 16383 1177 1285 1299 1243 15 418 8185 8184 8184 8184 8184 8185 
1434 1290 5471 16383 1175 1286 1299 1243 37 418 8186 8185 8185 8185 8185 8186 
1431 1284 5471 16383 1179 1287 1301 1244 56 417 8186 8185 8186 8185 8185 8186 
1411 1370 5463 16383 1175 1284 1297 1241 0 419 8186 8185 8185 8185 8185 8186 
1385 1287 5472 16383 1175 1285 1299 1242 80 418 8185 8184 8184 8184 8184 8185 
1371 1370 5464 16383 1175 1283 1298 1241 18 418 8186 8185 8185 8185 8185 8186 
1361 1407 5466 16383 1178 1287 1299 1243 18 418 8186 8185 8185 8185 8185 8186 
1367 1270 5470 16383 1175 1284 1298 1241 48 417 8185 8184 8184 8184 8184 8185 
1392 1355 5479 16383 1177 1285 1301 1242 14 417 8186 8185 8185 8185 8185 8186 
1409 1370 5477 16383 1178 1287 1299 1243 0 418 8184 8183 8183 8183 8183 8184 
1421 1407 5472 16383 1179 1285 1299 1243 16 417 8185 8184 8184 8184 8184 8185 
1391 1407 5479 16383 1177 1287 1301 1243 21 418 8186 8185 8185 8185 8185 8186 
1311 1368 5476 16383 1177 1285 1300 1243 0 417 8185 8184 8184 8184 8184 8185 
1398 1378 5469 16383 1177 1282 1299 1243 15 417 8185 8184 8184 8184 8184 8185 
1375 1341 5465 16383 1175 1283 1298 1241 13 417 8186 8185 8185 8185 8185 8186 
1353 1427 5476 16383 1175 1283 1299 1241 0 417 8185 8184 8184 8184 8184 8185 
1404 1351 5475 16383 1177 1284 1297 1241 0 419 8186 8185 8185 8185 8185 8186 
1366 1378 5478 16383 1175 1285 1299 1241 24 419 8185 8184 8184 8184 8184 8185 
1343 1511 5469 16383 1177 1285 1299 1245 34 419 8185 8184 8184 8184 8184 8185 
1380 1383 5471 16383 1175 1285 1297 1241 23 419 8185 8184 8184 8184 8184 8185 
1394 1289 5471 16383 1175 1282 1299 1243 60 418 8185 8184 8185 8184 8184 8185 
1358 1350 5471 16383 1177 1284 1298 1242 17 417 8185 8184 8184 8184 8184 8185 
1371 1341 5473 16383 1176 1286 1301 1243 16 417 8185 8184 8184 8184 8184 8185 
1358 1345 5471 16383 1173 1283 1295 1239 14 417 8185 8184 8184 8184 8184 8185 
1365 1348 5483 16383 1175 1286 1301 1244 13 417 8185 8184 8184 8184 8184 8185 
1369 1391 5483 16383 1175 1284 1298 1242 31 419 8185 8184 8184 8184 8184 8185 
1304 1285 5483 16383 1175 1285 1299 1242 0 417 8185 8184 8184 8184 8184 8185 
1308 1379 5482 16383 1177 1285 1299 1243 0 418 8185 8184 8184 8184 8184 8185 
1480 1404 5471 16383 1175 1286 1299 1243 0 419 8186 8185 8185 8185 8185 8186 
1377 1258 5472 16383 1175 1283 1298 1243 33 419 8185 8184 8184 8184 8184 8185 
1353 1406 5479 16383 1177 1287 1301 1246 39 418 8185 8184 8184 8184 8184 8185 
1355 1367 5471 16383 1175 1283 1301 1241 40 418 8186 8185 8185 8185 8185 8186 
1367 1358 5472 16383 1173 1283 1299 1242 21 418 8184 8183 8183 8183 8183 8184 
1367 1354 5482 16383 1178 1286 1300 1243 19 418 8185 8184 8184 8184 8184 8185 
1376 1367 5475 16383 1177 1286 1298 1242 19 418 8185 8184 8184 8184 8184 8185 
1380 1404 5478 16383 1175 1285 1299 1242 30 419 8185 8184 8184 8184 8184 8185 
1379 1359 5479 16383 1175 1283 1299 1242 16 417 8185 8184 8184 8184 8184 8185 
1399 1355 5466 16383 1177 1286 1299 1243 16 418 8185 8184 8184 8184 8184 8185 
1338 1287 5481 16383 1178 1286 1300 1243 14 417 8186 8185 8185 8185 8185 8186 
1373 1294 5473 16383 1175 1285 1299 1243 69 418 8185 8184 8184 8184 8184 8185 
1366 1414 5478 16383 1175 1285 1299 1242 19 418 8185 8184 8184 8184 8184 8185 
1376 1282 5481 16383 1177 1285 1299 1243 0 417 8185 8184 8184 8184 8184 8185 
1406 1327 5474 16383 1175 1286 1299 1242 15 418 8185 8184 8184 8184 8184 8185 
1381 1374 5485 16383 1175 1287 1299 1243 17 417 8185 8184 8184 8184 8184 8185 
1536 1335 5479 16383 1177 1285 1299 1244 0 418 8184 8183 8183 8183 8183 8184 
1370 1353 5468 16383 1178 1286 1299 1245 24 418 8185 8184 8184 8184 8184 8185 
1378 1351 5470 16383 1175 1285 1299 1242 14 417 8185 8184 8184 8184 8184 8185 
1380 1312 5472 16383 1175 1284 1299 1243 0 417 8186 8185 8185 8185 8185 8186 
1341 1353 5474 16383 1175 1286 1299 1243 18 418 8186 8185 8185 8185 8185 8186 
1434 1364 5475 16383 1177 1287 1299 1243 13 417 8184 8183 8183 8183 8183 8184 
1373 1329 5467 16383 1176 1286 1299 1241 0 418 8185 8184 8184 8184 8184 8185 
1379 1515 5475 16383 1177 1285 1300 1243 33 419 8186 8185 8185 8185 8185 8186 
1362 1369 5472 16383 1174 1283 1298 1243 21 418 8186 8185 8185 8185 8185 8186 
1399 1330 5473 16383 1175 1283 1300 1241 14 417 8186 8185 8185 8185 8185 8186 
1373 1359 5474 16383 1178 1287 1301 1245 24 419 8186 8185 8185 8185 8185 8186 
1359 1358 5475 16383 1177 1286 1298 1243 36 418 8185 8184 8184 8184 8184 8185 
1305 1357 5474 16383 1175 1284 1299 1243 0 419 8185 8184 8184 8184 8184 8185 
1369 1323 5470 16383 1174 1284 1298 1242 0 418 8185 8184 8184 8184 8184 8185 
1369 1355 5472 16383 1178 1287 1301 1243 13 417 8185 8184 8184 8184 8184 8185 
1401 1300 5479 16383 1177 1286 1298 1242 60 417 8185 8184 8184 8184 8184 8185 
1365 1342 5478 16383 1175 1285 1299 1242 26 419 8185 8184 8184 8184 8184 8185 
1380 1321 5470 16383 1173 1283 1295 1241 76 418 8185 8184 8184 8184 8184 8185 
1358 1356 5469 16383 1175 1285 1301 1243 19 418 8185 8184 8184 8184 8184 8185 
1380 1337 5479 16383 1177 1285 1299 1243 0 417 8185 8184 8184 8184 8184 8185 
1602 1293 5473 16383 1175 1285 1299 1242 27 419 8185 8184 8184 8184 8184 8185 
1375 1361 5470 16383 1177 1285 1298 1241 15 417 8185 8184 8184 8184 8184 8185 
1391 1351 5483 16383 1177 1285 1299 1243 16 417 8185 8184 8184 8184 8184 8185 
1367 1408 5479 16383 1177 1286 1301 1243 19 418 8186 8185 8185 8185 8185 8186 
1378 1341 5485 16383 1177 1287 1299 1243 0 418 8185 8184 8184 8184 8184 8185 
1304 1379 5486 16383 1178 1286 1301 1242 12 417 8186 8185 8185 8185 8185 8186 
1335 1290 5474 16383 1175 1283 1298 1241 0 418 8185 8184 8184 8184 8184 8185 
1366 1343 5487 16383 1175 1284 1299 1242 17 418 8185 8184 8184 8184 8184 8185 
1378 1351 5479 16383 1177 1286 1301 1243 22 419 8185 8184 8184 8184 8184 8185 
1381 1295 5477 16383 1177 1285 1301 1242 0 417 8185 8184 8184 8184 8184 8185 
1435 1299 5481 16383 1177 1286 1299 1243 54 417 8185 8184 8184 8184 8184 8185 
1371 1333 5477 16383 1177 1286 1299 1241 0 417 8186 8185 8185 8185 8185 8186 
1454 1542 5487 16383 1177 1285 1301 1243 20 418 8185 8184 8184 8184 8184 8185 
1381 1377 5481 16383 1175 1286 1298 1243 17 418 8185 8184 8184 8184 8184 8185 
1396 1347 5487 16383 1175 1285 1298 1241 16 417 8185 8184 8184 8184 8184 8185 
1391 1367 5477 16383 1174 1283 1299 1241 14 417 8186 8185 8185 8185 8185 8186 
1425 1365 5483 16383 1178 1285 1300 1241 0 419 8186 8185 8185 8185 8185 8186 
1403 1330 5487 16383 1175 1287 1299 1242 0 419 8185 8184 8184 8184 8184 8185 
1459 1397 5479 16383 1178 1287 1299 1243 14 417 8186 8185 8185 8185 8185 8186 
1379 1344 5479 16383 1175 1285 1299 1243 12 417 8186 8185 8185 8185 8185 8186 
1371 1285 5475 16383 1175 1285 1298 1242 0 417 8186 8185 8185 8185 8185 8186 
1370 1338 5487 16383 1175 1286 1299 1243 13 417 8186 8185 8185 8185 8185 8186 
1479 1355 5489 16383 1177 1285 1299 1243 0 418 8186 8185 8185 8185 8185 8186 
1315 1366 5479 16383 1175 1287 1299 1245 0 418 8185 8184 8184 8184 8184 8185 
1373 1346 5490 16383 1178 1285 1299 1243 15 417 8186 8185 8185 8185 8185 8186 
1379 1334 5485 16383 1174 1283 1297 1241 18 418 8185 8184 8184 8184 8184 8185 
1399 1343 5475 16383 1177 1285 1299 1243 14 417 8186 8185 8185 8185 8185 8186 
1321 1467 5487 16383 1177 1285 1299 1243 0 419 8186 8185 8185 8185 8185 8186 
1375 1291 5481 16383 1175 1285 1300 1243 0 418 8186 8185 8185 8185 8185 8186 
1310 1482 5481 16383 1177 1286 1299 1243 13 417 8185 8184 8184 8184 8184 8185 
1355 1362 5481 16383 1175 1285 1299 1241 28 419 8185 8184 8184 8184 8184 8185 
1362 1371 5495 16383 1177 1287 1302 1245 30 419 8186 8185 8185 8185 8185 8186 
1307 1359 5479 16383 1175 1285 1299 1244 0 419 8186 8185 8185 8185 8185 8186 
1378 1345 5477 16383 1174 1283 1297 1239 0 419 8186 8185 8185 8185 8185 8186 
1383 1274 5487 16383 1175 1287 1299 1243 48 416 8185 8184 8184 8184 8184 8185 
1367 1321 5483 16383 1175 1286 1299 1243 0 418 8186 8185 8185 8185 8185 8186 
1369 1335 5483 16383 1175 1283 1295 1241 16 417 8186 8185 8185 8185 8185 8186 
1359 1339 5492 16383 1175 1285 1301 1242 14 417 8185 8184 8184 8184 8184 8185 
1337 1305 5487 16383 1178 1286 1299 1241 46 417 8185 8184 8184 8184 8184 8185 
1505 1281 5485 16383 1177 1285 1299 1243 0 417 8186 8185 8185 8185 8185 8186 
1369 1411 5498 16383 1175 1285 1299 1244 17 417 8186 8185 8185 8185 8185 8186 
1375 1332 5494 16383 1175 1285 1300 1241 12 417 8185 8184 8184 8184 8184 8185 
1365 1359 5483 16383 1175 1283 1299 1243 15 417 8185 8184 8184 8184 8184 8185 
1307 1387 5490 16383 1175 1285 1300 1242 0 418 8186 8185 8185 8185 8185 8186 
1419 1335 5491 16383 1177 1285 1299 1244 0 419 8184 8183 8183 8183 8183 8184 
1363 1275 5490 16383 1175 1286 1298 1241 69 418 8185 8184 8184 8184 8184 8185 
1389 1386 5487 16383 1175 1285 1298 1243 15 417 8185 8184 8184 8184 8184 8185 
1409 1387 5483 16383 1177 1285 1298 1242 14 417 8185 8184 8184 8184 8184 8185 
1394 1353 5492 16383 1175 1286 1298 1243 16 417 8185 8184 8184 8184 8184 8185 
1310 1283 5483 16383 1175 1285 1298 1241 17 417 8185 8184 8184 8184 8184 8185 
1364 1373 5485 16383 1177 1287 1299 1242 19 418 8185 8184 8184 8184 8184 8185 
1482 1439 5501 16383 1177 1287 1301 1243 13 417 8185 8184 8184 8184 8184 8185 
1367 1290 5494 16383 1175 1285 1298 1239 0 418 8185 8184 8184 8184 8184 8185 
1375 1370 5495 16383 1179 1287 1301 1245 19 418 8184 8183 8183 8183 8183 8184 
1397 1313 5487 16383 1175 1285 1297 1241 0 418 8185 8184 8184 8184 8184 8185 
1369 1338 5483 16383 1175 1284 1295 1243 0 418 8184 8183 8183 8183 8183 8184 
1624 1516 5491 16383 1177 1285 1298 1242 16 417 8186 8185 8185 8185 8185 8186 
1377 1391 5484 16383 1178 1285 1301 1241 16 417 8185 8184 8184 8184 8184 8185 
1407 1363 5498 16383 1178 1287 1301 1246 0 418 8185 8184 8184 8184 8184 8185 
1389 1359 5483 16383 1175 1285 1295 1242 0 419 8186 8185 8185 8185 8185 8186 
1365 1347 5483 16383 1177 1287 1299 1243 18 418 8185 8184 8184 8184 8184 8185 
1375 1415 5486 16383 1175 1283 1299 1243 15 417 8185 8184 8184 8184 8184 8185 
1381 1261 5486 16383 1175 1283 1299 1241 0 418 8185 8184 8184 8184 8184 8185 
1371 1403 5483 16383 1177 1286 1299 1243 22 418 8185 8184 8184 8184 8184 8185 
1434 1401 5495 16383 1177 1285 1299 1243 0 419 8185 8184 8184 8184 8184 8185 
1347 1370 5495 16383 1175 1285 1299 1243 34 418 8185 8184 8184 8184 8184 8185 
1375 1357 5493 16383 1175 1284 1298 1241 15 417 8185 8184 8184 8184 8184 8185 
1352 1335 5495 16383 1177 1285 1299 1243 27 419 8185 8184 8184 8184 8184 8185 
1376 1377 5495 16383 1177 1284 1301 1243 13 417 8184 8183 8183 8183 8183 8184 
1378 1343 5485 16383 1177 1285 1298 1243 13 417 8186 8185 8186 8185 8185 8186 
1390 1331 5490 16383 1175 1286 1300 1243 12 417 8185 8184 8184 8184 8184 8185 
1361 1338 5495 16383 1177 1287 1299 1243 14 417 8186 8185 8185 8185 8185 8186 
1413 1351 5495 16383 1175 1282 1299 1241 18 418 8185 8184 8184 8184 8184 8185 
1374 1459 5488 16383 1177 1285 1301 1242 32 419 8185 8184 8184 8184 8184 8185 
1370 1371 5481 16383 1177 1286 1301 1243 17 417 8185 8184 8184 8184 8184 8185 
1473 1373 5491 16383 1177 1287 1299 1242 0 418 8185 8184 8184 8184 8184 8185 
1307 1375 5492 16383 1175 1285 1295 1242 0 419 8185 8184 8184 8184 8184 8185 
1415 1377 5479 16383 1176 1286 1298 1239 15 417 8186 8185 8185 8185 8185 8186 
1378 1348 5492 16383 1179 1287 1299 1244 16 417 8186 8185 8185 8185 8185 8186 
1396 1372 5485 16383 1178 1287 1299 1245 26 419 8185 8184 8184 8184 8184 8185 
1386 1361 5479 16383 1175 1286 1299 1243 0 419 8185 8184 8184 8184 8184 8185 
1382 1349 5493 16383 1175 1283 1299 1243 16 417 8185 8184 8184 8184 8184 8185 
1388 1352 5495 16383 1175 1286 1299 1243 0 418 8185 8184 8184 8184 8184 8185 
1382 1329 5491 16383 1176 1287 1299 1242 77 418 8186 8185 8185 8185 8185 8186 
1381 1507 5482 16383 1174 1283 1297 1241 35 419 8185 8184 8184 8184 8184 8185 
1440 1364 5489 16383 1177 1287 1299 1244 0 419 8185 8184 8184 8184 8184 8185 
1407 1361 5488 16383 1175 1286 1298 1243 0 418 8184 8183 8183 8183 8183 8184 
1385 1338 5487 16383 1175 1284 1297 1242 16 417 8185 8184 8184 8184 8184 8185 
1411 1474 5489 16383 1174 1286 1299 1243 17 418 8184 8183 8183 8183 8183 8184 
1377 1358 5479 16383 1175 1285 1299 1242 13 416 8185 8184 8184 8184 8184 8185 
1364 1322 5482 16383 1175 1285 1298 1241 18 418 8186 8185 8185 8185 8185 8186 
1376 1339 5495 16383 1175 1285 1297 1241 13 417 8185 8184 8184 8184 8184 8185 
1367 1353 5490 16383 1174 1283 1297 1242 12 418 8186 8185 8185 8185 8185 8186 
1397 1457 5482 16383 1175 1283 1298 1242 25 418 8184 8183 8183 8183 8183 8184 
1415 1345 5491 16383 1177 1285 1299 1242 0 419 8184 8183 8183 8183 8183 8184 
1415 1373 5489 16383 1177 1286 1299 1243 13 417 8185 8184 8184 8184 8184 8185 
1367 1387 5475 16383 1175 1287 1301 1243 24 419 8186 8185 8185 8185 8185 8186 
1390 1329 5479 16383 1177 1285 1299 1243 0 418 8186 8185 8185 8185 8185 8186 
1302 1417 5489 16383 1179 1286 1301 1244 0 418 8185 8184 8184 8184 8184 8185 
1378 1370 5477 16383 1177 1285 1299 1243 21 419 8185 8184 8184 8184 8184 8185 
1396 1340 5477 16383 1174 1286 1299 1241 0 418 8186 8185 8185 8185 8185 8186 
1472 1342 5478 16383 1177 1283 1298 1243 0 418 8186 8185 8185 8185 8185 8186 
1359 1349 5479 16383 1177 1288 1301 1243 0 418 8185 8184 8184 8184 8184 8185 
1371 1331 5487 16383 1175 1285 1298 1241 0 418 8185 8184 8184 8184 8184 8185 
1386 1335 5482 16383 1178 1287 1299 1243 13 417 8185 8184 8184 8184 8184 8185 
1332 1363 5494 16383 1179 1286 1301 1243 19 418 8185 8184 8184 8184 8184 8185 
1381 1295 5481 16383 1177 1286 1298 1243 67 419 8185 8184 8184 8184 8184 8185 
1313 1286 5487 16383 1178 1287 1301 1243 21 418 8185 8184 8184 8184 8184 8185 
1372 1596 5478 16383 1177 1285 1297 1243 74 418 8186 8185 8185 8185 8185 8186 
1367 1297 5481 16383 1176 1285 1295 1243 0 419 8185 8184 8184 8184 8184 8185 
1428 1348 5481 16383 1177 1283 1297 1242 0 418 8186 8185 8185 8185 8185 8186 
1407 1373 5485 16383 1177 1284 1298 1243 15 417 8186 8185 8185 8185 8185 8186 
1357 1335 5479 16383 1175 1285 1299 1240 16 417 8185 8184 8184 8184 8184 8185 
1415 1259 5483 16383 1175 1285 1299 1243 24 419 8186 8185 8185 8185 8185 8186 
1330 1282 5473 16383 1175 1285 1299 1241 55 417 8186 8185 8185 8185 8185 8186 
1381 1295 5483 16383 1177 1287 1301 1244 69 418 8185 8184 8184 8184 8184 8185 
1377 1362 5472 16383 1177 1287 1300 1243 22 418 8184 8183 8183 8183 8183 8184 
1372 1332 5485 16383 1178 1286 1298 1241 16 417 8185 8184 8184 8184 8184 8185 
1362 1300 5473 16383 1177 1287 1302 1245 0 418 8185 8184 8184 8184 8184 8185 
1377 1450 5483 16383 1177 1285 1299 1243 19 418 8185 8184 8184 8184 8184 8185 
1377 1347 5468 16383 1175 1283 1299 1241 15 417 8185 8184 8184 8184 8184 8185 
1370 1363 5472 16383 1177 1286 1298 1243 0 418 8185 8184 8184 8184 8184 8185 
1390 1350 5471 16383 1175 1285 1297 1243 14 417 8185 8184 8184 8184 8184 8185 
1381 1413 5479 16383 1175 1284 1299 1242 24 419 8185 8184 8184 8184 8184 8185 
1367 1333 5479 16383 1175 1286 1299 1242 18 418 8185 8184 8185 8184 8184 8185 
1402 1279 5481 16383 1175 1284 1298 1242 45 417 8184 8183 8183 8183 8183 8184 
1366 1367 5471 16383 1174 1283 1299 1241 17 417 8186 8185 8185 8185 8185 8186 
1364 1339 5478 16383 1177 1286 1299 1242 0 418 8185 8184 8184 8184 8184 8185 
1384 1443 5473 16383 1175 1285 1298 1242 13 417 8185 8184 8184 8184 8184 8185 
1406 1457 5481 16383 1178 1287 1299 1243 21 418 8185 8184 8184 8184 8184 8185 
1439 1298 5480 16383 1175 1285 1298 1243 62 418 8185 8184 8184 8184 8184 8185 
1375 1355 5479 16383 1175 1283 1298 1239 16 417 8185 8184 8184 8184 8184 8185 
1367 1381 5472 16383 1175 1285 1299 1242 25 418 8186 8185 8185 8185 8185 8186 
1325 1319 5476 16383 1179 1285 1299 1242 23 418 8185 8184 8184 8184 8184 8185 
1370 1271 5477 16383 1177 1287 1301 1243 47 417 8185 8184 8184 8184 8184 8185 
1359 1332 5482 16383 1178 1285 1299 1243 26 419 8186 8185 8185 8185 8185 8186 
1373 1359 5472 16383 1175 1283 1298 1241 0 418 8185 8184 8184 8184 8184 8185 
1371 1333 5473 16383 1175 1285 1298 1243 13 417 8185 8184 8184 8184 8184 8185 
1409 1331 5479 16383 1175 1283 1295 1241 0 418 8185 8184 8184 8184 8184 8185 
1366 1329 5483 16383 1177 1286 1299 1243 15 417 8185 8184 8184 8184 8184 8185 
1324 1379 5479 16383 1175 1284 1299 1243 51 417 8185 8184 8184 8184 8184 8185 
1423 1325 5483 16383 1175 1285 1299 1241 0 418 8184 8183 8183 8183 8183 8184 
1372 1366 5482 16383 1175 1286 1299 1243 12 417 8185 8184 8184 8184 8184 8185 
1390 1327 5479 16383 1177 1286 1299 1242 76 418 8184 8183 8183 8183 8183 8184 
1315 1279 5483 16383 1177 1285 1299 1243 14 417 8185 8184 8184 8184 8184 8185 
1383 1280 5482 16383 1177 1285 1299 1243 0 417 8186 8185 8185 8185 8185 8186 
1369 1511 5470 16383 1175 1285 1301 1243 56 417 8185 8184 8184 8184 8184 8185 
1363 1365 5479 16383 1177 1287 1299 1245 22 418 8185 8184 8184 8184 8184 8185 
1332 1345 5479 16383 1175 1287 1299 1243 24 419 8185 8184 8184 8184 8184 8185 
1353 1364 5471 16383 1177 1287 1299 1243 26 419 8185 8184 8184 8184 8184 8185 
1384 1354 5477 16383 1175 1284 1299 1242 14 417 8185 8184 8184 8184 8184 8185 
1407 1375 5469 16383 1177 1284 1299 1243 17 417 8186 8185 8185 8185 8185 8186 
1403 1322 5470 16383 1175 1286 1298 1243 12 417 8186 8185 8185 8185 8185 8186 
1361 1327 5469 16383 1175 1286 1299 1243 13 417 8186 8185 8185 8185 8185 8186 
1425 1274 5475 16383 1178 1287 1300 1243 56 417 8185 8184 8184 8184 8184 8185 
1361 1355 5465 16383 1175 1285 1298 1243 14 417 8186 8185 8185 8185 8185 8186 
1384 1349 5459 16383 1175 1286 1298 1241 0 417 8186 8185 8185 8185 8185 8186 
1318 1341 5465 16383 1175 1287 1299 1243 72 418 8185 8184 8184 8184 8184 8185 
1362 1340 5455 16383 1175 1286 1299 1242 0 418 8186 8185 8185 8185 8185 8186 
1369 1359 5467 16383 1175 1283 1298 1242 21 418 8186 8185 8185 8185 8185 8186 
1409 1586 5471 16383 1175 1285 1299 1243 21 418 8185 8184 8184 8184 8184 8185 
1332 1355 5462 16383 1179 1287 1300 1243 38 418 8186 8185 8185 8185 8185 8186 
1407 1290 5465 16383 1174 1283 1298 1239 68 418 8185 8184 8184 8184 8184 8185 
1399 1371 5469 16383 1178 1286 1299 1243 17 418 8185 8184 8184 8184 8184 8185 
1357 1345 5466 16383 1177 1286 1301 1245 15 417 8186 8185 8185 8185 8185 8186 
1379 1351 5463 16383 1175 1285 1299 1243 13 417 8185 8184 8184 8184 8184 8185 
1387 1341 5475 16383 1176 1286 1299 1242 0 419 8186 8185 8185 8185 8185 8186 
1384 1284 5467 16383 1176 1286 1299 1244 61 418 8186 8185 8185 8185 8185 8186 
1499 1377 5471 16383 1175 1286 1299 1243 12 417 8186 8185 8185 8185 8185 8186 
1405 1325 5475 16383 1175 1285 1299 1241 0 419 8186 8185 8185 8185 8185 8186 
1379 1356 5473 16383 1177 1287 1301 1244 16 417 8187 8186 8186 8186 8186 8187 
1381 1319 5467 16383 1175 1285 1299 1242 0 419 8186 8185 8185 8185 8185 8186 
1335 1295 5473 16383 1178 1287 1301 1243 97 418 8185 8184 8185 8184 8185 8186 
1339 1376 5465 16383 1177 1285 1301 1243 44 417 8186 8185 8185 8185 8185 8186 
1383 1284 5473 16383 1175 1284 1299 1242 55 417 8186 8185 8185 8185 8185 8186 
1417 1353 5476 16383 1178 1283 1299 1244 0 419 8186 8185 8185 8185 8185 8186 
1364 1354 5467 16383 1177 1285 1297 1243 17 417 8186 8185 8185 8185 8185 8186 
1312 1379 5462 16383 1176 1285 1299 1242 0 417 8186 8185 8185 8185 8185 8186 
1371 1426 5463 16383 1177 1285 1299 1242 26 419 8186 8185 8185 8185 8185 8186 
1429 1487 5478 16383 1178 1286 1300 1243 25 419 8186 8185 8185 8185 8185 8186 
1361 1343 5467 16383 1177 1287 1299 1245 16 417 8185 8184 8184 8184 8184 8185 
1423 1327 5465 16383 1177 1285 1299 1241 0 418 8186 8185 8185 8185 8185 8186 
1378 1362 5479 16383 1178 1287 1301 1244 24 418 8184 8183 8183 8183 8183 8184 
1402 1331 5469 16383 1177 1287 1301 1245 14 417 8185 8184 8184 8184 8184 8185 
1385 1391 5472 16383 1177 1285 1299 1241 26 419 8185 8184 8184 8184 8184 8185 
1511 1381 5479 16383 1179 1287 1301 1245 14 417 8185 8184 8184 8184 8184 8185 
1375 1338 5467 16383 1174 1284 1298 1242 14 417 8186 8185 8185 8185 8185 8186 
1379 1341 5479 16383 1174 1283 1295 1243 0 418 8186 8185 8185 8185 8185 8186 
1464 1366 5472 16383 1175 1286 1298 1243 0 419 8185 8184 8184 8184 8184 8185 
1381 1380 5471 16383 1175 1286 1299 1243 16 417 8185 8184 8184 8184 8184 8185 
1369 1411 5479 16383 1177 1285 1299 1243 36 418 8185 8184 8184 8184 8184 8185 
1389 1365 5467 16383 1175 1283 1298 1241 13 417 8186 8185 8185 8185 8185 8186 
1454 1449 5478 16383 1175 1287 1299 1243 0 417 8185 8184 8184 8184 8184 8185 
1355 1279 5468 16383 1175 1285 1299 1243 62 418 8186 8185 8185 8185 8185 8186 
1379 1375 5477 16383 1177 1287 1299 1243 13 417 8185 8184 8184 8184 8184 8185 
1410 1345 5481 16383 1178 1285 1299 1241 12 417 8186 8185 8185 8185 8185 8186 
1431 1333 5481 16383 1175 1285 1299 1239 0 417 8185 8184 8184 8184 8184 8185 
1366 1329 5477 16383 1177 1285 1300 1243 18 418 8185 8184 8184 8184 8184 8185 
1374 1339 5477 16383 1177 1285 1299 1242 0 418 8185 8184 8184 8184 8184 8185 
1367 1370 5474 16383 1177 1285 1301 1242 16 417 8186 8185 8185 8185 8185 8186 
1410 1293 5477 16383 1175 1285 1299 1243 55 417 8185 8184 8184 8184 8184 8185 
1458 1295 5475 16383 1175 1285 1299 1245 55 417 8185 8184 8184 8184 8184 8185 
1361 1339 5481 16383 1177 1285 1297 1241 13 417 8186 8185 8185 8185 8185 8186 
1362 1330 5477 16383 1175 1287 1299 1242 0 419 8185 8184 8184 8184 8184 8185 
1445 1383 5481 16383 1179 1286 1301 1244 0 418 8185 8184 8184 8184 8184 8185 
1441 1278 5482 16383 1175 1285 1300 1243 48 417 8185 8184 8184 8184 8184 8185 
1411 1283 5479 16383 1174 1284 1299 1241 0 417 8185 8184 8184 8184 8184 8185 
1367 1408 5483 16383 1175 1285 1298 1242 24 419 8185 8184 8184 8184 8184 8185 
1360 1343 5487 16383 1177 1285 1301 1245 14 417 8186 8185 8185 8185 8185 8186 
1335 1378 5479 16383 1176 1286 1301 1243 44 417 8184 8183 8183 8183 8183 8184 
1369 1477 5477 16383 1175 1286 1299 1243 35 419 8184 8183 8183 8183 8183 8184 
1357 1165 5495 16383 1185 1293 1307 1251 177 419 8186 8185 8185 8185 8185 8186 
1376 1383 5487 16383 1179 1287 1301 1243 12 417 8185 8184 8184 8184 8184 8185 
1358 1394 5477 16383 1175 1286 1300 1242 30 419 8185 8184 8184 8184 8184 8185 
1375 1402 5487 16383 1175 1285 1297 1241 17 417 8186 8185 8185 8185 8185 8186 
1420 1393 5481 16383 1175 1285 1298 1242 14 418 8185 8184 8184 8184 8184 8185 
1351 1343 5479 16383 1178 1286 1300 1243 0 418 8186 8185 8185 8185 8185 8186 
1385 1389 5487 16383 1175 1285 1298 1241 13 417 8185 8184 8184 8184 8184 8185 
1381 1349 5483 16383 1175 1285 1299 1243 14 417 8185 8184 8184 8184 8184 8185 
1366 1370 5482 16383 1177 1287 1302 1245 15 417 8186 8185 8185 8185 8185 8186 
1366 1331 5482 16383 1175 1283 1298 1241 15 417 8185 8184 8184 8184 8184 8185 
1413 1355 5482 16383 1179 1285 1299 1243 17 417 8185 8184 8184 8184 8184 8185 
1399 1430 5481 16383 1177 1285 1299 1242 19 418 8184 8183 8183 8183 8183 8184 
1379 1354 5487 16383 1177 1286 1299 1243 18 419 8185 8184 8184 8184 8184 8185 
1417 1410 5489 16383 1175 1286 1299 1242 16 417 8185 8184 8184 8184 8184 8185 
1353 1343 5483 16383 1175 1285 1299 1242 17 417 8185 8184 8184 8184 8184 8185 
1394 1315 5479 16383 1175 1284 1297 1241 63 418 8185 8184 8184 8184 8184 8185 
1380 1333 5484 16383 1175 1283 1295 1243 12 417 8185 8184 8184 8184 8184 8185 
1371 1387 5487 16383 1175 1287 1299 1243 15 417 8185 8184 8184 8184 8184 8185 
1429 1351 5487 16383 1177 1286 1299 1243 16 417 8185 8184 8184 8184 8184 8185 
1362 1278 5481 16383 1175 1285 1297 1239 0 418 8185 8184 8184 8184 8184 8185 
1362 1299 5487 16383 1175 1285 1298 1241 0 418 8185 8184 8184 8184 8184 8185 
1378 1379 5487 16383 1175 1285 1301 1243 24 419 8185 8184 8184 8184 8184 8185 
1364 1345 5481 16383 1175 1285 1298 1241 12 417 8185 8184 8184 8184 8184 8185 
1383 1327 5483 16383 1175 1285 1299 1243 12 417 8185 8184 8184 8184 8184 8185 
1354 1357 5486 16383 1175 1285 1299 1243 16 417 8185 8184 8184 8184 8184 8185 
1366 1451 5489 16383 1178 1285 1299 1243 0 418 8185 8184 8184 8184 8184 8185 
1360 1342 5487 16383 1175 1283 1298 1243 12 417 8185 8184 8184 8184 8184 8185 
1377 1495 5479 16383 1175 1285 1299 1243 37 418 8185 8184 8184 8184 8184 8185 
1375 1327 5484 16383 1175 1286 1299 1241 13 417 8185 8184 8184 8184 8184 8185 
1379 1339 5486 16383 1175 1284 1299 1243 0 419 8186 8185 8185 8185 8185 8186 
1367 1325 5487 16383 1175 1286 1299 1243 0 419 8186 8185 8185 8185 8185 8186 
1393 1367 5483 16383 1178 1287 1301 1245 16 417 8186 8185 8185 8185 8185 8186 
1382 1367 5478 16383 1175 1287 1299 1243 17 418 8185 8184 8184 8184 8184 8185 
1364 1363 5481 16383 1175 1283 1299 1241 15 417 8186 8185 8185 8185 8185 8186 
1358 1362 5483 16383 1177 1284 1298 1243 22 418 8185 8184 8184 8184 8184 8185 
1378 1411 5481 16383 1178 1285 1299 1243 19 418 8186 8185 8185 8185 8185 8186 
1375 1359 5487 16383 1175 1286 1299 1243 17 417 8185 8184 8184 8184 8184 8185 
1403 1402 5476 16383 1174 1283 1295 1243 0 418 8186 8185 8185 8185 8185 8186 
1376 1353 5489 16383 1178 1285 1299 1242 17 417 8185 8184 8185 8184 8184 8185 
1338 1359 5484 16383 1175 1285 1299 1243 0 418 8186 8185 8185 8185 8185 8186 
1426 1363 5479 16383 1177 1286 1302 1243 15 417 8185 8184 8184 8184 8184 8185 
1428 1343 5487 16383 1177 1285 1302 1244 0 419 8185 8184 8184 8184 8184 8185 
1391 1407 5485 16383 1178 1286 1299 1244 22 418 8186 8185 8185 8185 8185 8186 
1383 1325 5485 16383 1175 1286 1298 1242 0 419 8185 8184 8184 8184 8184 8185 
1363 1340 5478 16383 1175 1286 1298 1242 17 417 8185 8184 8184 8184 8184 8185 
1368 1382 5477 16383 1175 1284 1295 1242 17 417 8185 8184 8184 8184 8184 8185 
1371 1346 5481 16383 1175 1286 1298 1243 13 417 8186 8185 8185 8185 8185 8186 
1382 1341 5489 16383 1175 1285 1298 1241 12 417 8186 8185 8185 8185 8185 8186 
