1381 1353 5519 16383 1173 1282 1295 1241 18 417 8187 8186 8187 8186 8186 8187 
1381 1359 5521 16383 1173 1283 1298 1242 14 417 8187 8186 8187 8186 8186 8187 
1370 1382 5514 16383 1172 1281 1295 1242 25 419 8187 8186 8187 8186 8186 8187 
1393 1426 5515 16383 1174 1284 1298 1241 35 419 8187 8186 8187 8186 8186 8187 
1369 1341 5509 16383 1175 1282 1299 1240 0 418 8187 8186 8187 8186 8186 8187 
1375 1338 5499 16383 1173 1282 1298 1241 14 418 8187 8186 8187 8186 8186 8187 
1399 1347 5510 16383 1171 1282 1299 1241 14 418 8186 8185 8186 8185 8185 8186 
1376 1558 5493 16383 1175 1284 1298 1243 39 418 8187 8186 8187 8186 8186 8187 
1384 1351 5493 16383 1171 1281 1295 1241 17 419 8187 8186 8187 8186 8186 8187 
1387 1423 5503 16383 1171 1283 1298 1241 23 419 8187 8186 8187 8186 8186 8187 
1363 1289 5504 16383 1173 1283 1297 1242 0 419 8187 8186 8187 8186 8186 8187 
1380 1355 5493 16383 1175 1283 1300 1243 15 417 8188 8187 8188 8187 8187 8188 
1455 1306 5498 16383 1173 1283 1295 1241 13 417 8187 8186 8187 8186 8186 8187 
1367 1344 5488 16383 1173 1280 1295 1239 20 418 8186 8185 8186 8185 8185 8186 
1373 1363 5485 16383 1174 1284 1299 1242 16 417 8187 8186 8187 8186 8186 8187 
1377 1346 5489 16383 1173 1283 1298 1241 21 418 8187 8186 8187 8186 8186 8187 
1378 1323 5490 16383 1172 1283 1298 1241 13 417 8187 8186 8187 8186 8186 8187 
1376 1303 5477 16383 1172 1283 1299 1241 0 418 8188 8187 8188 8187 8187 8188 
1445 1345 5477 16383 1173 1282 1297 1241 0 419 8187 8186 8187 8186 8186 8187 
1377 1383 5489 16383 1172 1283 1298 1241 26 419 8187 8186 8187 8186 8186 8187 
1379 1397 5483 16383 1174 1283 1298 1242 21 418 8188 8187 8188 8187 8187 8188 
1364 1366 5486 16383 1172 1281 1299 1239 15 417 8187 8186 8186 8186 8186 8187 
1379 1357 5489 16383 1177 1285 1301 1243 17 417 8187 8186 8187 8186 8186 8187 
1351 1451 5481 16383 1174 1283 1299 1241 58 417 8187 8186 8187 8186 8186 8187 
1386 1351 5485 16383 1173 1283 1297 1241 17 417 8187 8186 8187 8186 8186 8187 
1372 1327 5479 16383 1173 1282 1297 1239 0 418 8187 8186 8187 8186 8186 8187 
1393 1374 5481 16383 1174 1283 1297 1239 14 417 8188 8187 8188 8187 8187 8188 
1377 1355 5474 16383 1173 1283 1299 1242 15 417 8188 8187 8188 8187 8187 8188 
1510 1485 5467 16383 1174 1284 1299 1242 13 418 8187 8186 8186 8186 8186 8187 
1327 1367 5475 16383 1173 1282 1297 1241 49 417 8186 8185 8186 8185 8185 8186 
1409 1455 5472 16383 1176 1283 1298 1242 33 419 8187 8186 8187 8186 8186 8187 
1467 1370 5463 16383 1173 1285 1297 1239 13 418 8187 8186 8187 8186 8186 8187 
1495 1564 5471 16383 1174 1283 1298 1241 32 419 8187 8186 8187 8186 8186 8187 
1367 1359 5473 16383 1175 1283 1299 1242 21 418 8187 8186 8187 8186 8186 8187 
1449 1472 5463 16383 1174 1282 1297 1242 17 417 8187 8186 8187 8186 8186 8187 
1373 1379 5468 16383 1171 1283 1296 1241 28 419 8187 8186 8187 8186 8186 8187 
1389 1378 5473 16383 1173 1283 1295 1240 21 418 8187 8186 8187 8186 8186 8187 
1350 1341 5472 16383 1173 1283 1298 1242 26 419 8187 8186 8187 8186 8186 8187 
1363 1363 5467 16383 1174 1283 1298 1241 28 419 8187 8186 8187 8186 8186 8187 
1421 1436 5459 16383 1173 1283 1298 1242 30 419 8187 8186 8186 8186 8186 8187 
1391 1364 5461 16383 1173 1283 1299 1242 16 417 8187 8186 8187 8186 8186 8187 
1400 1409 5455 16383 1172 1282 1297 1239 23 418 8187 8186 8186 8186 8186 8187 
1369 1382 5467 16383 1174 1283 1301 1242 32 419 8187 8186 8187 8186 8186 8187 
1482 1347 5465 16383 1175 1283 1299 1242 0 419 8186 8185 8186 8185 8185 8186 
1379 1354 5452 16383 1175 1285 1299 1243 16 418 8187 8186 8186 8186 8186 8187 
1387 1433 5455 16383 1172 1281 1297 1241 25 419 8187 8186 8187 8186 8186 8187 
1383 1343 5449 16383 1174 1285 1300 1243 0 418 8187 8186 8186 8186 8186 8187 
1373 1337 5455 16383 1175 1285 1299 1242 19 418 8187 8186 8187 8186 8186 8187 
1408 1347 5447 16383 1171 1281 1297 1239 13 417 8187 8186 8187 8186 8186 8187 
1508 1435 5446 16383 1174 1283 1299 1243 15 417 8187 8186 8186 8186 8186 8187 
1390 1351 5445 16383 1172 1283 1295 1240 21 418 8187 8186 8187 8186 8186 8187 
1412 1452 5438 16383 1173 1283 1295 1239 27 418 8187 8186 8186 8186 8186 8187 
1396 1439 5444 16383 1176 1285 1301 1243 24 419 8187 8186 8186 8186 8186 8187 
1394 1353 5448 16383 1174 1283 1299 1241 13 417 8187 8186 8186 8186 8186 8187 
1386 1376 5440 16383 1175 1283 1299 1242 23 419 8187 8186 8187 8186 8186 8187 
1414 1319 5447 16383 1174 1285 1299 1243 0 419 8187 8186 8187 8186 8186 8187 
1399 1359 5443 16383 1175 1283 1297 1239 18 418 8187 8186 8187 8186 8186 8187 
1374 1369 5431 16383 1173 1281 1297 1239 31 419 8187 8186 8187 8186 8186 8187 
1374 1337 5434 16383 1175 1283 1299 1241 0 418 8187 8186 8186 8186 8186 8187 
1954 1628 5443 16383 1175 1283 1299 1243 15 417 8187 8186 8187 8186 8186 8187 
1440 1357 5439 16383 1175 1284 1299 1243 17 418 8187 8186 8186 8186 8186 8187 
1439 1509 5431 16383 1173 1282 1298 1241 36 418 8187 8186 8186 8186 8186 8187 
1445 1375 5439 16383 1175 1283 1297 1243 15 417 8187 8186 8186 8186 8186 8187 
1393 1383 5442 16383 1174 1283 1297 1242 15 417 8187 8186 8186 8186 8186 8187 
1383 1343 5443 16383 1175 1283 1299 1239 14 417 8187 8186 8186 8186 8186 8187 
1443 1494 5441 16383 1174 1283 1299 1239 18 418 8188 8187 8187 8187 8187 8188 
1355 1357 5439 16383 1173 1285 1299 1241 26 419 8187 8186 8186 8186 8186 8187 
1465 1586 5439 16383 1172 1281 1295 1239 38 418 8187 8186 8186 8186 8186 8187 
1401 1359 5429 16383 1173 1282 1299 1242 0 418 8187 8186 8186 8186 8186 8187 
1319 1353 5438 16383 1174 1285 1298 1243 0 417 8187 8186 8186 8186 8186 8187 
1373 1454 5435 16383 1175 1283 1297 1243 41 418 8186 8185 8185 8185 8185 8186 
1371 1391 5435 16383 1173 1284 1298 1243 39 418 8188 8187 8188 8187 8187 8188 
1370 1359 5431 16383 1175 1285 1301 1243 32 418 8187 8186 8186 8186 8186 8187 
1376 1355 5431 16383 1173 1284 1298 1242 0 418 8187 8186 8187 8186 8186 8187 
1365 1309 5435 16383 1174 1283 1299 1242 0 417 8187 8186 8187 8186 8186 8187 
1352 1322 5429 16383 1174 1283 1299 1244 15 417 8187 8186 8187 8186 8186 8187 
1368 1356 5426 16383 1172 1282 1295 1241 17 418 8187 8186 8186 8186 8186 8187 
1395 1357 5426 16383 1175 1284 1300 1243 0 419 8187 8186 8186 8186 8186 8187 
1487 1326 5431 16383 1175 1285 1299 1243 15 417 8187 8186 8186 8186 8186 8187 
1411 1387 5427 16383 1173 1284 1299 1243 16 418 8187 8186 8187 8186 8186 8187 
1385 1460 5422 16383 1174 1283 1299 1239 30 419 8187 8186 8186 8186 8186 8187 
1407 1365 5421 16383 1173 1283 1298 1239 20 418 8187 8186 8186 8186 8186 8187 
1387 1349 5423 16383 1178 1286 1302 1246 23 418 8187 8186 8186 8186 8186 8187 
1373 1374 5426 16383 1177 1286 1302 1242 23 418 8187 8186 8186 8186 8186 8187 
1370 1378 5422 16383 1175 1283 1297 1243 29 420 8187 8186 8186 8186 8186 8187 
1381 1371 5423 16383 1177 1285 1300 1243 17 417 8187 8186 8187 8186 8186 8187 
1388 1347 5429 16383 1173 1283 1298 1239 0 419 8187 8186 8186 8186 8186 8187 
1422 1356 5417 16383 1174 1285 1298 1243 0 418 8187 8186 8186 8186 8186 8187 
1303 2143 5423 16383 1174 1285 1298 1241 58 418 8187 8186 8186 8186 8186 8187 
1487 1549 5420 16383 1175 1286 1299 1243 28 419 8187 8186 8186 8186 8186 8187 
1366 1395 5418 16383 1175 1284 1299 1243 46 417 8186 8185 8185 8185 8185 8186 
1433 1434 5423 16383 1175 1285 1298 1241 13 418 8187 8186 8186 8186 8186 8187 
1375 1341 5425 16383 1175 1284 1299 1243 19 418 8186 8185 8185 8185 8185 8186 
1435 1306 5423 16383 1174 1285 1299 1241 0 417 8187 8186 8186 8186 8186 8187 
1358 1330 5418 16383 1174 1282 1297 1242 13 417 8187 8186 8187 8186 8186 8187 
1433 1403 5415 16383 1173 1284 1297 1242 14 417 8186 8185 8185 8185 8185 8186 
1421 1431 5413 16383 1174 1285 1299 1241 42 418 8187 8186 8186 8186 8186 8187 
1475 1257 5425 16383 1174 1283 1299 1241 0 419 8186 8185 8185 8185 8185 8186 
1569 1682 5423 16383 1174 1282 1298 1242 27 418 8187 8186 8187 8186 8186 8187 
1379 1342 5414 16383 1175 1285 1300 1244 13 418 8187 8186 8186 8186 8186 8187 
1373 1390 5417 16383 1174 1283 1298 1242 21 418 8186 8185 8185 8185 8185 8186 
1376 1327 5417 16383 1173 1283 1298 1239 16 417 8187 8186 8186 8186 8186 8187 
1368 1409 5413 16383 1174 1283 1298 1239 35 419 8187 8186 8186 8186 8186 8187 
1438 1380 5427 16383 1174 1285 1297 1242 16 417 8186 8185 8186 8185 8185 8186 
1400 1467 5421 16383 1174 1283 1299 1242 33 419 8187 8186 8187 8186 8186 8187 
1373 1367 5417 16383 1177 1287 1301 1243 32 418 8187 8186 8186 8186 8186 8187 
1373 1341 5425 16383 1175 1283 1299 1244 17 417 8185 8184 8184 8184 8184 8185 
1380 1345 5415 16383 1175 1283 1295 1241 15 417 8187 8186 8186 8186 8186 8187 
1356 1335 5422 16383 1175 1285 1297 1240 26 419 8187 8186 8186 8186 8186 8187 
1409 1401 5413 16383 1173 1283 1299 1241 17 417 8187 8186 8186 8186 8186 8187 
1371 1358 5411 16383 1172 1283 1299 1239 22 418 8187 8186 8186 8186 8186 8187 
1323 1310 5422 16383 1174 1284 1299 1242 23 419 8187 8186 8186 8186 8186 8187 
1402 1442 5423 16383 1175 1285 1298 1242 24 419 8187 8186 8186 8186 8186 8187 
1403 1371 5410 16383 1175 1285 1298 1242 17 418 8187 8186 8186 8186 8186 8187 
1358 1396 5425 16383 1177 1283 1299 1243 41 418 8187 8186 8186 8186 8186 8187 
1382 1405 5423 16383 1177 1286 1301 1243 16 417 8187 8186 8187 8186 8186 8187 
1439 1444 5422 16383 1175 1283 1298 1241 23 419 8186 8185 8185 8185 8185 8186 
1367 1399 5425 16383 1175 1285 1299 1241 36 418 8187 8186 8186 8186 8186 8187 
1394 1287 5425 16383 1175 1285 1299 1243 0 418 8187 8186 8186 8186 8186 8187 
1374 1340 5418 16383 1175 1285 1297 1243 17 417 8187 8186 8186 8186 8186 8187 
1424 1418 5415 16383 1174 1283 1299 1241 27 419 8187 8186 8186 8186 8186 8187 
1379 1370 5417 16383 1175 1285 1299 1242 23 418 8187 8186 8186 8186 8186 8187 
1378 1351 5419 16383 1175 1285 1298 1243 21 418 8187 8186 8186 8186 8186 8187 
1571 1572 5422 16383 1175 1283 1299 1241 16 417 8186 8185 8185 8185 8185 8186 
1387 1385 5414 16383 1175 1285 1299 1243 26 418 8186 8185 8185 8185 8185 8186 
1368 1335 5414 16383 1174 1283 1298 1241 15 417 8187 8186 8187 8186 8186 8187 
1390 1354 5425 16383 1175 1284 1301 1242 17 417 8187 8186 8186 8186 8186 8187 
1334 1273 5417 16383 1175 1287 1299 1245 0 418 8187 8186 8186 8186 8186 8187 
1407 1563 5425 16383 1175 1283 1298 1242 30 418 8187 8186 8186 8186 8186 8187 
1403 1351 5414 16383 1177 1285 1298 1243 21 418 8187 8186 8186 8186 8186 8187 
1347 1373 5417 16383 1175 1282 1299 1241 43 417 8187 8186 8186 8186 8186 8187 
1361 1290 5409 16383 1173 1281 1298 1242 15 417 8186 8185 8185 8185 8185 8186 
1419 1491 5423 16383 1175 1285 1298 1242 21 418 8187 8186 8186 8186 8186 8187 
1467 1426 5411 16383 1174 1286 1298 1243 15 417 8186 8185 8185 8185 8185 8186 
1417 1454 5423 16383 1175 1284 1300 1243 17 417 8186 8185 8185 8185 8185 8186 
1370 1353 5410 16383 1173 1281 1295 1239 19 418 8187 8186 8187 8186 8186 8187 
1409 1391 5419 16383 1173 1283 1301 1239 18 418 8187 8186 8186 8186 8186 8187 
1402 1367 5421 16383 1175 1285 1299 1242 14 417 8187 8186 8186 8186 8186 8187 
1403 1350 5411 16383 1175 1284 1297 1241 13 416 8187 8186 8186 8186 8186 8187 
1355 1450 5415 16383 1176 1284 1300 1243 33 418 8187 8186 8186 8186 8186 8187 
1363 1374 5415 16383 1174 1283 1299 1241 36 418 8187 8186 8186 8186 8186 8187 
1439 1396 5410 16383 1175 1284 1298 1243 0 417 8187 8186 8186 8186 8186 8187 
1395 1453 5409 16383 1175 1286 1301 1243 18 418 8187 8186 8186 8186 8186 8187 
1416 1455 5419 16383 1175 1285 1299 1242 36 418 8186 8185 8185 8185 8185 8186 
1391 1355 5421 16383 1175 1285 1302 1243 17 417 8187 8186 8186 8186 8186 8187 
1388 1451 5417 16383 1175 1287 1301 1243 19 418 8187 8186 8186 8186 8186 8187 
1364 1463 5417 16383 1175 1283 1299 1241 31 419 8186 8185 8185 8185 8185 8186 
1462 1485 5405 16383 1174 1283 1295 1239 22 418 8186 8185 8185 8185 8185 8186 
1371 1337 5415 16383 1174 1284 1299 1243 16 417 8186 8185 8185 8185 8185 8186 
1372 1438 5408 16383 1177 1285 1301 1243 30 418 8186 8185 8185 8185 8185 8186 
1375 1371 5419 16383 1175 1285 1301 1241 32 418 8186 8185 8185 8185 8185 8186 
1419 1343 5416 16383 1177 1287 1300 1245 0 418 8187 8186 8186 8186 8186 8187 
1415 1398 5415 16383 1175 1286 1298 1242 22 419 8186 8185 8185 8185 8185 8186 
1419 1475 5410 16383 1177 1287 1299 1243 24 418 8184 8183 8183 8183 8183 8184 
1391 1345 5414 16383 1177 1285 1299 1241 12 417 8186 8185 8185 8185 8185 8186 
1398 1406 5403 16383 1175 1283 1295 1239 30 419 8186 8185 8185 8185 8185 8186 
1427 1461 5405 16383 1175 1283 1299 1241 23 418 8186 8185 8185 8185 8185 8186 
1368 1341 5405 16383 1175 1284 1298 1239 26 418 8186 8185 8185 8185 8185 8186 
1378 1363 5412 16383 1174 1285 1299 1241 18 418 8186 8185 8185 8185 8185 8186 
1380 1341 5405 16383 1175 1283 1299 1241 17 417 8186 8185 8185 8185 8185 8186 
1569 1317 5405 16383 1175 1283 1298 1242 52 417 8186 8185 8185 8185 8185 8186 
1367 1354 5406 16383 1177 1285 1299 1243 23 418 8186 8185 8185 8185 8185 8186 
1399 1531 5404 16383 1175 1287 1300 1244 19 418 8187 8186 8186 8186 8186 8187 
1394 1443 5410 16383 1175 1283 1299 1243 22 418 8187 8186 8186 8186 8186 8187 
1375 1337 5403 16383 1174 1283 1298 1241 23 419 8186 8185 8185 8185 8185 8186 
1325 1373 5399 16383 1175 1283 1299 1239 59 417 8187 8186 8186 8186 8186 8187 
1371 1331 5409 16383 1175 1283 1299 1239 0 418 8186 8185 8185 8185 8185 8186 
1370 1356 5411 16383 1175 1283 1299 1241 30 419 8186 8185 8185 8185 8185 8186 
1467 1370 5399 16383 1175 1283 1299 1241 14 417 8186 8185 8185 8185 8185 8186 
1374 1385 5408 16383 1175 1284 1297 1241 18 418 8187 8186 8186 8186 8186 8187 
1421 1446 5402 16383 1174 1283 1299 1243 34 418 8186 8185 8185 8185 8185 8186 
1366 1359 5407 16383 1175 1285 1301 1243 20 418 8186 8185 8185 8185 8185 8186 
1367 1395 5403 16383 1175 1285 1299 1243 19 418 8186 8185 8185 8185 8185 8186 
1377 1346 5403 16383 1175 1285 1299 1242 13 417 8185 8184 8184 8184 8184 8185 
1355 1371 5408 16383 1175 1285 1298 1243 34 418 8186 8185 8185 8185 8185 8186 
1371 1283 5409 16383 1175 1285 1299 1241 0 419 8186 8185 8185 8185 8185 8186 
1471 1426 5409 16383 1175 1283 1298 1241 16 417 8186 8185 8185 8185 8185 8186 
1423 1287 5402 16383 1175 1285 1299 1241 0 417 8186 8185 8185 8185 8185 8186 
1403 1355 5398 16383 1175 1284 1299 1243 17 417 8186 8185 8185 8185 8185 8186 
1381 1327 5411 16383 1175 1285 1300 1242 0 420 8185 8184 8184 8184 8184 8185 
1395 1409 5405 16383 1175 1283 1298 1242 28 419 8187 8186 8186 8186 8186 8187 
1357 1405 5397 16383 1175 1283 1297 1242 22 418 8186 8185 8185 8185 8185 8186 
1397 1398 5405 16383 1177 1285 1299 1241 18 417 8186 8185 8185 8185 8185 8186 
1377 1335 5391 16383 1173 1282 1297 1239 0 418 8186 8185 8185 8185 8185 8186 
1385 1327 5395 16383 1175 1286 1300 1245 12 417 8186 8185 8185 8185 8185 8186 
1369 1345 5391 16383 1175 1285 1301 1244 26 418 8185 8184 8184 8184 8184 8185 
1375 1359 5407 16383 1177 1286 1301 1243 38 418 8186 8185 8185 8185 8185 8186 
1412 1359 5405 16383 1173 1283 1299 1238 20 419 8186 8185 8185 8185 8185 8186 
1392 1338 5393 16383 1175 1285 1299 1241 17 417 8186 8185 8185 8185 8185 8186 
1418 1398 5398 16383 1172 1284 1299 1241 14 417 8186 8185 8185 8185 8185 8186 
1422 1589 5399 16383 1174 1285 1299 1242 47 417 8186 8185 8185 8185 8185 8186 
1423 1346 5402 16383 1177 1286 1300 1243 0 417 8187 8186 8186 8186 8186 8187 
1375 1315 5399 16383 1173 1282 1295 1239 12 417 8186 8185 8185 8185 8185 8186 
1343 1259 5391 16383 1177 1286 1299 1244 38 418 8187 8186 8186 8186 8186 8187 
1338 1388 5396 16383 1177 1286 1299 1243 61 417 8186 8185 8185 8185 8185 8186 
1573 1395 5399 16383 1175 1284 1299 1242 14 417 8187 8186 8186 8186 8186 8187 
1377 1364 5390 16383 1175 1285 1298 1241 19 418 8187 8186 8186 8186 8186 8187 
1403 1430 5399 16383 1173 1283 1298 1239 22 418 8187 8186 8186 8186 8186 8187 
1493 1303 5401 16383 1174 1285 1297 1242 61 417 8187 8186 8186 8186 8186 8187 
1629 1433 5399 16383 1175 1286 1299 1243 0 418 8186 8185 8185 8185 8185 8186 
1332 1417 5401 16383 1177 1284 1300 1242 61 417 8185 8184 8184 8184 8184 8185 
1371 1381 5399 16383 1175 1285 1298 1241 16 417 8187 8186 8186 8186 8186 8187 
1419 1359 5387 16383 1175 1285 1299 1241 22 418 8185 8184 8184 8184 8184 8185 
1406 1338 5394 16383 1175 1286 1297 1241 0 418 8186 8185 8185 8185 8185 8186 
1373 1415 5394 16383 1177 1286 1300 1243 33 418 8186 8185 8185 8185 8185 8186 
1407 1352 5385 16383 1175 1283 1298 1241 0 418 8187 8186 8186 8186 8186 8187 
1453 1337 5399 16383 1175 1285 1300 1243 15 417 8187 8186 8186 8186 8186 8187 
1349 1356 5391 16383 1177 1287 1301 1242 31 418 8187 8186 8186 8186 8186 8187 
1428 1339 5385 16383 1175 1284 1299 1241 12 417 8187 8186 8186 8186 8186 8187 
1373 1366 5396 16383 1174 1283 1295 1239 15 416 8186 8185 8185 8185 8185 8186 
1391 1342 5393 16383 1175 1283 1299 1241 0 419 8187 8186 8186 8186 8186 8187 
1391 1391 5391 16383 1175 1283 1298 1241 14 416 8187 8186 8186 8186 8186 8187 
1381 1341 5391 16383 1175 1285 1297 1241 14 417 8185 8184 8184 8184 8184 8185 
1389 1380 5394 16383 1175 1287 1299 1243 18 418 8186 8185 8185 8185 8185 8186 
1499 1554 5394 16383 1175 1283 1298 1239 19 417 8185 8184 8184 8184 8184 8185 
1393 1337 5398 16383 1175 1284 1299 1242 23 418 8187 8186 8186 8186 8186 8187 
1354 1399 5391 16383 1175 1285 1298 1242 43 418 8185 8184 8184 8184 8184 8185 
1373 1363 5399 16383 1177 1284 1301 1243 27 419 8186 8185 8185 8185 8185 8186 
1399 1389 5385 16383 1174 1284 1295 1239 18 418 8186 8185 8185 8185 8185 8186 
1402 1353 5390 16383 1176 1285 1299 1242 14 417 8186 8185 8185 8185 8185 8186 
1362 1332 5386 16383 1175 1285 1298 1241 13 418 8186 8185 8185 8185 8185 8186 
1427 1329 5388 16383 1176 1287 1299 1242 0 418 8186 8185 8185 8185 8185 8186 
1520 1515 5398 16383 1175 1285 1299 1243 25 419 8186 8185 8185 8185 8185 8186 
1392 1407 5390 16383 1175 1283 1299 1243 20 418 8187 8186 8186 8186 8186 8187 
1365 1343 5397 16383 1177 1286 1300 1243 18 417 8186 8185 8185 8185 8185 8186 
1433 1380 5386 16383 1175 1284 1300 1244 14 417 8186 8185 8185 8185 8185 8186 
1412 1372 5394 16383 1175 1284 1299 1243 16 417 8185 8184 8184 8184 8184 8185 
1525 1333 5387 16383 1175 1283 1298 1239 0 418 8187 8186 8186 8186 8186 8187 
1452 1461 5387 16383 1175 1285 1299 1239 20 419 8186 8185 8185 8185 8185 8186 
1376 1345 5391 16383 1173 1284 1299 1241 19 418 8187 8186 8186 8186 8186 8187 
1367 1351 5387 16383 1178 1287 1301 1243 13 417 8186 8185 8185 8185 8185 8186 
1355 1350 5399 16383 1175 1285 1299 1243 17 417 8187 8186 8186 8186 8186 8187 
1457 1455 5394 16383 1174 1283 1299 1240 21 418 8186 8185 8185 8185 8185 8186 
1446 1475 5388 16383 1177 1287 1300 1244 19 417 8186 8185 8185 8185 8185 8186 
1413 1376 5383 16383 1175 1285 1299 1242 0 418 8186 8185 8185 8185 8185 8186 
1368 1381 5395 16383 1174 1283 1299 1242 48 416 8185 8184 8184 8184 8184 8185 
1372 1357 5389 16383 1175 1285 1301 1242 14 417 8186 8185 8185 8185 8185 8186 
1378 1357 5394 16383 1175 1285 1299 1242 0 419 8187 8186 8186 8186 8186 8187 
1376 1427 5385 16383 1175 1285 1299 1239 36 418 8186 8185 8185 8185 8185 8186 
1410 1351 5390 16383 1174 1285 1299 1241 14 416 8185 8184 8184 8184 8184 8185 
1351 1364 5383 16383 1175 1283 1295 1241 33 418 8185 8184 8184 8184 8184 8185 
1395 1389 5391 16383 1177 1285 1298 1243 22 418 8186 8185 8185 8185 8185 8186 
1489 1437 5391 16383 1175 1284 1299 1241 16 417 8185 8184 8184 8184 8184 8185 
1342 1377 5390 16383 1175 1286 1299 1241 45 418 8186 8185 8185 8185 8185 8186 
1390 1356 5387 16383 1175 1285 1299 1243 13 418 8186 8185 8185 8185 8185 8186 
1566 1485 5394 16383 1175 1287 1301 1243 15 416 8186 8185 8185 8185 8185 8186 
1397 1337 5394 16383 1175 1284 1299 1241 12 418 8186 8185 8185 8185 8185 8186 
1585 1460 5390 16383 1173 1283 1299 1240 0 418 8186 8185 8185 8185 8185 8186 
1399 1367 5379 16383 1177 1285 1298 1243 15 417 8186 8185 8185 8185 8185 8186 
1454 1463 5380 16383 1175 1285 1298 1242 23 418 8186 8185 8185 8185 8185 8186 
1381 1351 5384 16383 1177 1287 1301 1243 15 417 8186 8185 8185 8185 8185 8186 
1479 1605 5377 16383 1175 1286 1301 1239 36 418 8186 8185 8185 8185 8185 8186 
1323 1523 5387 16383 1175 1284 1298 1242 64 418 8186 8185 8185 8185 8185 8186 
1433 1381 5387 16383 1177 1285 1299 1243 19 418 8186 8185 8185 8185 8185 8186 
1466 1341 5375 16383 1177 1285 1300 1243 0 418 8186 8185 8185 8185 8185 8186 
1407 1446 5372 16383 1177 1285 1299 1239 26 418 8186 8185 8185 8185 8185 8186 
1437 1391 5371 16383 1175 1285 1299 1239 25 418 8186 8185 8185 8185 8185 8186 
1357 1382 5378 16383 1177 1286 1301 1244 24 418 8186 8185 8185 8185 8185 8186 
1367 1347 5371 16383 1175 1287 1301 1243 17 417 8186 8185 8185 8185 8185 8186 
1372 1343 5377 16383 1177 1285 1299 1242 24 418 8186 8185 8185 8185 8185 8186 
1383 1363 5379 16383 1175 1283 1298 1238 18 417 8186 8185 8185 8185 8185 8186 
1547 1713 5383 16383 1175 1287 1299 1241 31 419 8186 8185 8185 8185 8185 8186 
1413 1436 5384 16383 1177 1286 1298 1242 28 419 8186 8185 8185 8185 8185 8186 
1355 1393 5383 16383 1175 1285 1301 1243 28 419 8186 8185 8185 8185 8185 8186 
1407 1463 5375 16383 1175 1287 1299 1243 22 418 8186 8185 8185 8185 8185 8186 
1383 1403 5376 16383 1174 1284 1297 1241 16 417 8186 8185 8185 8185 8185 8186 
1550 1353 5374 16383 1175 1281 1295 1241 12 417 8186 8185 8185 8185 8185 8186 
1399 1341 5381 16383 1175 1285 1299 1241 16 417 8186 8185 8185 8185 8185 8186 
1367 1409 5385 16383 1178 1287 1301 1243 31 419 8186 8185 8185 8185 8185 8186 
1380 1353 5374 16383 1175 1285 1299 1243 18 417 8186 8185 8185 8185 8185 8186 
1370 1445 5379 16383 1175 1284 1298 1241 46 417 8187 8186 8186 8186 8186 8187 
1481 1395 5370 16383 1173 1284 1298 1242 0 417 8187 8186 8186 8186 8186 8187 
1421 1353 5377 16383 1175 1286 1299 1243 14 417 8186 8185 8185 8185 8185 8186 
1401 1391 5373 16383 1177 1287 1301 1243 19 418 8187 8186 8186 8186 8186 8187 
1419 1322 5374 16383 1178 1287 1301 1245 15 417 8186 8185 8185 8185 8185 8186 
1351 1295 5369 16383 1175 1285 1299 1242 0 417 8186 8185 8185 8185 8185 8186 
1386 1367 5373 16383 1175 1285 1299 1241 17 417 8187 8186 8186 8186 8186 8187 
1376 1323 5377 16383 1175 1285 1299 1242 13 417 8185 8184 8184 8184 8184 8185 
1354 1391 5373 16383 1178 1287 1300 1243 44 417 8186 8185 8185 8185 8185 8186 
1394 1363 5371 16383 1175 1283 1299 1241 14 417 8186 8185 8185 8185 8185 8186 
1390 1367 5373 16383 1175 1285 1298 1242 14 417 8186 8185 8185 8185 8185 8186 
1392 1346 5380 16383 1177 1285 1301 1243 15 417 8186 8185 8185 8185 8185 8186 
1505 1510 5369 16383 1175 1285 1299 1243 18 418 8186 8185 8185 8185 8185 8186 
1455 1459 5378 16383 1177 1286 1300 1243 24 418 8186 8185 8185 8185 8185 8186 
1378 1359 5380 16383 1175 1285 1299 1242 16 417 8187 8186 8186 8186 8186 8187 
1619 1561 5381 16383 1175 1285 1299 1243 19 418 8185 8184 8184 8184 8184 8185 
1393 1350 5373 16383 1177 1287 1303 1243 0 419 8186 8185 8185 8185 8185 8186 
1377 1363 5373 16383 1175 1285 1299 1243 21 418 8187 8186 8186 8186 8186 8187 
1397 1342 5365 16383 1175 1283 1298 1239 14 417 8185 8184 8184 8184 8184 8185 
1431 1382 5379 16383 1174 1287 1299 1243 14 416 8186 8185 8185 8185 8185 8186 
1419 1405 5374 16383 1177 1285 1299 1241 26 418 8185 8184 8184 8184 8184 8185 
1364 1349 5378 16383 1177 1287 1301 1243 33 418 8185 8184 8184 8184 8184 8185 
1398 1380 5370 16383 1175 1286 1298 1243 24 418 8186 8185 8185 8185 8185 8186 
1382 1355 5367 16383 1174 1283 1297 1239 16 417 8186 8185 8185 8185 8185 8186 
1373 1359 5366 16383 1175 1283 1299 1241 18 418 8186 8185 8185 8185 8185 8186 
1413 1363 5371 16383 1175 1287 1297 1243 17 417 8185 8184 8184 8184 8184 8185 
1378 1402 5367 16383 1177 1287 1301 1243 30 418 8185 8184 8184 8184 8184 8185 
1374 1529 5377 16383 1173 1283 1297 1239 51 416 8186 8185 8185 8185 8185 8186 
1451 1401 5372 16383 1175 1285 1298 1241 14 417 8186 8185 8185 8185 8185 8186 
1382 1405 5369 16383 1173 1284 1297 1241 19 418 8186 8185 8185 8185 8185 8186 
1649 1483 5369 16383 1175 1283 1297 1243 13 416 8186 8185 8185 8185 8185 8186 
1371 1371 5372 16383 1175 1287 1299 1243 21 419 8186 8185 8185 8185 8185 8186 
1319 1275 5378 16383 1177 1284 1301 1241 0 418 8186 8185 8185 8185 8185 8186 
1435 1358 5373 16383 1177 1286 1299 1243 0 418 8186 8185 8185 8185 8185 8186 
1401 1389 5369 16383 1177 1285 1300 1245 12 417 8186 8185 8185 8185 8185 8186 
1418 1358 5369 16383 1175 1286 1299 1243 14 417 8186 8185 8185 8185 8185 8186 
1395 1325 5367 16383 1176 1285 1300 1243 13 417 8187 8186 8186 8186 8186 8187 
1366 1351 5377 16383 1177 1286 1299 1242 20 418 8187 8186 8186 8186 8186 8187 
1371 1330 5376 16383 1178 1287 1299 1243 14 417 8186 8185 8185 8185 8185 8186 
1539 1542 5371 16383 1174 1284 1299 1241 23 418 8186 8185 8185 8185 8185 8186 
1408 1482 5376 16383 1177 1285 1298 1243 36 418 8186 8185 8185 8185 8185 8186 
1394 1330 5371 16383 1177 1286 1299 1243 0 418 8186 8185 8185 8185 8185 8186 
1447 1351 5365 16383 1175 1285 1301 1243 0 419 8186 8185 8185 8185 8185 8186 
1397 1363 5369 16383 1174 1285 1299 1239 14 416 8187 8186 8186 8186 8186 8187 
1441 1563 5364 16383 1175 1282 1295 1241 31 419 8187 8186 8186 8186 8186 8187 
1374 1387 5371 16383 1175 1285 1298 1242 22 418 8186 8185 8185 8185 8185 8186 
1343 1487 5367 16383 1175 1285 1299 1243 56 417 8187 8186 8186 8186 8186 8187 
1383 1294 5365 16383 1175 1283 1299 1243 0 418 8186 8185 8185 8185 8185 8186 
1433 1421 5367 16383 1175 1283 1299 1241 21 418 8186 8185 8185 8185 8185 8186 
1446 1425 5365 16383 1175 1286 1297 1242 18 418 8186 8185 8185 8185 8185 8186 
1374 1364 5377 16383 1175 1287 1299 1243 19 418 8186 8185 8185 8185 8185 8186 
1509 1332 5365 16383 1175 1285 1299 1242 0 418 8187 8186 8186 8186 8186 8187 
1413 1347 5369 16383 1174 1282 1298 1241 12 417 8187 8186 8186 8186 8186 8187 
1381 1355 5363 16383 1175 1285 1298 1241 0 418 8186 8185 8185 8185 8185 8186 
1437 1281 5377 16383 1175 1283 1299 1239 0 417 8187 8186 8186 8186 8186 8187 
1369 1333 5363 16383 1175 1285 1298 1243 13 416 8186 8185 8185 8185 8185 8186 
1431 1399 5374 16383 1175 1285 1299 1242 19 418 8187 8186 8186 8186 8186 8187 
1363 1353 5371 16383 1175 1284 1299 1243 15 417 8186 8185 8185 8185 8185 8186 
1410 1562 5370 16383 1175 1285 1299 1243 31 419 8186 8185 8185 8185 8185 8186 
1397 1373 5377 16383 1175 1285 1299 1242 19 418 8186 8185 8185 8185 8185 8186 
1373 1368 5367 16383 1177 1287 1299 1243 28 419 8186 8185 8185 8185 8185 8186 
1413 1341 5371 16383 1175 1284 1299 1241 13 417 8186 8185 8185 8185 8185 8186 
1385 1453 5375 16383 1177 1287 1299 1243 23 418 8187 8186 8186 8186 8186 8187 
1387 1338 5373 16383 1175 1283 1297 1241 13 417 8185 8184 8184 8184 8184 8185 
1359 1357 5367 16383 1175 1283 1298 1241 30 418 8186 8185 8185 8185 8185 8186 
1377 1295 5367 16383 1178 1283 1300 1242 0 418 8187 8186 8186 8186 8186 8187 
1383 1291 5380 16383 1175 1285 1299 1241 0 418 8186 8185 8185 8185 8185 8186 
1366 1354 5373 16383 1175 1285 1299 1242 13 417 8185 8184 8184 8184 8184 8185 
1373 1355 5379 16383 1177 1286 1299 1243 14 417 8186 8185 8185 8185 8185 8186 
1287 1237 5369 16383 1175 1283 1297 1242 415 276 8186 8185 8185 8185 8185 8186 
1517 1479 5380 16383 1177 1286 1298 1243 14 417 8186 8185 8185 8185 8185 8186 
1381 1327 5367 16383 1175 1285 1297 1241 13 417 8186 8185 8185 8185 8185 8186 
1405 1380 5373 16383 1175 1287 1301 1245 13 417 8187 8186 8186 8186 8186 8187 
1442 1379 5381 16383 1175 1283 1297 1241 17 417 8186 8185 8185 8185 8185 8186 
1428 1362 5379 16383 1177 1287 1299 1244 0 418 8186 8185 8185 8185 8185 8186 
1520 1443 5371 16383 1175 1286 1298 1242 13 417 8185 8184 8184 8184 8184 8185 
1411 1358 5382 16383 1175 1287 1299 1242 16 418 8186 8185 8185 8185 8185 8186 
1477 1319 5375 16383 1177 1285 1299 1242 0 417 8185 8184 8184 8184 8184 8185 
1375 1365 5371 16383 1175 1285 1299 1242 31 419 8186 8185 8185 8185 8185 8186 
1387 1350 5367 16383 1175 1286 1299 1241 0 417 8186 8185 8185 8185 8185 8186 
1415 1391 5384 16383 1177 1285 1299 1243 0 418 8186 8185 8185 8185 8185 8186 
1395 1430 5383 16383 1175 1283 1298 1240 22 418 8186 8185 8185 8185 8185 8186 
1419 1411 5372 16383 1177 1287 1299 1242 19 418 8186 8185 8185 8185 8185 8186 
1365 1341 5379 16383 1177 1284 1299 1243 34 418 8186 8185 8185 8185 8185 8186 
1428 1332 5369 16383 1175 1284 1298 1241 0 419 8186 8185 8185 8185 8185 8186 
1367 1391 5379 16383 1175 1286 1298 1242 25 418 8187 8186 8186 8186 8186 8187 
1408 1437 5379 16383 1177 1284 1298 1242 22 418 8187 8186 8186 8186 8186 8187 
1390 1364 5372 16383 1175 1286 1298 1240 13 417 8186 8185 8185 8185 8185 8186 
1342 1363 5374 16383 1177 1286 1299 1243 59 418 8187 8186 8186 8186 8186 8187 
1368 1353 5377 16383 1175 1285 1299 1243 17 417 8187 8186 8186 8186 8186 8187 
1398 1388 5367 16383 1178 1285 1300 1243 24 418 8187 8186 8186 8186 8186 8187 
1377 1341 5377 16383 1175 1285 1299 1242 17 417 8187 8186 8186 8186 8186 8187 
1367 1345 5372 16383 1176 1285 1299 1243 16 417 8186 8185 8185 8185 8185 8186 
1375 1381 5369 16383 1175 1284 1295 1241 34 419 8186 8185 8185 8185 8185 8186 
1368 1332 5381 16383 1175 1285 1299 1243 16 417 8186 8185 8185 8185 8185 8186 
1379 1398 5366 16383 1174 1283 1295 1239 24 418 8186 8185 8185 8185 8185 8186 
1367 1430 5371 16383 1175 1283 1295 1239 36 418 8186 8185 8185 8185 8185 8186 
1389 1349 5370 16383 1175 1285 1300 1242 0 418 8186 8185 8185 8185 8185 8186 
1367 1389 5370 16383 1177 1287 1300 1245 36 418 8186 8185 8185 8185 8185 8186 
1402 1281 5382 16383 1174 1286 1299 1243 52 417 8186 8185 8185 8185 8185 8186 
1350 1333 5373 16383 1175 1284 1298 1241 17 417 8186 8185 8185 8185 8185 8186 
1394 1369 5383 16383 1177 1286 1300 1243 15 417 8186 8185 8185 8185 8185 8186 
1353 1414 5378 16383 1175 1285 1300 1242 33 418 8186 8185 8185 8185 8185 8186 
1384 1367 5374 16383 1175 1283 1298 1239 26 418 8186 8185 8185 8185 8185 8186 
1382 1382 5387 16383 1175 1287 1298 1242 23 418 8186 8185 8185 8185 8185 8186 
1358 1359 5385 16383 1175 1284 1299 1243 17 417 8185 8184 8184 8184 8184 8185 
1389 1362 5374 16383 1175 1285 1301 1243 0 417 8186 8185 8185 8185 8185 8186 
1357 1333 5386 16383 1176 1286 1298 1241 27 419 8186 8185 8185 8185 8185 8186 
1395 1377 5387 16383 1177 1285 1295 1239 17 417 8186 8185 8185 8185 8185 8186 
1421 1370 5373 16383 1175 1283 1300 1243 22 418 8186 8185 8185 8185 8185 8186 
1398 1358 5385 16383 1177 1286 1299 1241 0 417 8187 8186 8186 8186 8186 8187 
1461 1453 5375 16383 1175 1283 1297 1242 17 417 8186 8185 8185 8185 8185 8186 
1366 1263 5386 16383 1175 1286 1297 1241 13 417 8186 8185 8185 8185 8185 8186 
1354 1396 5383 16383 1177 1285 1298 1243 40 417 8187 8186 8186 8186 8186 8187 
1391 1455 5387 16383 1177 1287 1299 1243 24 418 8186 8185 8185 8185 8185 8186 
1842 1311 5389 16383 1175 1283 1297 1242 45 417 8187 8186 8186 8186 8186 8187 
1362 1395 5381 16383 1175 1286 1299 1242 30 419 8186 8185 8185 8185 8185 8186 
1421 1383 5390 16383 1177 1285 1300 1243 18 418 8186 8185 8185 8185 8185 8186 
1368 1338 5378 16383 1173 1283 1299 1242 14 417 8186 8185 8185 8185 8185 8186 
1385 1345 5387 16383 1177 1285 1299 1243 15 418 8186 8185 8185 8185 8185 8186 
1423 1454 5386 16383 1175 1285 1301 1243 29 418 8186 8185 8185 8185 8185 8186 
1379 1364 5383 16383 1175 1283 1298 1241 19 418 8186 8185 8185 8185 8185 8186 
1369 1371 5383 16383 1177 1285 1299 1243 23 418 8186 8185 8185 8185 8185 8186 
1357 1327 5383 16383 1175 1284 1298 1241 18 418 8186 8185 8185 8185 8185 8186 
1405 1358 5382 16383 1175 1284 1299 1241 0 417 8187 8186 8186 8186 8186 8187 
1472 1499 5387 16383 1177 1285 1298 1243 31 418 8187 8186 8186 8186 8186 8187 
1364 1330 5391 16383 1175 1285 1299 1243 16 417 8186 8185 8185 8185 8185 8186 
1414 1381 5391 16383 1175 1284 1299 1241 16 417 8187 8186 8186 8186 8186 8187 
1528 1495 5390 16383 1175 1284 1299 1243 16 417 8186 8185 8185 8185 8185 8186 
1378 1399 5379 16383 1178 1286 1300 1243 28 419 8186 8185 8185 8185 8185 8186 
1393 1365 5391 16383 1175 1287 1299 1241 13 417 8186 8185 8185 8185 8185 8186 
1373 1365 5387 16383 1175 1283 1299 1241 31 419 8186 8185 8185 8185 8185 8186 
1358 1370 5383 16383 1177 1285 1299 1242 30 418 8186 8185 8185 8185 8185 8186 
1375 1327 5381 16383 1175 1285 1299 1243 0 418 8186 8185 8185 8185 8185 8186 
1402 1451 5386 16383 1175 1285 1297 1241 30 418 8186 8185 8185 8185 8185 8186 
1344 1318 5381 16383 1175 1285 1298 1242 13 416 8186 8185 8185 8185 8185 8186 
1375 1337 5387 16383 1179 1287 1301 1245 19 417 8186 8185 8185 8185 8185 8186 
1375 1361 5393 16383 1175 1287 1300 1243 22 418 8186 8185 8185 8185 8185 8186 
1393 1440 5391 16383 1177 1286 1299 1243 31 419 8186 8185 8185 8185 8185 8186 
1495 1370 5391 16383 1175 1283 1298 1242 14 417 8186 8185 8185 8185 8185 8186 
1434 1396 5386 16383 1177 1286 1301 1243 21 418 8186 8185 8185 8185 8185 8186 
1387 1403 5387 16383 1175 1283 1298 1239 23 418 8186 8185 8185 8185 8185 8186 
1412 1391 5392 16383 1178 1285 1299 1243 13 417 8185 8184 8184 8184 8184 8185 
1382 1363 5383 16383 1177 1285 1299 1241 17 418 8185 8184 8184 8184 8184 8185 
1357 1377 5383 16383 1175 1285 1298 1241 44 417 8187 8186 8186 8186 8186 8187 
1470 1338 5395 16383 1178 1285 1299 1244 0 418 8186 8185 8185 8185 8185 8186 
1363 1380 5391 16383 1177 1283 1299 1242 35 418 8185 8184 8184 8184 8184 8185 
1385 1355 5385 16383 1175 1286 1301 1245 17 417 8186 8185 8185 8185 8185 8186 
1370 1421 5393 16383 1175 1286 1299 1243 29 419 8186 8185 8185 8185 8185 8186 
1392 1353 5382 16383 1174 1285 1299 1241 13 417 8186 8185 8185 8185 8185 8186 
1388 1337 5383 16383 1175 1283 1298 1242 0 418 8186 8185 8185 8185 8185 8186 
1407 1375 5382 16383 1175 1284 1299 1242 12 417 8186 8185 8185 8185 8185 8186 
1343 1357 5393 16383 1178 1285 1299 1243 31 418 8187 8186 8186 8186 8186 8187 
1323 1449 5389 16383 1175 1286 1299 1243 74 417 8186 8185 8185 8185 8185 8186 
1431 1387 5396 16383 1177 1285 1301 1243 13 417 8186 8185 8185 8185 8185 8186 
1430 1431 5392 16383 1175 1285 1297 1242 22 418 8187 8186 8186 8186 8186 8187 
1363 1469 5387 16383 1179 1287 1300 1243 21 418 8187 8186 8186 8186 8186 8187 
1371 1435 5394 16383 1177 1285 1298 1241 30 419 8185 8184 8184 8184 8184 8185 
1387 1385 5380 16383 1175 1283 1299 1242 22 418 8187 8186 8186 8186 8186 8187 
1389 1389 5381 16383 1174 1285 1298 1241 17 417 8186 8185 8185 8185 8185 8186 
893 447 5374 16383 1175 1285 1299 1241 0 415 8186 8185 8185 8185 8185 8186 
1365 1331 5391 16383 1177 1285 1299 1243 18 417 8186 8185 8185 8185 8185 8186 
1403 1344 5381 16383 1175 1283 1299 1243 0 418 8186 8185 8185 8185 8185 8186 
1354 1338 5383 16383 1175 1283 1295 1239 18 417 8186 8185 8185 8185 8185 8186 
1393 1389 5391 16383 1177 1287 1300 1243 25 418 8187 8186 8186 8186 8186 8187 
1358 1403 5391 16383 1175 1285 1299 1242 36 418 8186 8185 8185 8185 8185 8186 
1681 1517 5393 16383 1175 1285 1299 1243 0 417 8186 8185 8185 8185 8185 8186 
1364 1387 5387 16383 1175 1285 1298 1241 27 419 8186 8185 8185 8185 8185 8186 
1519 1526 5393 16383 1175 1287 1299 1243 17 418 8186 8185 8185 8185 8185 8186 
1371 1369 5392 16383 1175 1283 1299 1241 22 418 8186 8185 8185 8185 8185 8186 
1373 1350 5390 16383 1179 1286 1301 1243 24 418 8187 8186 8186 8186 8186 8187 
1384 1372 5395 16383 1175 1285 1299 1241 14 418 8186 8185 8185 8185 8185 8186 
1387 1367 5383 16383 1177 1286 1301 1243 16 417 8187 8186 8186 8186 8186 8187 
1381 1359 5382 16383 1175 1284 1298 1242 23 418 8186 8185 8185 8185 8185 8186 
1319 1519 5381 16383 1178 1285 1299 1243 0 419 8186 8185 8185 8185 8185 8186 
1399 1353 5393 16383 1178 1287 1300 1243 14 416 8186 8185 8185 8185 8185 8186 
1386 1362 5387 16383 1177 1285 1299 1243 18 418 8187 8186 8186 8186 8186 8187 
1383 1346 5385 16383 1177 1284 1299 1241 16 417 8186 8185 8185 8185 8185 8186 
1388 1334 5391 16383 1177 1284 1301 1243 0 418 8187 8186 8186 8186 8186 8187 
1466 1355 5387 16383 1179 1287 1299 1243 14 417 8186 8185 8185 8185 8185 8186 
1377 1339 5394 16383 1175 1286 1298 1243 12 417 8185 8184 8184 8184 8184 8185 
1385 1357 5390 16383 1177 1284 1299 1243 26 419 8186 8185 8185 8185 8185 8186 
1398 1354 5385 16383 1175 1285 1301 1244 14 417 8185 8184 8184 8184 8184 8185 
1370 1343 5389 16383 1177 1286 1299 1244 18 418 8186 8185 8185 8185 8185 8186 
1411 1384 5384 16383 1175 1285 1299 1242 13 417 8186 8185 8185 8185 8185 8186 
1428 1451 5395 16383 1175 1285 1298 1242 18 417 8186 8185 8185 8185 8185 8186 
1395 1357 5391 16383 1178 1285 1299 1243 14 417 8186 8185 8185 8185 8185 8186 
1389 1431 5383 16383 1175 1285 1298 1241 39 418 8187 8186 8186 8186 8186 8187 
1393 1399 5381 16383 1175 1284 1295 1241 28 419 8186 8185 8185 8185 8185 8186 
1390 1410 5393 16383 1174 1283 1297 1241 44 417 8186 8185 8185 8185 8185 8186 
1401 1487 5390 16383 1175 1286 1299 1242 33 418 8186 8185 8185 8185 8185 8186 
1439 1399 5386 16383 1175 1283 1297 1242 13 417 8186 8185 8185 8185 8185 8186 
1399 1444 5387 16383 1177 1286 1299 1243 28 418 8186 8185 8185 8185 8185 8186 
1366 1341 5383 16383 1178 1286 1299 1243 24 418 8186 8185 8185 8185 8185 8186 
1384 1431 5394 16383 1175 1285 1299 1243 33 418 8186 8185 8185 8185 8185 8186 
1366 1381 5391 16383 1175 1283 1299 1241 31 418 8186 8185 8185 8185 8185 8186 
1413 1341 5391 16383 1177 1286 1302 1243 13 417 8186 8185 8185 8185 8185 8186 
1396 1362 5389 16383 1178 1285 1299 1243 14 417 8186 8185 8185 8185 8185 8186 
1412 1354 5391 16383 1175 1285 1301 1242 14 417 8186 8185 8185 8185 8185 8186 
1375 1327 5386 16383 1175 1284 1297 1241 20 418 8186 8185 8185 8185 8185 8186 
1373 1364 5385 16383 1175 1286 1299 1242 26 418 8185 8184 8184 8184 8184 8185 
1364 1389 5391 16383 1178 1285 1298 1242 25 418 8186 8185 8185 8185 8185 8186 
1399 1374 5396 16383 1175 1286 1299 1242 28 419 8186 8185 8185 8185 8185 8186 
1661 1851 5399 16383 1175 1284 1298 1241 33 418 8186 8185 8185 8185 8185 8186 
1407 1362 5385 16383 1175 1285 1299 1243 13 417 8186 8185 8185 8185 8185 8186 
1366 1355 5399 16383 1176 1285 1299 1244 23 418 8186 8185 8185 8185 8185 8186 
1382 1367 5397 16383 1174 1283 1298 1242 0 418 8186 8185 8185 8185 8185 8186 
1397 1383 5393 16383 1177 1286 1299 1243 15 417 8186 8185 8185 8185 8185 8186 
1423 1361 5398 16383 1177 1286 1301 1245 0 419 8186 8185 8185 8185 8185 8186 
1411 1361 5387 16383 1175 1285 1297 1242 18 417 8186 8185 8185 8185 8185 8186 
1382 1375 5396 16383 1175 1287 1298 1243 26 419 8187 8186 8186 8186 8186 8187 
1456 1487 5397 16383 1174 1285 1298 1241 21 418 8186 8185 8185 8185 8185 8186 
1383 1349 5395 16383 1175 1284 1298 1241 16 417 8186 8185 8185 8185 8185 8186 
1378 1303 5383 16383 1175 1285 1299 1240 13 416 8186 8185 8185 8185 8185 8186 
1411 1397 5389 16383 1175 1286 1299 1243 18 417 8185 8184 8184 8184 8184 8185 
1393 1365 5386 16383 1175 1285 1300 1243 17 417 8186 8185 8185 8185 8185 8186 
1373 1354 5385 16383 1175 1285 1300 1241 15 416 8186 8185 8185 8185 8185 8186 
1412 1343 5387 16383 1175 1285 1298 1243 0 417 8186 8185 8185 8185 8185 8186 
1517 1426 5396 16383 1175 1285 1299 1242 14 417 8185 8184 8184 8184 8184 8185 
1391 1342 5394 16383 1177 1286 1299 1244 16 417 8186 8185 8185 8185 8185 8186 
1483 1554 5390 16383 1175 1285 1298 1241 23 418 8185 8184 8184 8184 8184 8185 
1393 1369 5387 16383 1175 1284 1299 1243 14 416 8185 8184 8184 8184 8184 8185 
1553 1567 5388 16383 1175 1285 1298 1241 19 418 8186 8185 8185 8185 8185 8186 
1375 1350 5400 16383 1177 1286 1299 1243 16 417 8186 8185 8185 8185 8185 8186 
1363 1377 5389 16383 1175 1283 1299 1241 22 418 8185 8184 8184 8184 8184 8185 
1389 1409 5391 16383 1175 1287 1300 1242 46 417 8186 8185 8185 8185 8185 8186 
1431 1414 5395 16383 1177 1285 1299 1243 17 418 8186 8185 8185 8185 8185 8186 
1399 1397 5386 16383 1177 1287 1301 1242 19 418 8186 8185 8185 8185 8185 8186 
1408 1361 5386 16383 1177 1285 1299 1242 15 416 8186 8185 8185 8185 8185 8186 
1370 1355 5386 16383 1175 1285 1298 1242 15 417 8186 8185 8185 8185 8185 8186 
1371 1371 5397 16383 1175 1284 1299 1242 16 417 8187 8186 8186 8186 8186 8187 
1374 1355 5387 16383 1175 1283 1299 1241 21 418 8185 8184 8184 8184 8184 8185 
1411 1386 5391 16383 1175 1285 1297 1241 18 417 8186 8185 8185 8185 8185 8186 
1389 1353 5398 16383 1177 1286 1298 1243 13 417 8186 8185 8185 8185 8185 8186 
1379 1289 5390 16383 1176 1284 1299 1242 0 417 8186 8185 8185 8185 8185 8186 
1389 1355 5388 16383 1177 1283 1299 1240 16 417 8187 8186 8186 8186 8186 8187 
1377 1383 5396 16383 1175 1284 1299 1241 25 418 8187 8186 8186 8186 8186 8187 
1337 1327 5396 16383 1175 1285 1298 1239 18 417 8187 8186 8186 8186 8186 8187 
1367 1355 5395 16383 1175 1287 1299 1245 35 418 8186 8185 8185 8185 8185 8186 
1416 1363 5397 16383 1177 1287 1299 1242 13 417 8187 8186 8186 8186 8186 8187 
1467 1440 5387 16383 1175 1287 1299 1242 15 416 8187 8186 8186 8186 8186 8187 
1384 1363 5382 16383 1175 1284 1297 1241 23 418 8186 8185 8185 8185 8185 8186 
1377 1334 5393 16383 1175 1284 1299 1241 12 418 8186 8185 8185 8185 8185 8186 
1323 1751 5394 16383 1175 1284 1298 1243 76 417 8186 8185 8185 8185 8185 8186 
1378 1477 5389 16383 1175 1285 1299 1242 48 417 8186 8185 8185 8185 8185 8186 
1399 1423 5393 16383 1174 1283 1299 1239 19 418 8187 8186 8186 8186 8186 8187 
1383 1333 5385 16383 1178 1285 1300 1243 12 417 8186 8185 8185 8185 8185 8186 
1374 1561 5393 16383 1175 1285 1299 1241 51 416 8186 8185 8185 8185 8185 8186 
1367 1402 5394 16383 1177 1285 1301 1243 28 419 8187 8186 8186 8186 8186 8187 
1409 1375 5385 16383 1175 1285 1298 1241 16 417 8185 8184 8184 8184 8184 8185 
1566 1514 5391 16383 1175 1286 1298 1243 17 417 8186 8185 8185 8185 8185 8186 
1339 1358 5387 16383 1175 1285 1299 1242 40 418 8186 8185 8185 8185 8185 8186 
1438 1319 5385 16383 1177 1286 1299 1242 0 418 8186 8185 8185 8185 8185 8186 
1374 1353 5382 16383 1177 1285 1297 1242 16 417 8186 8185 8185 8185 8185 8186 
1380 1331 5389 16383 1175 1286 1298 1239 16 417 8187 8186 8186 8186 8186 8187 
1515 1423 5382 16383 1175 1284 1299 1243 14 417 8186 8185 8185 8185 8185 8186 
1374 1367 5386 16383 1177 1285 1301 1242 23 418 8186 8185 8185 8185 8185 8186 
1303 1284 5383 16383 1175 1283 1298 1241 0 417 8186 8185 8185 8185 8185 8186 
1421 1349 5388 16383 1175 1283 1297 1242 16 417 8185 8184 8184 8184 8184 8185 
1377 1356 5382 16383 1175 1283 1297 1241 17 418 8186 8185 8185 8185 8185 8186 
1373 1345 5391 16383 1175 1286 1299 1242 14 417 8186 8185 8185 8185 8185 8186 
1371 1331 5393 16383 1177 1287 1299 1242 16 417 8186 8185 8185 8185 8185 8186 
1386 1338 5387 16383 1177 1287 1301 1243 14 416 8186 8185 8185 8185 8185 8186 
1387 1425 5380 16383 1174 1282 1297 1238 25 419 8186 8185 8185 8185 8185 8186 
1397 1338 5393 16383 1177 1285 1299 1241 17 417 8185 8184 8184 8184 8184 8185 
1373 1450 5381 16383 1175 1286 1299 1243 22 418 8187 8186 8186 8186 8186 8187 
1379 1359 5383 16383 1177 1286 1299 1243 23 418 8186 8185 8185 8185 8185 8186 
1401 1369 5394 16383 1175 1283 1298 1241 25 419 8186 8185 8185 8185 8185 8186 
1373 1347 5391 16383 1177 1285 1298 1243 0 417 8186 8185 8185 8185 8185 8186 
1383 1299 5383 16383 1175 1286 1299 1243 0 417 8185 8184 8184 8184 8184 8185 
1367 1359 5389 16383 1175 1285 1301 1243 22 419 8186 8185 8185 8185 8185 8186 
1397 1340 5379 16383 1175 1283 1298 1243 12 417 8186 8185 8185 8185 8185 8186 
1369 1340 5388 16383 1177 1287 1300 1242 15 417 8186 8185 8185 8185 8185 8186 
1461 1494 5389 16383 1175 1287 1301 1242 14 417 8186 8185 8185 8185 8185 8186 
1415 1691 5378 16383 1175 1286 1299 1243 40 417 8186 8185 8185 8185 8185 8186 
1391 1411 5389 16383 1175 1283 1299 1243 24 418 8186 8185 8185 8185 8185 8186 
1351 1405 5379 16383 1177 1285 1299 1243 33 419 8186 8185 8185 8185 8185 8186 
1398 1414 5377 16383 1176 1285 1299 1242 21 418 8186 8185 8185 8185 8185 8186 
1406 1402 5391 16383 1175 1285 1298 1242 26 419 8187 8186 8186 8186 8186 8187 
1385 1340 5385 16383 1175 1285 1299 1243 17 418 8185 8184 8184 8184 8184 8185 
1387 1357 5379 16383 1175 1285 1297 1242 12 417 8186 8185 8185 8185 8185 8186 
1445 1391 5381 16383 1174 1285 1298 1241 16 417 8186 8185 8185 8185 8185 8186 
1376 1305 5387 16383 1177 1283 1298 1240 12 417 8185 8184 8184 8184 8184 8185 
1361 1403 5381 16383 1175 1285 1297 1242 46 417 8186 8185 8185 8185 8185 8186 
1371 1344 5386 16383 1175 1285 1300 1242 18 417 8185 8184 8184 8184 8184 8185 
1374 1335 5385 16383 1175 1284 1299 1240 0 418 8185 8184 8184 8184 8184 8185 
1388 1652 5377 16383 1176 1285 1299 1243 50 417 8186 8185 8185 8185 8185 8186 
1393 1342 5374 16383 1175 1285 1299 1242 18 418 8186 8185 8185 8185 8185 8186 
1382 1382 5377 16383 1178 1285 1297 1242 25 418 8185 8184 8184 8184 8184 8185 
1447 1259 5378 16383 1175 1285 1299 1243 16 416 8186 8185 8185 8185 8185 8186 
1406 1373 5371 16383 1175 1285 1299 1242 18 417 8187 8186 8186 8186 8186 8187 
1381 1275 5381 16383 1175 1286 1299 1244 0 417 8186 8185 8185 8185 8185 8186 
1360 1350 5383 16383 1178 1287 1299 1243 22 418 8186 8185 8185 8185 8185 8186 
1361 1414 5379 16383 1175 1286 1298 1241 30 419 8186 8185 8185 8185 8185 8186 
1407 1420 5377 16383 1175 1285 1299 1243 22 418 8186 8185 8185 8185 8185 8186 
1339 1371 5377 16383 1175 1286 1299 1242 39 418 8186 8185 8185 8185 8185 8186 
1362 1363 5387 16383 1178 1285 1301 1243 28 418 8186 8185 8185 8185 8185 8186 
1423 1358 5378 16383 1174 1285 1297 1243 15 417 8187 8186 8186 8186 8186 8187 
1410 1404 5382 16383 1175 1285 1297 1241 16 417 8186 8185 8185 8185 8185 8186 
1373 1503 5383 16383 1175 1285 1299 1243 46 416 8186 8185 8185 8185 8185 8186 
1404 1384 5386 16383 1175 1285 1299 1243 19 418 8186 8185 8185 8185 8185 8186 
1368 1344 5383 16383 1175 1285 1298 1241 15 417 8186 8185 8185 8185 8185 8186 
1379 1363 5370 16383 1177 1285 1298 1241 26 419 8187 8186 8186 8186 8186 8187 
1382 1397 5377 16383 1175 1285 1298 1241 33 418 8186 8185 8185 8185 8185 8186 
1421 1363 5373 16383 1179 1287 1299 1244 13 417 8186 8185 8185 8185 8185 8186 
1388 1351 5370 16383 1175 1283 1297 1241 15 417 8186 8186 8186 8186 8186 8187 
1372 1370 5371 16383 1175 1285 1299 1241 19 418 8186 8185 8185 8185 8185 8186 
1398 1334 5371 16383 1176 1284 1299 1242 19 418 8186 8185 8185 8185 8186 8186 
1378 1396 5374 16383 1175 1285 1301 1243 32 418 8186 8185 8185 8185 8185 8186 
1381 1344 5382 16383 1175 1285 1301 1242 16 417 8186 8185 8185 8185 8185 8186 
1369 1361 5382 16383 1175 1287 1300 1243 24 418 8186 8185 8185 8185 8185 8186 
1387 1361 5379 16383 1175 1283 1298 1242 13 417 8187 8186 8186 8186 8186 8187 
1374 1397 5367 16383 1175 1285 1299 1242 23 418 8187 8186 8186 8186 8186 8187 
1369 1348 5367 16383 1177 1285 1297 1242 15 417 8186 8185 8185 8185 8185 8186 
1395 1338 5367 16383 1175 1283 1299 1239 16 417 8186 8185 8185 8185 8185 8186 
1461 1335 5377 16383 1175 1285 1299 1241 0 419 8186 8185 8185 8185 8185 8186 
1712 1281 5378 16383 1175 1287 1299 1241 37 419 8185 8184 8184 8184 8184 8185 
1374 1374 5372 16383 1175 1285 1298 1243 22 418 8187 8186 8186 8186 8186 8187 
1361 1374 5367 16383 1175 1285 1299 1242 33 420 8186 8185 8185 8185 8185 8186 
1365 1338 5379 16383 1175 1286 1297 1242 23 418 8186 8185 8185 8185 8185 8186 
1364 1356 5373 16383 1175 1283 1297 1241 23 418 8186 8185 8185 8185 8185 8186 
1343 1527 5369 16383 1179 1284 1299 1243 49 417 8186 8185 8185 8185 8185 8186 
1451 1362 5373 16383 1175 1285 1301 1243 36 418 8187 8186 8186 8186 8186 8187 
1383 1366 5378 16383 1175 1286 1297 1242 14 416 8185 8184 8184 8184 8184 8185 
1413 1459 5370 16383 1175 1284 1298 1243 36 418 8186 8185 8185 8185 8185 8186 
1413 1433 5371 16383 1177 1285 1299 1242 22 418 8187 8186 8186 8186 8186 8187 
1456 1453 5370 16383 1178 1286 1298 1242 23 418 8186 8185 8185 8185 8185 8186 
1385 1341 5364 16383 1175 1284 1297 1241 15 417 8186 8185 8185 8185 8185 8186 
1417 1434 5376 16383 1178 1287 1299 1243 19 418 8186 8185 8185 8185 8185 8186 
1366 1333 5378 16383 1175 1285 1299 1242 22 419 8186 8185 8185 8185 8185 8186 
1343 1437 5376 16383 1175 1283 1297 1241 60 417 8187 8186 8186 8186 8186 8187 
1442 1442 5369 16383 1175 1286 1301 1243 17 418 8186 8185 8185 8185 8185 8186 
1353 1318 5377 16383 1178 1284 1298 1242 14 417 8187 8186 8186 8186 8186 8187 
1423 1406 5370 16383 1175 1285 1299 1243 24 418 8186 8185 8185 8185 8185 8186 
1388 1354 5370 16383 1175 1283 1298 1241 0 417 8186 8185 8185 8185 8185 8186 
1383 1423 5371 16383 1177 1285 1301 1243 41 417 8186 8185 8185 8185 8185 8186 
1418 1665 5371 16383 1178 1285 1301 1242 34 419 8186 8185 8185 8185 8185 8186 
1390 1347 5365 16383 1175 1283 1297 1239 14 416 8186 8185 8185 8185 8185 8186 
1386 1344 5364 16383 1177 1287 1301 1242 16 417 8186 8185 8185 8185 8185 8186 
1363 1323 5362 16383 1175 1285 1300 1243 13 417 8186 8185 8185 8185 8185 8186 
1385 1294 5366 16383 1174 1283 1297 1239 0 418 8187 8186 8186 8186 8186 8187 
1450 1351 5369 16383 1175 1283 1299 1242 13 418 8186 8185 8185 8185 8185 8186 
1369 1358 5367 16383 1176 1285 1299 1243 19 419 8186 8185 8185 8185 8185 8186 
1374 1327 5367 16383 1178 1287 1298 1241 12 417 8186 8185 8185 8185 8185 8186 
1355 1367 5373 16383 1175 1284 1299 1243 30 418 8186 8185 8185 8185 8185 8186 
1371 1350 5369 16383 1175 1283 1298 1241 22 418 8186 8185 8185 8185 8185 8186 
1331 1439 5362 16383 1177 1283 1299 1243 52 417 8187 8186 8186 8186 8186 8187 
1421 1345 5367 16383 1177 1287 1299 1243 18 418 8186 8185 8185 8185 8185 8186 
1446 1411 5371 16383 1174 1285 1297 1241 0 417 8186 8185 8185 8185 8185 8186 
1381 1327 5371 16383 1175 1283 1299 1241 15 417 8186 8185 8185 8185 8185 8186 
1390 1348 5371 16383 1175 1283 1297 1241 14 416 8186 8185 8185 8185 8185 8186 
1370 1342 5368 16383 1177 1287 1301 1245 14 417 8186 8185 8185 8185 8185 8186 
1383 1347 5367 16383 1175 1285 1298 1243 21 418 8186 8185 8185 8185 8185 8186 
1337 1284 5376 16383 1175 1285 1298 1242 0 418 8186 8185 8185 8185 8185 8186 
1459 1311 5365 16383 1175 1285 1297 1242 0 417 8187 8186 8186 8186 8186 8187 
1404 1351 5372 16383 1177 1287 1301 1242 17 417 8186 8185 8185 8185 8185 8186 
1396 1423 5371 16383 1177 1287 1301 1243 40 418 8187 8186 8186 8186 8186 8187 
1597 1338 5363 16383 1177 1286 1297 1241 0 418 8186 8185 8185 8185 8185 8186 
1395 1386 5365 16383 1175 1287 1301 1243 23 418 8186 8185 8185 8185 8185 8186 
1366 1357 5370 16383 1174 1283 1295 1241 23 418 8186 8185 8185 8185 8185 8186 
1443 1359 5371 16383 1175 1285 1299 1243 13 417 8187 8186 8186 8186 8186 8187 
1392 1351 5362 16383 1175 1286 1299 1239 13 417 8186 8185 8185 8185 8185 8186 
1371 1404 5362 16383 1173 1282 1298 1242 28 419 8186 8185 8185 8185 8185 8186 
1357 1379 5369 16383 1175 1285 1299 1243 36 418 8186 8185 8185 8185 8185 8186 
1375 1353 5374 16383 1175 1283 1295 1239 24 419 8187 8186 8186 8186 8186 8187 
1341 1443 5362 16383 1175 1283 1297 1241 53 417 8187 8186 8186 8186 8186 8187 
1394 1325 5367 16383 1177 1286 1299 1241 0 418 8186 8185 8185 8185 8185 8186 
1372 1330 5373 16383 1175 1285 1298 1242 13 417 8187 8186 8186 8186 8186 8187 
1313 1519 5371 16383 1176 1285 1299 1243 14 417 8187 8186 8186 8186 8186 8187 
1384 1515 5377 16383 1174 1285 1297 1241 51 417 8187 8186 8186 8186 8186 8187 
1466 1342 5367 16383 1177 1287 1299 1243 0 418 8186 8185 8185 8185 8185 8186 
1469 1543 5369 16383 1177 1284 1298 1242 24 418 8187 8186 8186 8186 8186 8187 
1379 1334 5375 16383 1175 1286 1299 1243 17 417 8187 8186 8186 8186 8186 8187 
1367 1439 5378 16383 1175 1284 1297 1242 35 418 8187 8186 8186 8186 8186 8187 
1378 1375 5373 16383 1177 1285 1299 1241 23 418 8186 8185 8185 8185 8185 8186 
1373 1334 5366 16383 1175 1285 1299 1243 14 417 8187 8186 8186 8186 8186 8187 
1399 1382 5373 16383 1175 1283 1299 1242 17 417 8186 8185 8185 8185 8185 8186 
1369 1363 5369 16383 1177 1287 1299 1243 30 419 8187 8186 8186 8186 8186 8187 
1441 1412 5369 16383 1177 1284 1299 1242 13 418 8186 8185 8185 8185 8185 8186 
1401 1345 5369 16383 1177 1285 1301 1243 13 417 8186 8185 8185 8185 8185 8186 
1405 1399 5381 16383 1174 1285 1299 1243 19 418 8186 8185 8185 8185 8185 8186 
1538 1372 5373 16383 1178 1285 1299 1242 13 417 8186 8185 8185 8185 8185 8186 
1385 1355 5374 16383 1178 1286 1300 1243 16 417 8187 8186 8186 8186 8186 8187 
1402 1394 5377 16383 1178 1286 1299 1243 19 418 8187 8186 8186 8186 8186 8187 
1393 1398 5372 16383 1177 1285 1299 1241 28 418 8187 8186 8186 8186 8186 8187 
1393 1409 5383 16383 1178 1287 1299 1245 15 417 8186 8185 8185 8185 8185 8186 
1381 1357 5371 16383 1175 1287 1299 1242 18 417 8186 8185 8185 8185 8185 8186 
1394 1628 5370 16383 1175 1283 1297 1241 48 417 8187 8186 8186 8186 8186 8187 
1366 1463 5377 16383 1175 1285 1299 1243 45 417 8187 8186 8186 8186 8186 8187 
1323 1351 5381 16383 1175 1284 1299 1241 35 418 8186 8185 8185 8185 8185 8186 
1378 1334 5369 16383 1178 1283 1299 1243 16 417 8187 8186 8186 8186 8186 8187 
1380 1350 5379 16383 1177 1287 1299 1243 0 418 8186 8185 8185 8185 8185 8186 
1421 1373 5365 16383 1177 1284 1299 1243 16 417 8187 8186 8186 8186 8186 8187 
1391 1351 5377 16383 1175 1285 1299 1241 14 417 8186 8185 8185 8185 8185 8186 
1354 1344 5379 16383 1175 1285 1299 1242 27 419 8186 8185 8185 8185 8185 8186 
1383 1407 5369 16383 1175 1285 1298 1243 24 418 8186 8185 8185 8185 8185 8186 
1536 1406 5377 16383 1175 1285 1299 1243 0 417 8187 8186 8186 8186 8186 8187 
1402 1391 5376 16383 1175 1287 1298 1243 13 417 8186 8185 8185 8185 8185 8186 
1362 1473 5377 16383 1177 1285 1298 1242 28 419 8186 8185 8185 8185 8185 8186 
1427 1346 5367 16383 1174 1283 1298 1242 0 419 8186 8185 8185 8185 8185 8186 
1405 1459 5374 16383 1175 1284 1299 1241 41 417 8186 8185 8185 8185 8185 8186 
1371 1365 5370 16383 1175 1285 1299 1243 26 418 8186 8185 8185 8185 8185 8186 
1383 1399 5369 16383 1175 1283 1297 1239 36 419 8186 8185 8185 8185 8185 8186 
1426 1383 5370 16383 1175 1285 1301 1243 0 417 8187 8186 8186 8186 8186 8187 
1402 1369 5373 16383 1175 1285 1301 1243 12 417 8186 8185 8185 8185 8185 8186 
1383 1333 5367 16383 1178 1287 1298 1243 17 417 8186 8185 8185 8185 8185 8186 
1391 1382 5366 16383 1175 1283 1298 1239 13 417 8186 8185 8185 8185 8185 8186 
1407 1513 5365 16383 1175 1285 1299 1242 44 417 8186 8185 8185 8185 8185 8186 
1374 1381 5378 16383 1177 1287 1301 1243 29 419 8187 8186 8186 8186 8186 8187 
1381 1352 5371 16383 1175 1285 1299 1242 13 417 8186 8185 8185 8185 8185 8186 
1525 1469 5365 16383 1175 1285 1299 1242 17 417 8187 8186 8186 8186 8186 8187 
1398 1373 5366 16383 1177 1285 1300 1243 12 417 8187 8186 8186 8186 8186 8187 
1319 1594 5370 16383 1175 1285 1299 1241 78 417 8186 8185 8185 8185 8185 8186 
1383 1353 5365 16383 1173 1282 1297 1239 26 418 8186 8185 8185 8185 8185 8186 
1410 1322 5373 16383 1177 1285 1299 1243 19 418 8186 8185 8185 8185 8185 8186 
1371 1335 5365 16383 1177 1284 1299 1242 15 417 8187 8186 8186 8186 8186 8187 
1386 1357 5381 16383 1175 1286 1299 1241 14 417 8186 8185 8185 8185 8185 8186 
1393 1377 5367 16383 1177 1287 1300 1242 18 418 8187 8186 8186 8186 8186 8187 
1382 1351 5369 16383 1175 1285 1299 1243 22 418 8186 8185 8185 8185 8185 8186 
1351 1698 5371 16383 1175 1285 1299 1242 56 418 8187 8186 8186 8186 8186 8187 
1383 1339 5371 16383 1177 1287 1302 1243 16 417 8186 8185 8185 8185 8185 8186 
1375 1331 5370 16383 1175 1283 1299 1242 21 418 8186 8185 8185 8185 8185 8186 
1391 1367 5371 16383 1174 1285 1298 1243 17 417 8186 8185 8185 8185 8185 8186 
1394 1447 5369 16383 1178 1285 1299 1245 30 418 8185 8184 8184 8184 8184 8185 
1371 1347 5371 16383 1175 1283 1295 1239 17 417 8186 8185 8185 8185 8185 8186 
1383 1344 5374 16383 1175 1285 1299 1244 23 419 8186 8185 8185 8185 8185 8186 
1368 1327 5379 16383 1175 1283 1298 1243 0 419 8186 8185 8185 8185 8185 8186 
1396 1442 5367 16383 1177 1284 1298 1243 28 419 8187 8186 8186 8186 8186 8187 
1399 1353 5370 16383 1177 1286 1301 1245 16 417 8186 8185 8185 8185 8185 8186 
1592 1669 5367 16383 1175 1284 1299 1239 21 418 8185 8184 8184 8184 8184 8185 
1376 1342 5380 16383 1175 1285 1299 1241 0 418 8186 8185 8185 8185 8185 8186 
1370 1379 5371 16383 1177 1286 1301 1243 37 419 8186 8185 8185 8185 8185 8186 
1434 1403 5381 16383 1175 1283 1298 1242 15 416 8186 8185 8185 8185 8185 8186 
1413 1340 5378 16383 1177 1285 1301 1241 0 419 8186 8185 8185 8185 8185 8186 
1426 1349 5370 16383 1175 1286 1299 1242 0 417 8186 8185 8185 8185 8185 8186 
1379 1357 5377 16383 1177 1285 1299 1243 17 417 8186 8185 8185 8185 8185 8186 
1383 1332 5383 16383 1175 1286 1300 1245 16 417 8187 8186 8186 8186 8186 8187 
1399 1330 5377 16383 1177 1285 1298 1241 15 417 8186 8185 8185 8185 8185 8186 
1379 1351 5371 16383 1175 1285 1299 1242 20 418 8186 8185 8185 8185 8185 8186 
1369 1294 5381 16383 1177 1286 1299 1242 0 419 8186 8185 8185 8185 8185 8186 
1401 1278 5371 16383 1173 1285 1299 1242 45 417 8185 8184 8184 8184 8184 8185 
1442 1419 5373 16383 1177 1287 1299 1243 16 417 8186 8185 8185 8185 8185 8186 
1369 1359 5384 16383 1179 1287 1299 1243 36 418 8186 8185 8185 8185 8185 8186 
1437 1403 5381 16383 1175 1286 1299 1243 14 417 8186 8185 8185 8185 8185 8186 
1407 1381 5379 16383 1178 1286 1299 1243 13 417 8187 8186 8186 8186 8186 8187 
1410 1367 5376 16383 1177 1285 1299 1243 16 417 8186 8185 8185 8185 8185 8186 
1401 1386 5380 16383 1177 1284 1299 1242 29 419 8186 8185 8185 8185 8185 8186 
1358 1367 5378 16383 1175 1284 1299 1243 35 418 8186 8185 8185 8185 8185 8186 
1391 1327 5384 16383 1175 1285 1299 1243 12 417 8186 8185 8185 8185 8185 8186 
1411 1357 5381 16383 1178 1287 1302 1243 0 417 8186 8185 8185 8185 8185 8186 
1363 1327 5382 16383 1175 1284 1299 1242 14 417 8186 8185 8185 8185 8185 8186 
1367 1365 5377 16383 1177 1285 1298 1244 21 418 8186 8185 8185 8185 8185 8186 
1338 1274 5377 16383 1175 1283 1300 1243 0 417 8186 8185 8185 8185 8185 8186 
1423 1348 5373 16383 1177 1286 1298 1242 13 418 8186 8185 8185 8185 8185 8186 
1392 1477 5373 16383 1175 1285 1299 1244 40 417 8186 8185 8185 8185 8185 8186 
1363 1363 5379 16383 1175 1284 1299 1241 18 418 8185 8184 8184 8184 8184 8185 
1445 1358 5375 16383 1177 1286 1301 1243 0 418 8186 8185 8185 8185 8185 8186 
1340 1403 5369 16383 1177 1286 1298 1242 67 418 8186 8185 8185 8185 8185 8186 
1393 1364 5367 16383 1175 1285 1299 1243 14 416 8186 8185 8185 8185 8185 8186 
1379 1383 5383 16383 1178 1285 1299 1243 19 418 8187 8186 8186 8186 8186 8187 
1378 1493 5367 16383 1174 1283 1297 1241 45 417 8187 8186 8186 8186 8186 8187 
1371 1437 5370 16383 1177 1285 1299 1244 34 418 8186 8185 8185 8185 8185 8186 
1463 1377 5371 16383 1177 1287 1300 1242 12 417 8185 8184 8184 8184 8184 8185 
1384 1354 5378 16383 1177 1287 1299 1243 14 416 8186 8185 8185 8185 8185 8186 
1433 1292 5371 16383 1175 1285 1299 1242 0 417 8186 8185 8185 8185 8185 8186 
1511 1473 5371 16383 1178 1285 1299 1243 18 417 8186 8185 8185 8185 8185 8186 
1391 1354 5374 16383 1174 1285 1299 1242 22 418 8186 8185 8185 8185 8185 8186 
1431 1439 5379 16383 1177 1285 1299 1241 18 418 8186 8185 8185 8185 8185 8186 
1405 1402 5366 16383 1177 1284 1299 1239 18 418 8186 8185 8185 8185 8185 8186 
1387 1348 5361 16383 1175 1285 1299 1242 0 418 8186 8185 8185 8185 8185 8186 
1398 1384 5377 16383 1177 1287 1301 1242 31 418 8187 8186 8186 8186 8186 8187 
1395 1354 5367 16383 1177 1285 1299 1242 0 417 8187 8186 8186 8186 8186 8187 
1490 1545 5371 16383 1175 1285 1299 1241 19 418 8186 8185 8185 8185 8185 8186 
1402 1369 5373 16383 1178 1285 1301 1244 14 417 8186 8185 8185 8185 8185 8186 
1383 1390 5373 16383 1177 1287 1301 1243 28 419 8185 8184 8184 8184 8184 8185 
1422 1447 5371 16383 1175 1285 1298 1242 17 417 8186 8185 8185 8185 8185 8186 
1398 1385 5374 16383 1177 1287 1299 1243 13 417 8186 8185 8185 8185 8185 8186 
1382 1472 5363 16383 1177 1287 1299 1245 50 417 8187 8186 8186 8186 8186 8187 
1438 1277 5373 16383 1175 1283 1295 1243 42 417 8186 8185 8185 8185 8185 8186 
1326 1457 5374 16383 1175 1287 1301 1243 0 419 8185 8184 8184 8184 8184 8185 
1370 1338 5369 16383 1177 1285 1299 1243 17 417 8186 8185 8185 8185 8185 8186 
1395 1325 5361 16383 1175 1283 1297 1243 0 418 8186 8185 8185 8185 8185 8186 
1410 1353 5364 16383 1175 1284 1297 1242 13 417 8187 8186 8186 8186 8186 8187 
1381 1338 5377 16383 1175 1285 1298 1243 0 418 8186 8185 8185 8185 8185 8186 
1369 1355 5371 16383 1175 1284 1298 1242 18 417 8186 8185 8185 8185 8185 8186 
1379 1699 5372 16383 1175 1285 1299 1242 58 417 8186 8185 8185 8185 8185 8186 
1385 1285 5369 16383 1175 1284 1297 1241 0 417 8186 8185 8185 8185 8185 8186 
1411 1498 5365 16383 1175 1285 1299 1241 25 418 8186 8185 8185 8185 8185 8186 
1432 1429 5369 16383 1175 1286 1299 1243 21 419 8187 8186 8186 8186 8186 8187 
1377 1330 5372 16383 1177 1285 1301 1243 16 418 8186 8185 8185 8185 8185 8186 
1497 1439 5369 16383 1178 1286 1299 1245 18 417 8186 8185 8186 8185 8186 8186 
1328 1364 5367 16383 1178 1286 1299 1243 23 418 8186 8185 8185 8185 8185 8186 
1377 1359 5368 16383 1175 1285 1299 1243 16 417 8187 8186 8186 8186 8186 8187 
1405 1337 5364 16383 1177 1287 1301 1243 14 416 8186 8185 8185 8185 8185 8186 
1464 1347 5364 16383 1178 1287 1299 1245 0 418 8187 8186 8186 8186 8186 8187 
1325 1353 5369 16383 1175 1284 1299 1242 17 417 8186 8185 8185 8185 8185 8186 
1422 1425 5364 16383 1175 1285 1301 1245 25 419 8187 8186 8186 8186 8186 8187 
1367 1350 5367 16383 1177 1286 1299 1244 18 417 8186 8185 8185 8185 8185 8186 
1412 1478 5362 16383 1177 1287 1299 1243 19 418 8187 8186 8186 8186 8186 8187 
1409 1359 5376 16383 1175 1285 1297 1242 0 418 8187 8186 8186 8186 8186 8187 
1361 1355 5361 16383 1177 1283 1299 1241 31 419 8187 8186 8186 8186 8186 8187 
1396 1357 5375 16383 1175 1283 1299 1239 18 418 8186 8185 8185 8185 8185 8186 
1380 1346 5370 16383 1175 1283 1297 1242 14 416 8186 8185 8185 8185 8185 8186 
1407 1343 5367 16383 1175 1283 1299 1243 0 419 8186 8185 8185 8185 8185 8186 
1369 1342 5376 16383 1175 1285 1299 1242 0 418 8186 8185 8185 8185 8185 8186 
1361 1346 5365 16383 1174 1284 1298 1241 17 418 8187 8186 8186 8186 8186 8187 
1370 1341 5374 16383 1175 1287 1299 1242 23 418 8185 8184 8184 8184 8184 8185 
1392 1323 5369 16383 1177 1283 1301 1243 0 419 8186 8185 8185 8185 8185 8186 
1368 1335 5368 16383 1177 1285 1299 1243 32 418 8187 8186 8186 8186 8186 8187 
1375 1403 5371 16383 1175 1285 1299 1241 40 417 8186 8185 8185 8185 8185 8186 
1394 1378 5368 16383 1175 1285 1299 1241 17 417 8186 8185 8185 8185 8185 8186 
1427 1491 5368 16383 1177 1287 1301 1243 28 419 8187 8186 8186 8186 8186 8187 
1400 1348 5374 16383 1174 1286 1297 1242 15 417 8186 8185 8185 8185 8185 8186 
1369 1339 5383 16383 1178 1286 1300 1243 18 417 8185 8184 8184 8184 8184 8185 
1400 1346 5369 16383 1174 1285 1295 1242 16 417 8186 8185 8185 8185 8185 8186 
1451 1311 5369 16383 1175 1283 1297 1239 54 417 8186 8185 8185 8185 8185 8186 
1379 1359 5376 16383 1177 1285 1300 1242 15 417 8186 8185 8185 8185 8185 8186 
1378 1363 5371 16383 1175 1285 1298 1242 15 417 8185 8184 8184 8184 8184 8185 
1414 1449 5382 16383 1175 1285 1299 1241 19 418 8185 8184 8184 8184 8184 8185 
1418 1373 5373 16383 1175 1287 1298 1245 16 417 8186 8185 8185 8185 8185 8186 
1359 1371 5367 16383 1174 1283 1298 1241 46 417 8186 8185 8185 8185 8185 8186 
1347 1429 5379 16383 1177 1287 1301 1245 55 417 8186 8185 8185 8185 8185 8186 
1350 1319 5373 16383 1175 1284 1298 1243 23 418 8185 8184 8184 8184 8184 8185 
1401 1313 5377 16383 1175 1285 1298 1241 0 419 8186 8185 8185 8185 8185 8186 
1398 1449 5370 16383 1174 1283 1298 1241 35 418 8186 8185 8185 8185 8185 8186 
1423 1391 5369 16383 1175 1284 1298 1242 0 417 8186 8185 8185 8185 8185 8186 
1385 1368 5376 16383 1173 1283 1299 1239 14 417 8186 8185 8185 8185 8185 8186 
1355 1262 5375 16383 1175 1285 1295 1242 43 417 8186 8185 8185 8185 8185 8186 
1412 1445 5365 16383 1175 1284 1299 1241 20 418 8186 8185 8185 8185 8185 8186 
1371 1376 5374 16383 1177 1286 1301 1243 13 417 8186 8185 8185 8185 8185 8186 
1455 1459 5366 16383 1177 1286 1299 1243 21 418 8186 8185 8185 8185 8185 8186 
1383 1342 5367 16383 1175 1285 1298 1243 13 417 8186 8185 8185 8185 8185 8186 
1555 1375 5373 16383 1178 1286 1301 1245 0 418 8186 8185 8185 8185 8185 8186 
1376 1372 5363 16383 1174 1284 1297 1242 21 418 8186 8185 8185 8185 8185 8186 
1409 1469 5367 16383 1177 1287 1303 1243 34 419 8186 8185 8185 8185 8185 8186 
1391 1346 5367 16383 1174 1283 1298 1243 14 417 8186 8185 8185 8185 8185 8186 
1417 1367 5369 16383 1175 1283 1299 1241 14 417 8187 8186 8186 8186 8186 8187 
1375 1341 5363 16383 1175 1283 1295 1241 0 417 8187 8186 8186 8186 8186 8187 
1456 1421 5371 16383 1175 1285 1299 1243 18 418 8187 8186 8186 8186 8186 8187 
1415 1351 5365 16383 1179 1287 1301 1245 16 417 8186 8185 8185 8185 8185 8186 
1394 1390 5362 16383 1175 1282 1298 1242 28 418 8187 8186 8186 8186 8186 8187 
1393 1342 5365 16383 1177 1286 1300 1244 15 417 8187 8186 8186 8186 8186 8187 
1369 1412 5365 16383 1175 1285 1299 1242 19 418 8187 8186 8186 8186 8186 8187 
1315 1441 5363 16383 1177 1283 1298 1241 101 418 8187 8186 8186 8186 8186 8187 
1379 1334 5363 16383 1175 1283 1299 1241 22 418 8187 8186 8186 8186 8186 8187 
1367 1323 5368 16383 1177 1285 1299 1243 0 418 8187 8186 8186 8186 8186 8187 
1411 1343 5372 16383 1175 1284 1297 1239 0 418 8187 8186 8186 8186 8186 8187 
1391 1406 5371 16383 1175 1283 1301 1242 27 418 8187 8186 8186 8186 8186 8187 
1359 1330 5364 16383 1177 1283 1297 1242 14 417 8187 8186 8186 8186 8186 8187 
1503 1478 5379 16383 1178 1285 1299 1243 15 416 8187 8186 8186 8186 8186 8187 
1369 1337 5373 16383 1177 1284 1298 1241 19 418 8187 8186 8186 8186 8186 8187 
1369 1330 5367 16383 1175 1286 1297 1241 19 418 8187 8186 8186 8186 8186 8187 
1361 1380 5369 16383 1175 1287 1301 1244 36 418 8187 8186 8186 8186 8186 8187 
1370 1339 5365 16383 1175 1286 1299 1242 16 418 8187 8186 8186 8186 8186 8187 
1408 1347 5364 16383 1175 1283 1295 1239 0 417 8187 8186 8186 8186 8186 8187 
1448 1351 5376 16383 1175 1284 1297 1241 15 417 8187 8186 8186 8186 8186 8187 
1323 2262 5373 16383 1175 1283 1297 1241 159 417 8187 8186 8186 8186 8186 8187 
1358 1386 5370 16383 1177 1285 1299 1241 38 418 8187 8186 8186 8186 8186 8187 
1377 1354 5365 16383 1178 1287 1299 1243 21 418 8187 8186 8186 8186 8186 8187 
1398 1407 5364 16383 1177 1285 1299 1242 18 418 8187 8186 8186 8186 8186 8187 
1362 1347 5367 16383 1177 1285 1299 1242 19 418 8187 8186 8186 8186 8186 8187 
1596 1479 5362 16383 1177 1284 1299 1242 17 417 8187 8186 8186 8186 8186 8187 
1329 1436 5377 16383 1177 1285 1299 1242 55 417 8187 8186 8186 8186 8186 8187 
1391 1386 5368 16383 1178 1286 1301 1242 17 417 8187 8186 8186 8186 8186 8187 
1403 1363 5370 16383 1175 1287 1299 1243 15 417 8187 8186 8186 8186 8186 8187 
1403 1342 5379 16383 1175 1285 1298 1241 13 417 8187 8186 8186 8186 8186 8187 
1411 1375 5378 16383 1175 1285 1298 1242 14 417 8187 8186 8186 8186 8186 8187 
1375 1342 5379 16383 1177 1284 1299 1241 17 417 8187 8186 8186 8186 8186 8187 
1351 1353 5370 16383 1175 1286 1299 1243 27 418 8186 8185 8186 8186 8186 8187 
1303 1515 5379 16383 1175 1286 1299 1243 17 417 8187 8186 8186 8186 8186 8187 
1374 1339 5377 16383 1179 1286 1300 1243 14 417 8187 8186 8186 8186 8186 8187 
1377 1380 5376 16383 1175 1285 1298 1242 19 418 8187 8186 8186 8186 8186 8187 
1411 1395 5366 16383 1175 1284 1298 1239 18 418 8187 8186 8186 8186 8186 8187 
1407 1341 5377 16383 1175 1284 1298 1241 0 419 8187 8186 8186 8186 8186 8187 
1510 1505 5379 16383 1175 1284 1297 1241 25 418 8187 8186 8186 8186 8186 8187 
1367 1366 5381 16383 1175 1284 1299 1239 38 418 8187 8186 8186 8186 8186 8187 
1355 1351 5366 16383 1177 1285 1301 1244 24 418 8187 8186 8186 8186 8186 8187 
1390 1354 5369 16383 1175 1286 1299 1241 16 417 8186 8185 8185 8185 8185 8186 
1373 1363 5376 16383 1175 1282 1298 1243 24 418 8187 8186 8186 8186 8186 8187 
1384 1353 5373 16383 1175 1285 1299 1242 14 417 8187 8186 8186 8186 8186 8187 
1390 1354 5367 16383 1177 1287 1299 1243 14 417 8187 8186 8186 8186 8186 8187 
1375 1295 5378 16383 1177 1285 1298 1242 0 417 8186 8185 8185 8185 8185 8186 
1466 1261 5374 16383 1178 1286 1299 1241 18 418 8186 8185 8185 8185 8185 8186 
1369 1333 5371 16383 1175 1285 1295 1239 19 418 8187 8186 8186 8186 8186 8187 
1361 1357 5369 16383 1175 1285 1299 1240 23 418 8186 8185 8185 8185 8185 8186 
1403 1354 5371 16383 1175 1285 1300 1242 0 418 8186 8185 8185 8185 8185 8186 
1386 1399 5373 16383 1173 1285 1299 1239 17 418 8187 8186 8186 8186 8186 8187 
1391 1398 5371 16383 1175 1285 1299 1243 23 418 8186 8185 8185 8185 8185 8186 
1364 1330 5370 16383 1177 1286 1299 1242 15 417 8186 8185 8185 8185 8185 8186 
1383 1451 5378 16383 1179 1286 1301 1242 36 418 8187 8186 8186 8186 8186 8187 
1364 1350 5367 16383 1175 1286 1299 1241 17 417 8187 8186 8186 8186 8186 8187 
1439 1558 5376 16383 1175 1285 1299 1242 28 419 8187 8186 8186 8186 8186 8187 
1339 1445 5367 16383 1174 1283 1299 1241 45 417 8186 8185 8185 8185 8185 8186 
1417 1426 5377 16383 1177 1285 1299 1242 18 418 8187 8186 8186 8186 8186 8187 
1463 1425 5377 16383 1175 1286 1299 1243 21 418 8187 8186 8186 8186 8186 8187 
1374 1340 5382 16383 1177 1285 1298 1241 22 418 8186 8185 8185 8185 8185 8186 
1357 1358 5368 16383 1175 1285 1297 1242 21 418 8186 8185 8185 8185 8185 8186 
1445 1447 5379 16383 1175 1284 1298 1239 16 416 8186 8185 8185 8185 8185 8186 
1357 1402 5377 16383 1175 1284 1301 1242 35 418 8186 8185 8185 8185 8185 8186 
1401 1367 5377 16383 1177 1287 1299 1243 15 416 8186 8185 8185 8185 8185 8186 
1421 1319 5373 16383 1175 1285 1299 1241 0 419 8187 8186 8186 8186 8186 8187 
1377 1354 5376 16383 1174 1283 1298 1241 17 417 8187 8186 8186 8186 8186 8187 
1369 1333 5375 16383 1177 1285 1297 1242 13 416 8187 8186 8186 8186 8186 8187 
1419 1421 5379 16383 1175 1285 1300 1243 30 419 8187 8186 8186 8186 8186 8187 
1372 1329 5381 16383 1177 1285 1298 1242 23 419 8187 8186 8186 8186 8186 8187 
1367 1317 5383 16383 1174 1285 1299 1242 21 418 8186 8185 8185 8185 8185 8186 
1395 1401 5381 16383 1177 1286 1299 1243 21 418 8187 8186 8186 8186 8186 8187 
1370 1423 5378 16383 1175 1286 1298 1242 34 418 8187 8186 8186 8186 8186 8187 
1477 1353 5379 16383 1177 1287 1299 1242 12 417 8187 8186 8186 8186 8186 8187 
1393 1356 5370 16383 1175 1285 1295 1241 23 418 8187 8186 8186 8186 8186 8187 
1353 1349 5373 16383 1179 1286 1301 1243 19 418 8186 8185 8185 8185 8185 8186 
1377 1363 5385 16383 1175 1285 1297 1241 16 418 8187 8186 8186 8186 8186 8187 
1377 1453 5373 16383 1178 1285 1299 1242 31 419 8187 8186 8186 8186 8186 8187 
1386 1358 5373 16383 1177 1285 1299 1243 15 417 8187 8186 8186 8186 8186 8187 
1391 1346 5369 16383 1175 1285 1298 1243 0 417 8187 8186 8186 8186 8186 8187 
1323 1266 5372 16383 1178 1286 1300 1242 68 418 8187 8186 8186 8186 8186 8187 
1373 1545 5384 16383 1178 1286 1300 1243 31 418 8187 8186 8186 8186 8186 8187 
1376 1375 5380 16383 1177 1287 1299 1243 31 419 8187 8186 8186 8186 8186 8187 
1381 1386 5385 16383 1175 1285 1295 1241 19 418 8186 8185 8185 8185 8185 8186 
1385 1337 5381 16383 1177 1286 1298 1243 13 417 8187 8186 8186 8186 8186 8187 
1398 1339 5383 16383 1175 1287 1298 1243 0 418 8187 8186 8186 8186 8186 8187 
1471 1373 5379 16383 1177 1286 1298 1242 0 418 8187 8186 8186 8186 8186 8187 
1370 1363 5371 16383 1175 1283 1299 1241 23 418 8187 8186 8186 8186 8186 8187 
1380 1396 5382 16383 1177 1283 1298 1239 21 418 8187 8186 8186 8186 8186 8187 
1430 1364 5378 16383 1175 1282 1298 1241 0 417 8187 8186 8186 8186 8186 8187 
1437 1359 5373 16383 1175 1287 1298 1242 0 419 8187 8186 8186 8186 8186 8187 
1322 1292 5371 16383 1178 1285 1298 1241 12 417 8187 8186 8186 8186 8186 8187 
1401 1380 5386 16383 1178 1283 1299 1244 16 417 8187 8186 8186 8186 8186 8187 
1425 1549 5385 16383 1177 1286 1299 1243 17 417 8186 8185 8185 8185 8185 8186 
1395 1497 5370 16383 1178 1285 1299 1243 18 418 8187 8186 8186 8186 8186 8187 
1434 1415 5378 16383 1175 1285 1299 1243 16 417 8187 8186 8186 8186 8186 8187 
1370 1351 5369 16383 1177 1286 1301 1243 24 418 8187 8186 8186 8186 8186 8187 
1329 1401 5376 16383 1175 1285 1295 1242 27 418 8187 8186 8186 8186 8186 8187 
1433 1397 5383 16383 1177 1285 1299 1243 17 417 8186 8185 8185 8185 8185 8186 
1405 1437 5371 16383 1175 1283 1298 1242 16 417 8187 8186 8186 8186 8186 8187 
1381 1347 5386 16383 1177 1287 1301 1245 27 419 8187 8186 8186 8186 8186 8187 
1390 1365 5382 16383 1177 1286 1299 1243 17 417 8187 8186 8186 8186 8186 8187 
1380 1343 5373 16383 1177 1284 1299 1243 13 416 8186 8185 8185 8185 8185 8186 
1388 1338 5371 16383 1175 1283 1297 1241 14 417 8187 8186 8186 8186 8186 8187 
1402 1527 5379 16383 1177 1286 1299 1243 26 419 8186 8185 8185 8185 8185 8186 
1375 1367 5375 16383 1177 1287 1297 1242 22 418 8187 8186 8186 8186 8186 8187 
1383 1326 5381 16383 1175 1283 1299 1241 13 417 8187 8186 8186 8186 8186 8187 
1435 1433 5378 16383 1175 1283 1295 1241 17 417 8186 8185 8185 8185 8185 8186 
1367 1347 5374 16383 1175 1285 1298 1242 23 418 8187 8186 8186 8186 8186 8187 
1383 1441 5376 16383 1177 1287 1301 1243 40 417 8187 8186 8186 8186 8186 8187 
1391 1353 5374 16383 1178 1285 1301 1243 19 418 8187 8186 8186 8186 8186 8187 
1363 1397 5383 16383 1177 1285 1298 1241 14 417 8187 8186 8186 8186 8186 8187 
1375 1359 5373 16383 1175 1285 1297 1242 16 417 8186 8185 8185 8185 8185 8186 
1383 1383 5384 16383 1177 1285 1299 1242 30 419 8187 8186 8186 8186 8186 8187 
1384 1394 5378 16383 1175 1285 1298 1243 19 418 8186 8185 8185 8185 8185 8186 
1397 1357 5382 16383 1175 1285 1299 1243 0 418 8187 8186 8186 8186 8186 8187 
1377 1378 5377 16383 1177 1285 1299 1241 16 417 8187 8186 8186 8186 8186 8187 
1369 1340 5372 16383 1175 1287 1299 1243 14 417 8187 8186 8186 8186 8186 8187 
1397 1370 5385 16383 1178 1287 1301 1243 14 416 8187 8186 8186 8186 8186 8187 
1452 1470 5374 16383 1175 1283 1299 1241 18 418 8187 8186 8186 8186 8186 8187 
1388 1345 5371 16383 1177 1286 1300 1243 13 417 8187 8186 8186 8186 8186 8187 
1386 1387 5373 16383 1177 1287 1301 1245 18 417 8187 8186 8186 8186 8186 8187 
1390 1417 5375 16383 1177 1285 1299 1243 26 419 8186 8185 8185 8185 8185 8186 
1402 1330 5377 16383 1180 1287 1301 1243 13 417 8187 8186 8186 8186 8186 8187 
1379 1347 5376 16383 1176 1285 1298 1241 20 418 8187 8186 8186 8186 8186 8187 
1329 1286 5383 16383 1177 1287 1299 1243 77 417 8187 8186 8186 8186 8186 8187 
1387 1359 5377 16383 1177 1285 1299 1241 17 417 8187 8186 8186 8186 8186 8187 
1378 1401 5379 16383 1175 1285 1299 1239 23 418 8187 8186 8186 8186 8186 8187 
1607 1393 5381 16383 1178 1286 1299 1243 0 419 8186 8185 8185 8185 8185 8186 
1441 1551 5385 16383 1178 1287 1299 1241 25 418 8187 8186 8186 8186 8186 8187 
1377 1367 5382 16383 1174 1285 1297 1239 17 417 8187 8186 8186 8186 8186 8187 
1335 1486 5370 16383 1175 1284 1298 1241 60 417 8186 8185 8185 8185 8185 8186 
1369 1351 5374 16383 1177 1287 1301 1245 16 417 8186 8185 8185 8185 8185 8186 
1378 1385 5372 16383 1175 1285 1299 1241 18 418 8186 8185 8185 8185 8185 8186 
1465 1302 5369 16383 1177 1284 1299 1243 61 417 8187 8186 8186 8186 8186 8187 
1505 1421 5370 16383 1174 1283 1295 1239 14 416 8187 8186 8186 8186 8186 8187 
1365 1399 5378 16383 1177 1285 1298 1241 22 418 8186 8185 8185 8185 8185 8186 
1375 1361 5371 16383 1175 1285 1297 1243 29 418 8186 8185 8185 8185 8185 8186 
1451 1478 5369 16383 1177 1285 1299 1242 14 417 8187 8186 8186 8186 8186 8187 
1373 1327 5371 16383 1175 1286 1298 1242 14 416 8186 8185 8185 8185 8185 8186 
1361 1359 5363 16383 1175 1285 1298 1241 34 418 8187 8186 8186 8186 8186 8187 
1454 1374 5379 16383 1177 1286 1297 1242 15 416 8186 8185 8185 8185 8185 8186 
1394 1467 5374 16383 1177 1285 1295 1241 22 418 8186 8185 8185 8185 8185 8186 
1423 1319 5372 16383 1175 1285 1297 1241 0 418 8186 8185 8185 8185 8185 8186 
1394 1375 5370 16383 1177 1284 1301 1243 12 417 8185 8184 8184 8184 8184 8185 
1379 1348 5365 16383 1175 1284 1299 1240 0 419 8186 8185 8185 8185 8185 8186 
1415 1604 5372 16383 1175 1285 1300 1241 30 419 8186 8185 8185 8185 8185 8186 
1631 1271 5367 16383 1175 1283 1295 1239 0 418 8186 8185 8185 8185 8185 8186 
1411 1415 5377 16383 1175 1283 1299 1239 19 418 8186 8185 8185 8185 8185 8186 
1376 1377 5373 16383 1175 1285 1298 1241 18 418 8186 8185 8185 8185 8185 8186 
1360 1345 5365 16383 1175 1286 1299 1243 16 417 8187 8186 8186 8186 8186 8187 
1459 1349 5376 16383 1177 1285 1299 1241 25 418 8187 8186 8186 8186 8186 8187 
1374 1377 5367 16383 1175 1286 1299 1243 30 419 8186 8185 8185 8185 8185 8186 
1434 1410 5376 16383 1176 1287 1301 1243 15 417 8187 8186 8186 8186 8186 8187 
1419 1387 5368 16383 1178 1287 1300 1243 15 417 8186 8185 8185 8185 8185 8186 
1440 1377 5379 16383 1175 1285 1299 1242 13 417 8186 8185 8185 8185 8185 8186 
1403 1387 5367 16383 1174 1284 1298 1241 27 419 8186 8185 8185 8185 8185 8186 
1435 1395 5367 16383 1177 1285 1300 1243 0 418 8185 8184 8184 8184 8184 8185 
1444 1402 5369 16383 1175 1287 1299 1242 17 417 8186 8185 8185 8185 8185 8186 
1409 1387 5376 16383 1175 1285 1299 1241 19 418 8185 8184 8184 8184 8184 8185 
1431 1414 5375 16383 1176 1285 1299 1243 14 417 8186 8185 8185 8185 8185 8186 
1379 1343 5370 16383 1178 1285 1301 1243 13 418 8186 8185 8185 8185 8185 8186 
1374 1330 5377 16383 1177 1287 1299 1243 18 418 8185 8184 8184 8184 8184 8185 
1411 1278 5366 16383 1175 1284 1298 1241 0 417 8187 8186 8186 8186 8186 8187 
1472 1347 5362 16383 1175 1285 1298 1243 0 418 8186 8185 8185 8185 8185 8186 
1383 1323 5364 16383 1177 1285 1300 1242 0 418 8186 8185 8185 8185 8185 8186 
1451 1345 5371 16383 1176 1285 1299 1241 18 417 8186 8185 8185 8185 8185 8186 
1368 1356 5376 16383 1178 1286 1297 1243 27 419 8186 8185 8185 8185 8185 8186 
1458 1387 5359 16383 1175 1284 1299 1242 0 418 8186 8185 8185 8185 8185 8186 
1409 1446 5365 16383 1175 1285 1299 1242 19 418 8186 8185 8185 8185 8185 8186 
1375 1332 5367 16383 1177 1285 1299 1242 19 418 8185 8184 8184 8184 8184 8185 
1429 1357 5376 16383 1175 1286 1298 1243 0 419 8186 8185 8185 8185 8185 8186 
1416 1441 5371 16383 1179 1284 1299 1242 30 419 8187 8186 8186 8186 8186 8187 
1367 1367 5365 16383 1175 1284 1299 1241 40 418 8186 8185 8185 8185 8185 8186 
1519 1423 5374 16383 1175 1287 1301 1243 19 418 8185 8184 8184 8184 8184 8185 
1315 1271 5365 16383 1175 1283 1299 1239 0 418 8186 8185 8185 8185 8185 8186 
1453 1329 5373 16383 1178 1286 1298 1243 0 419 8186 8185 8185 8185 8185 8186 
1358 1357 5371 16383 1175 1284 1299 1243 17 418 8186 8185 8185 8185 8185 8186 
1327 1289 5361 16383 1174 1285 1295 1241 21 418 8186 8185 8185 8185 8185 8186 
1477 1282 5361 16383 1177 1285 1299 1241 32 419 8186 8185 8185 8185 8185 8186 
1397 1303 5370 16383 1177 1286 1299 1241 0 417 8186 8185 8185 8185 8185 8186 
1440 1359 5367 16383 1177 1287 1302 1243 0 418 8187 8186 8186 8186 8186 8187 
1428 1299 5372 16383 1177 1289 1299 1242 0 417 8186 8185 8185 8185 8185 8186 
1395 1374 5371 16383 1177 1285 1299 1243 19 418 8187 8186 8186 8186 8186 8187 
1367 1463 5376 16383 1175 1283 1299 1241 57 417 8186 8185 8185 8185 8185 8186 
1374 1337 5367 16383 1174 1285 1298 1241 16 417 8187 8186 8186 8186 8186 8187 
1454 1345 5365 16383 1177 1285 1298 1242 0 418 8186 8185 8185 8185 8185 8186 
1403 1367 5379 16383 1178 1286 1299 1243 17 418 8186 8185 8185 8185 8185 8186 
1362 1419 5367 16383 1174 1285 1298 1242 38 418 8187 8186 8186 8186 8186 8187 
1405 1332 5376 16383 1177 1285 1297 1241 0 418 8186 8185 8185 8185 8185 8186 
1466 1433 5367 16383 1177 1284 1298 1243 24 419 8187 8186 8186 8186 8186 8187 
1363 1341 5373 16383 1177 1285 1299 1240 18 417 8187 8186 8186 8186 8186 8187 
1505 1310 5363 16383 1175 1285 1299 1243 0 417 8187 8186 8186 8186 8186 8187 
1379 1356 5369 16383 1175 1285 1298 1242 27 419 8186 8185 8185 8185 8185 8186 
1365 1386 5367 16383 1177 1287 1298 1243 25 418 8186 8185 8185 8185 8185 8186 
