1345 1319 6102 16383 1171 1281 1299 1243 1207 1735 4098 4097 4097 4097 4097 4098 
1344 1295 6110 16383 1171 1279 1297 1241 1199 1736 4098 4097 4098 4098 4098 4099 
1344 1317 6118 16383 1173 1280 1295 1241 1192 1735 4098 4097 4097 4097 4097 4098 
1339 1291 6101 16383 1173 1281 1297 1241 1197 1736 4097 4096 4096 4096 4096 4097 
1337 1318 6109 16383 1174 1281 1298 1243 1205 1736 4098 4097 4097 4097 4097 4098 
1359 1306 6103 16383 1172 1280 1297 1242 1200 1736 4097 4096 4096 4096 4096 4097 
1383 1341 6105 16383 1173 1282 1298 1243 1203 1736 4098 4097 4097 4097 4097 4098 
1345 1313 6101 16383 1175 1282 1298 1243 1203 1736 4098 4097 4097 4097 4097 4098 
1421 1387 6103 16383 1174 1282 1298 1243 1207 1736 4098 4097 4097 4097 4097 4098 
1370 1301 6112 16383 1173 1280 1298 1241 1195 1734 4098 4097 4097 4097 4097 4098 
1337 1303 6101 16383 1170 1280 1295 1241 1204 1735 4098 4097 4097 4097 4097 4098 
1343 1327 6104 16383 1175 1283 1298 1242 1221 1736 4097 4096 4096 4096 4096 4097 
1371 1346 6105 16383 1173 1279 1295 1239 1201 1735 4098 4097 4097 4097 4097 4098 
1346 1298 6111 16383 1173 1282 1297 1241 1213 1735 4098 4097 4097 4097 4097 4098 
1340 1310 6106 16383 1175 1282 1297 1241 1210 1735 4098 4097 4097 4097 4097 4098 
1404 1295 6105 16383 1173 1280 1297 1241 1181 1736 4098 4097 4097 4097 4097 4098 
1347 1317 6115 16383 1173 1281 1298 1240 1212 1736 4098 4097 4097 4097 4097 4098 
1359 1330 6116 16383 1172 1282 1297 1241 1211 1735 4098 4097 4097 4097 4097 4098 
1347 1468 6111 16383 1173 1280 1298 1241 1245 1736 4098 4097 4097 4097 4097 4098 
1388 1306 6107 16383 1173 1282 1295 1241 1185 1735 4098 4097 4097 4097 4097 4098 
1370 1316 6113 16383 1173 1282 1299 1242 1207 1736 4098 4097 4097 4097 4097 4098 
1350 1315 6113 16383 1174 1283 1299 1241 1198 1735 4098 4097 4097 4097 4097 4098 
1358 1343 6112 16383 1175 1281 1298 1241 1222 1736 4098 4097 4097 4097 4097 4098 
1346 1319 6099 16383 1173 1280 1297 1239 1216 1735 4098 4097 4097 4097 4097 4098 
1353 1349 6095 16383 1173 1279 1298 1241 1222 1736 4099 4098 4098 4098 4098 4099 
1362 1311 6113 16383 1174 1281 1295 1242 1196 1736 4098 4097 4097 4097 4097 4098 
1394 1335 6102 16383 1173 1281 1295 1239 1194 1736 4098 4097 4097 4097 4097 4098 
1342 1300 6103 16383 1174 1282 1298 1241 1193 1736 4098 4097 4097 4097 4097 4098 
1352 1318 6108 16383 1173 1280 1298 1241 1197 1736 4098 4097 4097 4097 4097 4098 
1353 1307 6112 16383 1173 1282 1295 1242 1205 1736 4098 4097 4097 4097 4097 4098 
1372 1286 6098 16383 1175 1281 1295 1239 1164 1735 4099 4098 4098 4098 4098 4099 
1374 1300 6095 16383 1173 1282 1297 1243 1189 1735 4098 4097 4097 4097 4097 4098 
1346 1319 6097 16383 1172 1279 1295 1239 1207 1736 4099 4098 4098 4098 4098 4099 
1363 1380 6113 16383 1175 1283 1295 1239 1220 1736 4098 4097 4097 4097 4097 4098 
1369 1333 6101 16383 1173 1281 1295 1239 1202 1736 4098 4097 4097 4097 4097 4098 
1359 1298 6105 16383 1175 1283 1299 1242 1174 1735 4097 4096 4096 4096 4096 4097 
1386 1388 6098 16383 1173 1280 1297 1242 1216 1736 4097 4096 4096 4096 4096 4097 
1359 1349 6102 16383 1171 1282 1297 1239 1219 1736 4098 4097 4097 4097 4097 4098 
1345 1307 6104 16383 1174 1282 1299 1241 1213 1736 4098 4097 4097 4097 4097 4098 
1362 1508 6105 16383 1172 1281 1295 1239 1238 1735 4098 4097 4097 4097 4097 4098 
1352 1307 6107 16383 1174 1282 1299 1239 1202 1736 4098 4097 4097 4097 4097 4098 
1364 1332 6107 16383 1174 1281 1299 1243 1200 1736 4098 4097 4097 4097 4097 4098 
1339 1307 6097 16383 1172 1280 1295 1239 1217 1736 4098 4097 4097 4097 4097 4098 
1343 1330 6111 16383 1175 1282 1299 1242 1217 1735 4097 4096 4096 4096 4096 4097 
1342 1342 6107 16383 1175 1281 1298 1243 1225 1736 4098 4097 4097 4097 4097 4098 
1352 1331 6100 16383 1173 1281 1295 1241 1198 1736 4098 4097 4097 4097 4097 4098 
1353 1310 6097 16383 1175 1283 1299 1243 1195 1735 4097 4096 4096 4096 4096 4097 
1349 1306 6095 16383 1172 1281 1295 1240 1207 1736 4098 4097 4097 4097 4097 4098 
1348 1334 6097 16383 1174 1281 1295 1240 1215 1736 4098 4097 4097 4097 4097 4098 
1333 1303 6094 16383 1175 1281 1297 1241 1210 1735 4098 4097 4097 4097 4097 4098 
1349 1308 6112 16383 1173 1281 1299 1243 1202 1736 4097 4096 4096 4096 4096 4097 
1367 1330 6100 16383 1175 1282 1298 1241 1206 1736 4098 4097 4097 4097 4097 4098 
1337 1320 6095 16383 1172 1281 1298 1241 1213 1736 4098 4097 4097 4097 4097 4098 
1351 1318 6107 16383 1175 1283 1299 1241 1204 1736 4098 4097 4097 4097 4097 4098 
1371 1347 6111 16383 1173 1281 1298 1239 1214 1736 4098 4097 4097 4097 4097 4098 
1348 1309 6111 16383 1172 1279 1295 1241 1199 1736 4098 4097 4097 4097 4097 4098 
1375 1346 6094 16383 1175 1282 1300 1242 1207 1735 4098 4097 4097 4097 4097 4098 
1348 1315 6095 16383 1175 1283 1301 1243 1205 1736 4097 4096 4096 4096 4096 4097 
1347 1353 6111 16383 1173 1283 1297 1243 1206 1736 4098 4097 4097 4097 4097 4098 
1408 1267 6093 16383 1175 1282 1298 1243 1157 1736 4098 4097 4097 4097 4097 4098 
1379 1302 6094 16383 1172 1282 1298 1241 1194 1736 4098 4097 4097 4097 4097 4098 
1345 1303 6095 16383 1174 1282 1299 1242 1210 1736 4098 4097 4097 4097 4097 4098 
1375 1316 6103 16383 1174 1282 1295 1241 1189 1736 4098 4097 4097 4097 4097 4098 
1345 1314 6093 16383 1175 1281 1298 1242 1202 1736 4098 4097 4097 4097 4097 4098 
1351 1315 6094 16383 1177 1283 1301 1243 1200 1736 4098 4097 4097 4097 4097 4098 
1347 1377 6103 16383 1174 1281 1297 1239 1262 1736 4098 4097 4097 4097 4097 4098 
1347 1355 6094 16383 1175 1282 1298 1242 1212 1736 4098 4097 4097 4097 4097 4098 
1350 1306 6091 16383 1173 1283 1297 1241 1184 1736 4098 4097 4097 4097 4097 4098 
1409 1351 6103 16383 1173 1281 1298 1241 1192 1734 4098 4097 4097 4097 4097 4098 
1333 1317 6091 16383 1173 1282 1299 1243 1222 1736 4098 4097 4097 4097 4097 4098 
1345 1330 6103 16383 1173 1282 1297 1241 1213 1735 4097 4096 4096 4096 4096 4097 
1377 1426 6097 16383 1173 1282 1297 1241 1212 1736 4097 4096 4096 4096 4096 4097 
1350 1301 6095 16383 1173 1281 1299 1239 1200 1736 4098 4097 4097 4097 4097 4098 
1385 1343 6111 16383 1173 1282 1301 1243 1204 1736 4098 4097 4097 4097 4097 4098 
1361 1335 6107 16383 1173 1282 1298 1239 1211 1736 4098 4097 4097 4097 4097 4098 
1357 1315 6099 16383 1174 1279 1299 1241 1191 1736 4098 4097 4097 4097 4097 4098 
1367 1322 6100 16383 1175 1281 1297 1239 1201 1736 4098 4097 4097 4097 4097 4098 
1365 1310 6103 16383 1173 1282 1299 1243 1201 1736 4098 4097 4097 4097 4098 4098 
1350 1313 6089 16383 1174 1281 1295 1239 1206 1736 4099 4098 4098 4098 4098 4099 
1358 1314 6089 16383 1173 1280 1295 1239 1202 1736 4098 4097 4097 4097 4097 4098 
1341 1307 6095 16383 1174 1282 1298 1239 1206 1736 4098 4097 4097 4097 4097 4098 
1354 1422 6087 16383 1175 1282 1298 1241 1215 1736 4098 4097 4097 4097 4097 4098 
1341 1325 6098 16383 1175 1284 1299 1243 1209 1736 4098 4097 4097 4097 4097 4098 
1361 1299 6097 16383 1173 1281 1298 1241 1195 1735 4098 4097 4097 4097 4097 4098 
1355 1295 6106 16383 1174 1281 1298 1239 1194 1737 4097 4096 4096 4096 4096 4097 
1347 1309 6095 16383 1173 1280 1295 1241 1218 1736 4098 4097 4097 4097 4097 4098 
1345 1335 6097 16383 1175 1281 1298 1241 1236 1735 4098 4097 4097 4097 4097 4098 
1366 1346 6101 16383 1173 1283 1299 1241 1206 1736 4098 4097 4097 4097 4097 4098 
1439 1367 6099 16383 1173 1281 1295 1239 1207 1736 4098 4097 4097 4097 4097 4098 
1351 1330 6097 16383 1173 1281 1299 1241 1198 1736 4098 4097 4097 4097 4097 4098 
1349 1343 6093 16383 1175 1283 1299 1242 1221 1736 4098 4097 4097 4097 4097 4098 
1343 1332 6092 16383 1175 1282 1297 1241 1214 1736 4098 4097 4097 4097 4097 4098 
1362 1359 6098 16383 1174 1283 1298 1241 1225 1736 4098 4097 4097 4097 4097 4098 
1357 1395 6098 16383 1173 1282 1298 1242 1227 1736 4097 4096 4096 4096 4096 4097 
1385 1447 6091 16383 1175 1283 1299 1243 1223 1736 4098 4097 4097 4097 4097 4098 
1363 1330 6107 16383 1174 1282 1295 1239 1195 1736 4098 4097 4097 4097 4097 4098 
1357 1361 6089 16383 1175 1281 1298 1241 1221 1736 4098 4097 4097 4097 4097 4098 
1361 1339 6103 16383 1174 1281 1295 1242 1211 1736 4098 4097 4097 4097 4097 4098 
1347 1319 6109 16383 1173 1281 1297 1241 1205 1736 4097 4096 4096 4096 4096 4097 
1357 1363 6112 16383 1175 1283 1298 1243 1223 1735 4098 4097 4097 4097 4097 4098 
1389 1405 6110 16383 1174 1283 1298 1241 1199 1736 4098 4097 4098 4098 4098 4099 
1412 1362 6102 16383 1173 1280 1295 1241 1192 1736 4098 4097 4097 4097 4097 4098 
1433 1335 6100 16383 1174 1282 1299 1241 1183 1736 4098 4097 4097 4097 4097 4098 
1379 1305 6094 16383 1174 1281 1298 1243 1190 1736 4098 4097 4097 4097 4097 4098 
1339 1295 6107 16383 1174 1283 1299 1239 1201 1736 4098 4097 4097 4097 4097 4098 
1359 1298 6087 16383 1174 1283 1299 1241 1191 1736 4098 4097 4097 4097 4097 4098 
1366 1314 6099 16383 1174 1281 1299 1243 1199 1736 4098 4097 4097 4097 4097 4098 
1383 1335 6109 16383 1175 1282 1300 1242 1211 1736 4098 4097 4097 4097 4097 4098 
1351 1335 6109 16383 1175 1283 1299 1241 1198 1736 4098 4097 4097 4097 4097 4098 
1336 1305 6093 16383 1173 1280 1295 1241 1202 1735 4098 4097 4097 4097 4097 4098 
1347 1404 6097 16383 1173 1282 1297 1241 1220 1737 4097 4096 4096 4096 4096 4097 
1347 1293 6095 16383 1172 1282 1297 1241 1201 1736 4097 4096 4097 4096 4097 4098 
1422 1355 6111 16383 1173 1282 1295 1240 1201 1736 4098 4097 4097 4097 4097 4098 
1345 1317 6111 16383 1174 1282 1298 1243 1221 1736 4098 4097 4097 4097 4097 4098 
1340 1315 6105 16383 1175 1285 1299 1242 1215 1736 4098 4097 4097 4097 4097 4098 
1360 1320 6097 16383 1173 1281 1297 1239 1218 1735 4098 4097 4097 4097 4097 4098 
1351 1315 6093 16383 1173 1283 1298 1239 1199 1736 4098 4097 4097 4097 4097 4098 
1368 1329 6090 16383 1174 1283 1298 1243 1189 1736 4098 4097 4097 4097 4097 4098 
1350 1307 6098 16383 1175 1281 1298 1241 1203 1736 4098 4097 4097 4097 4097 4098 
1369 1338 6109 16383 1171 1282 1295 1239 1214 1736 4098 4097 4097 4097 4097 4098 
1353 1339 6105 16383 1173 1281 1297 1241 1201 1735 4097 4096 4096 4096 4096 4097 
1353 1317 6099 16383 1173 1282 1298 1242 1201 1736 4098 4097 4097 4097 4097 4098 
1417 1355 6091 16383 1175 1282 1295 1239 1200 1734 4098 4097 4097 4097 4097 4098 
1403 1377 6093 16383 1174 1281 1297 1241 1203 1736 4098 4097 4097 4097 4097 4098 
1361 1303 6090 16383 1174 1282 1297 1241 1189 1736 4098 4097 4097 4097 4097 4098 
1348 1335 6101 16383 1174 1283 1298 1243 1209 1735 4098 4097 4097 4097 4097 4098 
1411 1295 6095 16383 1174 1283 1297 1242 1189 1736 4098 4097 4097 4097 4097 4098 
1329 1269 6105 16383 1175 1283 1299 1243 1264 1735 4098 4097 4097 4097 4097 4098 
1358 1366 6093 16383 1172 1281 1295 1239 1206 1736 4098 4097 4097 4097 4097 4098 
1359 1285 6106 16383 1175 1283 1300 1243 1190 1734 4098 4097 4097 4097 4097 4098 
1369 1306 6103 16383 1174 1283 1298 1243 1191 1736 4098 4097 4097 4097 4097 4098 
1387 1366 6095 16383 1174 1281 1299 1242 1202 1736 4098 4097 4097 4097 4097 4098 
1368 1337 6107 16383 1174 1281 1298 1242 1204 1736 4098 4097 4097 4097 4097 4098 
1351 1332 6094 16383 1175 1285 1301 1243 1213 1736 4098 4097 4097 4097 4097 4098 
1318 1431 6087 16383 1173 1281 1299 1241 1276 1735 4098 4097 4097 4097 4097 4098 
1340 1295 6106 16383 1174 1282 1295 1241 1205 1736 4098 4097 4097 4097 4097 4098 
1432 1349 6086 16383 1175 1283 1299 1243 1202 1737 4098 4097 4097 4097 4097 4098 
1346 1327 6093 16383 1175 1283 1299 1243 1219 1736 4098 4097 4097 4097 4097 4098 
1325 1321 6099 16383 1174 1283 1299 1243 1246 1736 4098 4097 4097 4097 4097 4098 
1337 1320 6089 16383 1173 1281 1299 1239 1200 1736 4098 4097 4097 4097 4097 4098 
1382 1347 6097 16383 1173 1281 1295 1241 1208 1735 4097 4096 4096 4096 4096 4097 
1354 1316 6097 16383 1173 1279 1295 1239 1202 1736 4097 4096 4096 4096 4096 4097 
1358 1303 6093 16383 1175 1282 1298 1242 1215 1736 4098 4097 4097 4097 4097 4098 
1343 1291 6089 16383 1175 1283 1299 1243 1201 1736 4098 4097 4097 4097 4097 4098 
1333 1307 6098 16383 1173 1281 1295 1241 1210 1735 4098 4097 4097 4097 4097 4098 
1387 1379 6099 16383 1173 1282 1297 1242 1196 1736 4098 4097 4097 4097 4097 4098 
1343 1335 6086 16383 1171 1283 1298 1239 1218 1736 4098 4097 4097 4097 4097 4098 
1339 1311 6091 16383 1175 1283 1297 1241 1213 1736 4097 4096 4096 4096 4096 4097 
1342 1339 6095 16383 1174 1282 1295 1241 1233 1736 4098 4097 4097 4097 4097 4098 
1346 1318 6100 16383 1175 1282 1299 1241 1209 1736 4098 4097 4097 4097 4097 4098 
1354 1332 6085 16383 1173 1281 1297 1241 1199 1736 4099 4098 4098 4098 4098 4099 
1359 1309 6105 16383 1175 1283 1297 1241 1202 1736 4099 4098 4098 4098 4098 4099 
1361 1305 6085 16383 1175 1283 1299 1242 1205 1736 4099 4098 4098 4098 4098 4099 
1357 1409 6105 16383 1175 1283 1299 1241 1218 1736 4098 4097 4097 4097 4097 4098 
1382 1340 6087 16383 1175 1284 1299 1242 1198 1737 4097 4096 4096 4096 4096 4097 
1346 1320 6100 16383 1172 1280 1295 1241 1207 1736 4098 4097 4097 4097 4097 4098 
1344 1321 6087 16383 1175 1283 1299 1241 1212 1736 4098 4097 4097 4097 4097 4098 
1375 1337 6103 16383 1174 1282 1298 1242 1200 1736 4098 4097 4097 4097 4097 4098 
1342 1317 6097 16383 1175 1281 1298 1241 1199 1736 4098 4097 4097 4097 4097 4098 
1347 1339 6099 16383 1175 1283 1301 1243 1221 1736 4098 4097 4097 4097 4097 4098 
1367 1301 6093 16383 1174 1283 1298 1243 1192 1736 4098 4097 4097 4097 4097 4098 
1350 1307 6087 16383 1175 1283 1299 1241 1212 1736 4098 4097 4097 4097 4097 4098 
1352 1314 6093 16383 1174 1282 1298 1241 1198 1736 4098 4097 4097 4097 4097 4098 
1369 1341 6087 16383 1173 1281 1295 1238 1204 1737 4098 4097 4097 4097 4097 4098 
1384 1335 6090 16383 1173 1281 1298 1242 1212 1736 4098 4097 4097 4097 4097 4098 
1339 1299 6100 16383 1175 1282 1299 1243 1202 1736 4098 4097 4097 4097 4097 4098 
1375 1303 6093 16383 1173 1282 1297 1242 1185 1737 4098 4097 4097 4097 4097 4098 
1353 1308 6085 16383 1174 1281 1298 1242 1203 1736 4098 4097 4097 4097 4097 4098 
1359 1369 6106 16383 1173 1281 1297 1241 1203 1736 4098 4097 4097 4097 4097 4098 
1352 1301 6101 16383 1177 1283 1299 1242 1214 1736 4097 4096 4096 4096 4096 4097 
1348 1321 6094 16383 1173 1281 1297 1241 1210 1734 4098 4097 4097 4097 4097 4098 
1371 1303 6085 16383 1175 1282 1298 1241 1176 1737 4098 4097 4097 4097 4097 4098 
1347 1307 6095 16383 1173 1282 1298 1242 1203 1736 4097 4096 4096 4096 4096 4097 
1351 1323 6087 16383 1175 1284 1299 1242 1204 1736 4098 4097 4097 4097 4097 4098 
1345 1335 6093 16383 1175 1283 1298 1243 1203 1736 4098 4097 4097 4097 4097 4098 
1331 1325 6099 16383 1175 1282 1299 1241 1232 1736 4098 4097 4097 4097 4097 4098 
1334 1422 6093 16383 1175 1284 1299 1243 1248 1736 4098 4097 4097 4097 4097 4098 
1345 1306 6103 16383 1174 1284 1298 1242 1210 1737 4097 4096 4096 4096 4096 4097 
1346 1316 6098 16383 1175 1282 1298 1241 1203 1736 4097 4096 4096 4096 4096 4097 
1357 1311 6092 16383 1175 1285 1299 1244 1203 1736 4097 4096 4096 4096 4096 4097 
1344 1303 6103 16383 1173 1282 1298 1241 1203 1735 4098 4097 4097 4097 4097 4098 
1345 1362 6093 16383 1175 1282 1298 1241 1210 1736 4098 4097 4097 4097 4097 4098 
1347 1291 6087 16383 1174 1282 1298 1241 1188 1736 4098 4097 4097 4097 4097 4098 
1447 1354 6091 16383 1174 1281 1298 1243 1182 1736 4099 4098 4098 4098 4098 4099 
1359 1341 6095 16383 1175 1281 1297 1241 1204 1736 4097 4096 4096 4096 4096 4097 
1346 1315 6098 16383 1171 1280 1297 1241 1214 1736 4098 4097 4097 4097 4097 4098 
1370 1436 6087 16383 1174 1283 1298 1241 1222 1736 4098 4097 4097 4097 4097 4098 
1384 1382 6085 16383 1174 1282 1298 1242 1202 1736 4098 4097 4097 4097 4097 4098 
1346 1319 6086 16383 1173 1282 1299 1241 1206 1736 4098 4097 4097 4097 4097 4098 
1718 1267 6101 16383 1177 1286 1301 1243 1131 1736 4098 4097 4097 4097 4097 4098 
1359 1307 6097 16383 1175 1283 1298 1243 1188 1736 4098 4097 4097 4097 4097 4098 
1357 1306 6097 16383 1175 1283 1297 1241 1201 1736 4099 4098 4098 4098 4098 4099 
1342 1312 6089 16383 1173 1281 1298 1241 1204 1736 4098 4097 4097 4097 4097 4098 
1359 1326 6091 16383 1173 1282 1298 1241 1196 1736 4099 4098 4098 4098 4098 4099 
1352 1319 6090 16383 1173 1281 1295 1239 1209 1735 4098 4097 4097 4097 4097 4098 
1351 1310 6082 16383 1175 1282 1299 1243 1206 1736 4098 4097 4097 4097 4097 4098 
1377 1309 6099 16383 1173 1282 1298 1241 1184 1736 4098 4097 4097 4097 4097 4098 
1347 1413 6082 16383 1171 1281 1295 1241 1227 1736 4098 4097 4097 4097 4097 4098 
1353 1321 6085 16383 1174 1281 1297 1240 1214 1736 4098 4097 4097 4097 4097 4098 
1396 1345 6082 16383 1175 1282 1298 1239 1202 1736 4099 4098 4098 4098 4098 4099 
1366 1344 6095 16383 1174 1283 1299 1241 1194 1736 4098 4097 4097 4097 4097 4098 
1347 1306 6081 16383 1172 1281 1295 1239 1189 1736 4098 4097 4097 4097 4097 4098 
1341 1327 6090 16383 1173 1281 1297 1237 1208 1736 4098 4097 4097 4097 4097 4098 
1353 1382 6081 16383 1173 1281 1298 1238 1215 1736 4098 4097 4098 4098 4098 4099 
1377 1322 6079 16383 1174 1282 1298 1241 1189 1736 4098 4097 4097 4097 4097 4098 
1359 1301 6083 16383 1173 1283 1299 1242 1198 1737 4098 4097 4097 4097 4097 4098 
1357 1308 6094 16383 1175 1283 1299 1241 1204 1737 4098 4097 4097 4097 4097 4098 
1390 1343 6087 16383 1175 1282 1299 1239 1210 1736 4098 4097 4097 4097 4097 4098 
1348 1314 6093 16383 1175 1283 1299 1242 1218 1736 4098 4097 4097 4097 4097 4098 
1367 1367 6086 16383 1174 1283 1299 1241 1210 1736 4098 4097 4097 4097 4097 4098 
1397 1403 6095 16383 1174 1281 1295 1240 1206 1736 4098 4097 4097 4097 4097 4098 
1389 1307 6087 16383 1174 1281 1295 1239 1180 1737 4098 4097 4097 4097 4097 4098 
1356 1340 6093 16383 1174 1281 1297 1241 1211 1735 4098 4097 4097 4097 4097 4098 
1339 1301 6095 16383 1174 1283 1298 1241 1208 1736 4098 4097 4097 4097 4097 4098 
1387 1339 6101 16383 1174 1282 1299 1242 1185 1736 4098 4097 4097 4097 4097 4098 
1351 1309 6084 16383 1175 1283 1299 1242 1209 1736 4098 4097 4097 4097 4097 4098 
1389 1413 6089 16383 1175 1281 1295 1242 1211 1736 4099 4098 4098 4098 4098 4099 
1356 1346 6093 16383 1174 1280 1297 1241 1205 1736 4098 4097 4097 4097 4097 4098 
1352 1319 6092 16383 1174 1283 1298 1241 1220 1736 4098 4097 4097 4097 4097 4098 
1369 1306 6091 16383 1175 1284 1299 1243 1192 1736 4098 4097 4097 4097 4097 4098 
1339 1335 6101 16383 1173 1282 1297 1241 1220 1736 4098 4097 4097 4097 4097 4098 
1349 1305 6084 16383 1171 1282 1297 1241 1205 1736 4098 4097 4097 4097 4097 4098 
1425 1353 6087 16383 1174 1283 1299 1243 1201 1736 4097 4096 4096 4096 4096 4097 
1361 1351 6089 16383 1174 1283 1298 1243 1205 1736 4098 4097 4097 4097 4097 4098 
1389 1341 6095 16383 1175 1282 1298 1239 1203 1736 4098 4097 4097 4097 4097 4098 
1347 1388 6095 16383 1175 1283 1299 1239 1232 1736 4097 4096 4096 4096 4096 4097 
1418 1450 6089 16383 1175 1282 1298 1239 1211 1736 4097 4096 4096 4096 4096 4097 
1363 1341 6089 16383 1174 1281 1297 1241 1195 1736 4098 4097 4097 4097 4097 4098 
1339 1324 6091 16383 1174 1282 1297 1241 1212 1736 4097 4096 4096 4096 4096 4097 
1348 1313 6105 16383 1173 1281 1297 1243 1192 1736 4098 4097 4097 4097 4097 4098 
1358 1330 6099 16383 1175 1283 1299 1243 1214 1736 4098 4097 4097 4097 4097 4098 
1356 1299 6101 16383 1172 1281 1295 1241 1201 1736 4097 4096 4096 4096 4096 4097 
1359 1299 6098 16383 1175 1281 1298 1242 1190 1736 4097 4096 4096 4096 4096 4097 
1337 1295 6088 16383 1175 1282 1295 1241 1206 1736 4097 4096 4096 4096 4096 4097 
1357 1325 6086 16383 1174 1282 1299 1241 1210 1735 4098 4097 4097 4097 4097 4098 
1343 1284 6091 16383 1173 1281 1295 1241 1194 1736 4098 4097 4097 4097 4097 4098 
1358 1299 6083 16383 1175 1283 1299 1243 1177 1736 4098 4097 4097 4097 4097 4098 
1366 1327 6086 16383 1174 1283 1298 1241 1204 1736 4099 4098 4098 4098 4098 4099 
1344 1398 6077 16383 1175 1285 1299 1243 1224 1736 4097 4096 4096 4096 4096 4097 
1347 1349 6076 16383 1173 1281 1298 1241 1223 1737 4098 4097 4097 4097 4097 4098 
1376 1275 6080 16383 1173 1283 1297 1241 1138 1736 4098 4097 4097 4097 4097 4098 
1334 1297 6095 16383 1174 1283 1299 1241 1213 1736 4097 4096 4096 4096 4096 4097 
1384 1349 6087 16383 1175 1282 1299 1241 1210 1736 4098 4097 4097 4097 4097 4098 
1423 1374 6082 16383 1173 1281 1295 1239 1191 1736 4097 4096 4096 4096 4096 4097 
1407 1319 6087 16383 1175 1283 1300 1242 1180 1736 4098 4097 4097 4097 4097 4098 
1340 1291 6087 16383 1173 1281 1297 1242 1206 1736 4098 4097 4097 4097 4097 4098 
1352 1290 6083 16383 1177 1285 1302 1245 1184 1736 4098 4097 4097 4097 4097 4098 
1343 1290 6087 16383 1173 1283 1298 1241 1202 1736 4098 4097 4097 4097 4097 4098 
1378 1371 6095 16383 1175 1283 1300 1243 1204 1736 4097 4096 4096 4096 4096 4097 
1359 1341 6095 16383 1175 1283 1299 1243 1212 1736 4098 4097 4097 4097 4097 4098 
1377 1383 6079 16383 1175 1283 1299 1239 1204 1736 4098 4097 4097 4097 4097 4098 
1353 1303 6081 16383 1173 1281 1299 1241 1201 1736 4098 4097 4097 4097 4097 4098 
1346 1302 6077 16383 1174 1282 1297 1240 1217 1736 4098 4097 4097 4097 4097 4098 
1362 1335 6094 16383 1174 1283 1298 1242 1200 1735 4098 4097 4097 4097 4097 4098 
1357 1321 6083 16383 1173 1282 1295 1241 1193 1736 4098 4097 4097 4097 4097 4098 
1347 1343 6077 16383 1174 1283 1298 1243 1222 1736 4098 4097 4097 4097 4097 4098 
1375 1319 6087 16383 1175 1283 1299 1243 1192 1736 4098 4097 4097 4097 4097 4098 
1349 1327 6082 16383 1175 1283 1299 1241 1217 1736 4098 4097 4097 4097 4097 4098 
1357 1417 6084 16383 1175 1282 1299 1242 1218 1736 4098 4097 4097 4097 4097 4098 
1355 1306 6075 16383 1175 1283 1299 1243 1190 1737 4098 4097 4097 4097 4097 4098 
1347 1324 6081 16383 1176 1281 1298 1241 1203 1736 4098 4097 4097 4097 4097 4098 
1359 1308 6087 16383 1175 1281 1297 1243 1184 1737 4098 4097 4097 4097 4097 4098 
1374 1482 6083 16383 1173 1282 1298 1239 1221 1735 4098 4097 4097 4097 4097 4098 
1397 1371 6075 16383 1173 1282 1297 1241 1208 1736 4098 4097 4097 4097 4097 4098 
1353 1314 6087 16383 1175 1282 1295 1242 1206 1736 4098 4097 4097 4097 4097 4098 
1329 1359 6080 16383 1174 1281 1299 1239 1241 1736 4098 4097 4097 4097 4097 4098 
1339 1327 6086 16383 1174 1283 1299 1241 1215 1736 4098 4097 4097 4097 4097 4098 
1418 1447 6074 16383 1178 1282 1299 1242 1210 1736 4098 4097 4097 4097 4097 4098 
1355 1441 6078 16383 1174 1281 1299 1241 1236 1736 4097 4096 4096 4096 4096 4097 
1364 1305 6094 16383 1175 1282 1298 1242 1192 1736 4098 4097 4097 4097 4097 4098 
1350 1303 6079 16383 1172 1283 1298 1241 1204 1736 4098 4097 4097 4097 4097 4098 
1422 1402 6083 16383 1175 1285 1301 1245 1207 1736 4098 4097 4097 4097 4097 4098 
1335 1315 6077 16383 1175 1283 1299 1239 1209 1736 4098 4097 4097 4097 4097 4098 
1344 1298 6093 16383 1173 1283 1297 1239 1191 1736 4098 4097 4097 4097 4097 4098 
1351 1295 6076 16383 1173 1282 1297 1241 1186 1737 4098 4097 4097 4097 4097 4098 
1306 1359 6081 16383 1174 1283 1298 1241 1175 1736 4098 4097 4097 4097 4097 4098 
1337 1299 6086 16383 1175 1281 1298 1241 1203 1736 4098 4097 4097 4097 4097 4098 
1333 1267 6073 16383 1173 1279 1294 1239 1187 1736 4098 4097 4097 4097 4097 4098 
1346 1314 6075 16383 1177 1283 1299 1241 1195 1736 4098 4097 4097 4097 4097 4098 
1351 1309 6083 16383 1173 1280 1297 1241 1213 1736 4098 4097 4097 4097 4097 4098 
1363 1354 6075 16383 1175 1283 1297 1241 1201 1736 4098 4097 4097 4097 4097 4098 
1339 1322 6087 16383 1173 1281 1297 1242 1215 1736 4098 4097 4097 4097 4097 4098 
1345 1435 6075 16383 1175 1282 1297 1242 1237 1737 4097 4096 4096 4096 4096 4097 
1394 1444 6081 16383 1173 1281 1295 1242 1212 1736 4099 4098 4098 4098 4098 4099 
1352 1308 6079 16383 1175 1283 1301 1243 1207 1736 4098 4097 4097 4097 4097 4098 
1379 1367 6077 16383 1174 1281 1298 1241 1205 1735 4098 4097 4097 4097 4097 4098 
1385 1275 6082 16383 1175 1282 1299 1243 1156 1736 4098 4097 4097 4097 4097 4098 
1365 1366 6089 16383 1175 1283 1300 1241 1205 1736 4098 4097 4097 4097 4097 4098 
1357 1307 6084 16383 1172 1282 1295 1243 1186 1736 4098 4097 4097 4097 4097 4098 
1369 1364 6077 16383 1173 1283 1295 1239 1221 1736 4099 4098 4098 4098 4098 4099 
1350 1295 6083 16383 1175 1283 1298 1241 1201 1736 4097 4096 4096 4096 4096 4097 
1353 1322 6089 16383 1172 1282 1298 1242 1206 1735 4098 4097 4097 4097 4097 4098 
1378 1307 6078 16383 1175 1282 1298 1241 1190 1736 4097 4096 4096 4096 4096 4097 
1396 1341 6085 16383 1174 1283 1298 1243 1192 1736 4098 4097 4097 4097 4097 4098 
1307 1492 6090 16383 1173 1281 1297 1242 1192 1736 4097 4096 4096 4096 4096 4097 
1421 1353 6091 16383 1175 1283 1297 1243 1190 1736 4098 4097 4097 4097 4097 4098 
1406 1311 6087 16383 1175 1283 1298 1243 1178 1736 4098 4097 4097 4097 4097 4098 
1405 1379 6080 16383 1175 1283 1298 1241 1193 1734 4097 4096 4096 4096 4096 4097 
1376 1349 6089 16383 1173 1283 1297 1241 1202 1736 4098 4097 4097 4097 4097 4098 
1351 1295 6085 16383 1173 1283 1297 1241 1190 1737 4098 4097 4097 4097 4097 4098 
1342 1314 6082 16383 1175 1282 1299 1241 1214 1736 4098 4097 4097 4097 4097 4098 
1373 1325 6071 16383 1173 1281 1295 1239 1192 1736 4098 4097 4097 4097 4097 4098 
1406 1324 6087 16383 1173 1282 1298 1239 1187 1737 4098 4097 4097 4097 4097 4098 
1317 1327 6086 16383 1173 1283 1297 1239 1241 1736 4098 4097 4097 4097 4097 4098 
1351 1314 6090 16383 1175 1282 1298 1241 1214 1736 4099 4098 4098 4098 4098 4099 
1337 1310 6081 16383 1174 1282 1299 1239 1195 1737 4098 4097 4097 4097 4097 4098 
1347 1309 6077 16383 1173 1280 1295 1239 1190 1736 4097 4096 4096 4096 4096 4097 
1374 1344 6089 16383 1175 1281 1298 1239 1199 1736 4098 4097 4097 4097 4097 4098 
1358 1331 6071 16383 1175 1282 1295 1239 1201 1735 4098 4097 4097 4097 4097 4098 
1342 1319 6069 16383 1175 1282 1298 1241 1202 1736 4098 4097 4097 4097 4097 4098 
1349 1325 6079 16383 1175 1285 1299 1243 1207 1736 4098 4097 4097 4097 4097 4098 
1361 1394 6091 16383 1175 1283 1298 1241 1220 1736 4098 4097 4097 4097 4097 4098 
1374 1315 6085 16383 1174 1282 1298 1241 1198 1736 4098 4097 4097 4097 4097 4098 
1365 1471 6082 16383 1175 1283 1299 1242 1230 1736 4098 4097 4097 4097 4097 4098 
1362 1430 6075 16383 1171 1281 1295 1241 1219 1736 4098 4097 4097 4097 4097 4098 
1359 1299 6089 16383 1175 1282 1299 1243 1199 1736 4098 4097 4097 4097 4097 4098 
1326 1353 6074 16383 1177 1285 1299 1243 1228 1736 4098 4097 4097 4097 4097 4098 
1320 1350 6075 16383 1175 1282 1299 1241 1241 1736 4098 4097 4097 4097 4097 4098 
1358 1295 6071 16383 1175 1282 1299 1239 1180 1736 4097 4096 4096 4096 4096 4097 
1354 1317 6071 16383 1171 1280 1295 1239 1202 1736 4098 4097 4097 4097 4097 4098 
1342 1308 6071 16383 1173 1282 1297 1241 1201 1736 4098 4097 4097 4097 4097 4098 
1411 1319 6087 16383 1174 1281 1298 1239 1183 1736 4098 4097 4097 4097 4097 4098 
1417 1407 6077 16383 1175 1283 1297 1242 1210 1736 4098 4097 4097 4097 4097 4098 
1349 1343 6077 16383 1175 1283 1297 1239 1218 1735 4098 4097 4097 4097 4097 4098 
1369 1259 6089 16383 1174 1283 1297 1240 1118 1737 4098 4097 4097 4097 4097 4098 
1365 1316 6068 16383 1174 1281 1298 1239 1196 1735 4098 4097 4097 4097 4097 4098 
1367 1335 6089 16383 1174 1283 1299 1241 1206 1736 4098 4097 4098 4097 4098 4098 
1363 1303 6087 16383 1174 1283 1298 1242 1183 1736 4098 4097 4097 4097 4097 4098 
1363 1314 6081 16383 1175 1283 1299 1243 1197 1736 4098 4097 4097 4097 4097 4098 
1341 1285 6079 16383 1173 1281 1299 1239 1180 1736 4098 4097 4097 4097 4097 4098 
1421 1397 6071 16383 1175 1283 1298 1243 1198 1736 4098 4097 4097 4097 4097 4098 
1343 1299 6081 16383 1174 1281 1298 1242 1209 1736 4098 4097 4097 4097 4097 4098 
1376 1358 6083 16383 1174 1282 1299 1243 1205 1736 4098 4097 4097 4097 4097 4098 
1375 1327 6079 16383 1175 1283 1295 1241 1203 1737 4097 4096 4097 4096 4097 4098 
1406 1376 6079 16383 1174 1283 1299 1241 1194 1736 4098 4097 4097 4097 4097 4098 
1343 1358 6087 16383 1174 1281 1299 1241 1225 1736 4098 4097 4097 4097 4097 4098 
1359 1335 6087 16383 1175 1283 1298 1241 1189 1735 4098 4097 4097 4097 4097 4098 
1359 1307 6073 16383 1173 1283 1299 1243 1190 1736 4097 4096 4096 4096 4096 4097 
1367 1295 6073 16383 1174 1283 1299 1241 1183 1736 4098 4097 4097 4097 4097 4098 
1369 1286 6075 16383 1175 1284 1299 1242 1165 1736 4098 4097 4097 4097 4097 4098 
1359 1314 6087 16383 1173 1282 1297 1241 1193 1736 4098 4097 4097 4097 4097 4098 
1387 1339 6085 16383 1175 1283 1299 1242 1200 1736 4098 4097 4097 4097 4097 4098 
1369 1366 6080 16383 1175 1281 1297 1239 1208 1736 4098 4097 4097 4097 4097 4098 
1437 1321 6089 16383 1175 1282 1299 1242 1188 1736 4098 4097 4097 4097 4097 4098 
1337 1295 6091 16383 1172 1281 1298 1241 1224 1736 4098 4097 4097 4097 4097 4098 
1323 1334 6089 16383 1174 1283 1299 1243 1224 1736 4098 4097 4097 4097 4097 4098 
1326 1338 6090 16383 1175 1280 1297 1241 1246 1737 4098 4097 4097 4097 4097 4098 
1383 1338 6090 16383 1175 1282 1298 1241 1207 1736 4098 4097 4097 4097 4097 4098 
1339 1347 6080 16383 1175 1281 1298 1243 1213 1736 4098 4097 4097 4097 4097 4098 
1350 1321 6078 16383 1177 1283 1299 1241 1224 1736 4098 4097 4097 4097 4097 4098 
1344 1309 6071 16383 1173 1281 1298 1241 1206 1736 4097 4096 4096 4096 4096 4097 
1363 1327 6083 16383 1175 1282 1298 1241 1205 1735 4098 4097 4097 4097 4097 4098 
1387 1309 6077 16383 1175 1281 1299 1242 1189 1737 4098 4097 4097 4097 4097 4098 
1347 1375 6080 16383 1173 1281 1295 1239 1224 1736 4098 4097 4097 4097 4097 4098 
1345 1300 6082 16383 1174 1282 1298 1241 1200 1736 4098 4097 4097 4097 4097 4098 
1471 1271 6068 16383 1174 1283 1295 1242 1143 1736 4098 4097 4097 4097 4097 4098 
1415 1311 6071 16383 1173 1284 1299 1241 1182 1736 4098 4097 4097 4097 4097 4098 
1345 1301 6074 16383 1177 1283 1301 1243 1206 1737 4097 4096 4096 4096 4096 4097 
1346 1309 6091 16383 1175 1282 1298 1239 1194 1737 4098 4097 4097 4097 4097 4098 
1366 1338 6091 16383 1175 1282 1299 1241 1200 1736 4098 4097 4097 4097 4097 4098 
1348 1312 6079 16383 1175 1283 1299 1242 1212 1736 4098 4097 4097 4097 4097 4098 
1353 1343 6073 16383 1175 1284 1299 1242 1203 1737 4097 4096 4096 4096 4096 4097 
1382 1339 6070 16383 1177 1282 1299 1243 1192 1736 4098 4097 4097 4097 4097 4098 
1350 1302 6074 16383 1177 1285 1300 1243 1195 1736 4098 4097 4097 4097 4097 4098 
1360 1335 6072 16383 1175 1284 1297 1242 1207 1736 4098 4097 4097 4097 4097 4098 
1378 1307 6069 16383 1173 1281 1295 1239 1174 1737 4098 4097 4097 4097 4097 4098 
1374 1319 6071 16383 1175 1283 1299 1241 1196 1737 4098 4097 4097 4097 4097 4098 
1355 1311 6071 16383 1173 1282 1295 1241 1191 1736 4098 4097 4097 4097 4097 4098 
1336 1315 6083 16383 1175 1283 1297 1243 1212 1736 4098 4097 4097 4097 4097 4098 
1335 1317 6071 16383 1173 1281 1297 1239 1216 1736 4098 4097 4097 4097 4097 4098 
1380 1344 6087 16383 1175 1283 1299 1243 1198 1736 4098 4097 4097 4097 4097 4098 
1367 1313 6084 16383 1175 1282 1297 1241 1203 1736 4098 4097 4097 4097 4097 4098 
1341 1301 6087 16383 1175 1283 1298 1242 1208 1736 4098 4097 4097 4097 4097 4098 
1392 1340 6073 16383 1174 1283 1299 1241 1200 1736 4097 4096 4096 4096 4096 4097 
1413 1305 6073 16383 1174 1283 1297 1239 1181 1737 4098 4097 4097 4097 4097 4098 
1361 1323 6089 16383 1174 1282 1299 1243 1206 1736 4098 4097 4097 4097 4097 4098 
1353 1310 6074 16383 1174 1283 1298 1241 1192 1736 4098 4097 4097 4097 4097 4098 
1437 1313 6083 16383 1173 1281 1295 1239 1180 1736 4098 4097 4097 4097 4097 4098 
1359 1337 6083 16383 1173 1279 1295 1240 1195 1736 4098 4097 4097 4097 4097 4098 
1344 1325 6075 16383 1175 1281 1299 1241 1200 1736 4098 4097 4097 4097 4097 4098 
1363 1331 6074 16383 1173 1281 1297 1239 1196 1736 4097 4096 4096 4096 4096 4097 
1379 1335 6069 16383 1174 1280 1297 1239 1201 1736 4098 4097 4097 4097 4097 4098 
1349 1307 6079 16383 1175 1282 1298 1241 1195 1736 4098 4097 4097 4097 4097 4098 
1393 1391 6081 16383 1174 1282 1298 1241 1204 1736 4098 4097 4097 4097 4097 4098 
1351 1334 6087 16383 1175 1282 1299 1241 1219 1736 4099 4098 4098 4098 4098 4099 
1347 1319 6071 16383 1175 1283 1297 1242 1198 1734 4098 4097 4097 4097 4097 4098 
1349 1335 6073 16383 1175 1283 1298 1243 1218 1736 4098 4097 4097 4097 4097 4098 
1357 1299 6076 16383 1175 1283 1299 1243 1194 1736 4098 4097 4097 4097 4097 4098 
1380 1333 6079 16383 1174 1282 1297 1241 1202 1735 4097 4096 4096 4096 4096 4097 
1375 1318 6071 16383 1173 1279 1295 1239 1194 1736 4099 4098 4098 4098 4098 4099 
1347 1298 6067 16383 1174 1282 1299 1242 1194 1736 4098 4097 4097 4097 4097 4098 
1364 1339 6076 16383 1172 1281 1298 1241 1213 1736 4097 4096 4096 4096 4096 4097 
1345 1316 6070 16383 1175 1283 1299 1241 1198 1736 4098 4097 4097 4097 4097 4098 
1387 1281 6078 16383 1175 1282 1297 1240 1155 1736 4099 4098 4098 4098 4098 4099 
1450 1383 6082 16383 1175 1282 1297 1242 1193 1736 4097 4096 4096 4096 4096 4097 
1349 1295 6082 16383 1175 1283 1295 1240 1198 1736 4098 4097 4097 4097 4097 4098 
1348 1355 6077 16383 1174 1283 1299 1241 1220 1736 4098 4097 4097 4097 4097 4098 
1357 1302 6078 16383 1174 1282 1298 1242 1179 1736 4098 4097 4097 4097 4097 4098 
1338 1307 6069 16383 1174 1283 1298 1241 1212 1736 4098 4097 4097 4097 4097 4098 
1350 1349 6082 16383 1174 1281 1298 1241 1225 1736 4098 4097 4097 4097 4097 4098 
1396 1479 6084 16383 1175 1283 1298 1242 1219 1736 4099 4098 4098 4098 4098 4099 
1351 1453 6067 16383 1174 1282 1297 1241 1236 1736 4097 4096 4096 4096 4096 4097 
1387 1319 6084 16383 1175 1283 1298 1241 1185 1734 4098 4097 4097 4097 4097 4098 
1352 1358 6086 16383 1174 1282 1299 1243 1219 1736 4097 4096 4096 4096 4096 4097 
1355 1303 6077 16383 1175 1283 1300 1243 1187 1736 4098 4097 4097 4097 4097 4098 
1351 1313 6074 16383 1175 1282 1299 1242 1195 1736 4098 4097 4097 4097 4097 4098 
1342 1313 6086 16383 1173 1282 1295 1239 1205 1736 4098 4097 4097 4097 4097 4098 
1353 1390 6087 16383 1174 1283 1298 1241 1215 1736 4098 4097 4097 4097 4097 4098 
1362 1423 6086 16383 1175 1283 1299 1243 1221 1737 4098 4097 4097 4097 4097 4098 
1345 1327 6087 16383 1175 1282 1299 1241 1216 1736 4098 4097 4097 4097 4097 4098 
1363 1327 6085 16383 1175 1284 1299 1243 1194 1736 4099 4098 4098 4098 4098 4099 
1353 1308 6081 16383 1173 1281 1295 1239 1199 1736 4098 4097 4097 4097 4097 4098 
1387 1363 6071 16383 1174 1285 1298 1243 1203 1735 4098 4097 4097 4097 4097 4098 
1331 1329 6073 16383 1173 1281 1298 1239 1217 1736 4098 4097 4097 4097 4097 4098 
1362 1348 6071 16383 1173 1283 1295 1241 1219 1736 4098 4097 4097 4097 4097 4098 
1344 1335 6086 16383 1175 1285 1299 1241 1205 1735 4098 4097 4097 4097 4097 4098 
1344 1311 6075 16383 1175 1282 1298 1239 1207 1737 4098 4097 4097 4097 4097 4098 
1447 1381 6077 16383 1175 1283 1298 1241 1195 1736 4098 4097 4097 4097 4097 4098 
1355 1323 6077 16383 1174 1283 1297 1242 1212 1736 4098 4097 4097 4097 4097 4098 
1357 1386 6084 16383 1175 1283 1299 1241 1218 1736 4098 4097 4097 4097 4097 4098 
1342 1300 6075 16383 1174 1282 1297 1241 1201 1736 4098 4097 4097 4097 4097 4098 
1345 1295 6081 16383 1175 1282 1297 1242 1191 1736 4098 4097 4097 4097 4097 4098 
1364 1327 6075 16383 1174 1283 1297 1242 1182 1737 4097 4096 4096 4096 4096 4097 
1353 1319 6078 16383 1174 1283 1297 1243 1210 1736 4097 4096 4096 4096 4096 4097 
1360 1318 6067 16383 1172 1281 1297 1239 1192 1736 4098 4097 4097 4097 4097 4098 
1351 1301 6071 16383 1174 1281 1297 1241 1183 1736 4097 4096 4096 4096 4096 4097 
1403 1362 6075 16383 1174 1284 1297 1242 1209 1736 4098 4097 4097 4097 4097 4098 
1421 1350 6081 16383 1175 1283 1298 1239 1190 1736 4097 4096 4096 4096 4096 4097 
1351 1295 6073 16383 1175 1283 1298 1239 1193 1736 4098 4097 4097 4097 4097 4098 
1347 1307 6071 16383 1174 1283 1297 1243 1208 1736 4098 4097 4097 4097 4097 4098 
1363 1315 6078 16383 1175 1283 1299 1243 1190 1736 4098 4097 4097 4097 4097 4098 
1355 1311 6076 16383 1173 1281 1295 1239 1186 1736 4097 4096 4096 4096 4096 4097 
1362 1326 6083 16383 1175 1283 1301 1243 1190 1736 4097 4096 4096 4096 4096 4097 
1333 1409 6071 16383 1175 1283 1298 1241 1233 1736 4098 4097 4097 4097 4097 4098 
1426 1306 6074 16383 1174 1281 1297 1242 1177 1736 4098 4097 4097 4097 4097 4098 
1347 1293 6077 16383 1174 1283 1297 1243 1190 1736 4098 4097 4097 4097 4097 4098 
1539 1269 6087 16383 1173 1283 1295 1242 1219 1736 4099 4098 4098 4098 4098 4099 
1378 1390 6082 16383 1175 1283 1299 1243 1212 1736 4098 4097 4097 4097 4097 4098 
1371 1312 6070 16383 1173 1282 1295 1242 1188 1736 4098 4097 4097 4097 4097 4098 
1366 1310 6074 16383 1171 1281 1295 1239 1194 1736 4097 4096 4096 4096 4096 4097 
1349 1295 6086 16383 1174 1281 1298 1242 1187 1736 4098 4097 4097 4097 4097 4098 
1349 1329 6085 16383 1173 1281 1297 1241 1212 1736 4098 4097 4097 4097 4097 4098 
1417 1313 6071 16383 1175 1283 1298 1241 1195 1736 4098 4097 4097 4097 4097 4098 
1347 1391 6079 16383 1173 1281 1298 1239 1219 1736 4098 4097 4097 4097 4097 4098 
1337 1354 6082 16383 1173 1281 1295 1240 1224 1736 4098 4097 4097 4097 4097 4098 
1341 1292 6074 16383 1174 1283 1295 1239 1204 1736 4098 4097 4097 4097 4097 4098 
1372 1326 6078 16383 1173 1281 1299 1242 1210 1736 4098 4097 4097 4097 4097 4098 
1349 1316 6073 16383 1174 1281 1298 1241 1192 1736 4098 4097 4097 4097 4097 4098 
1349 1295 6067 16383 1175 1283 1299 1242 1195 1736 4098 4097 4097 4097 4097 4098 
1371 1383 6073 16383 1175 1282 1298 1243 1212 1736 4098 4097 4097 4097 4097 4098 
1348 1301 6089 16383 1173 1282 1298 1242 1203 1736 4098 4097 4097 4097 4097 4098 
1355 1375 6082 16383 1174 1282 1297 1242 1220 1736 4098 4097 4097 4097 4097 4098 
1348 1293 6081 16383 1175 1283 1299 1243 1195 1736 4098 4097 4097 4097 4097 4098 
1367 1340 6085 16383 1175 1282 1297 1242 1200 1736 4098 4097 4097 4097 4097 4098 
1376 1337 6083 16383 1174 1283 1297 1241 1197 1736 4098 4097 4097 4097 4097 4098 
1438 1283 6084 16383 1174 1283 1300 1243 1138 1737 4099 4098 4098 4098 4098 4099 
1352 1313 6081 16383 1173 1283 1299 1243 1201 1736 4098 4097 4097 4097 4097 4098 
1355 1302 6082 16383 1174 1282 1297 1241 1186 1736 4098 4097 4097 4097 4097 4098 
1345 1313 6075 16383 1174 1282 1295 1239 1198 1736 4098 4097 4097 4097 4097 4098 
1336 1320 6069 16383 1173 1283 1295 1241 1210 1737 4097 4096 4096 4096 4096 4097 
1362 1391 6079 16383 1175 1283 1299 1243 1216 1736 4098 4097 4097 4097 4097 4098 
1394 1325 6086 16383 1173 1281 1298 1241 1189 1736 4098 4097 4097 4097 4097 4098 
1357 1354 6073 16383 1175 1281 1299 1242 1210 1737 4098 4097 4097 4097 4097 4098 
1379 1463 6085 16383 1173 1283 1297 1243 1224 1736 4098 4097 4097 4097 4097 4098 
1379 1322 6071 16383 1175 1280 1295 1239 1188 1736 4098 4097 4097 4097 4097 4098 
1343 1301 6085 16383 1175 1282 1298 1241 1190 1736 4098 4097 4097 4097 4097 4098 
1357 1327 6082 16383 1173 1282 1297 1241 1193 1736 4098 4097 4097 4097 4097 4098 
1344 1316 6071 16383 1174 1282 1299 1239 1197 1737 4098 4097 4097 4097 4097 4098 
1365 1317 6087 16383 1173 1281 1299 1241 1200 1737 4097 4096 4096 4096 4096 4097 
1793 2241 6088 16383 1173 1282 1297 1242 1220 1736 4098 4097 4097 4097 4097 4098 
1362 1325 6082 16383 1173 1282 1295 1239 1185 1736 4098 4097 4097 4097 4097 4098 
1466 1308 6079 16383 1175 1284 1299 1239 1170 1736 4098 4097 4097 4097 4097 4098 
1357 1310 6070 16383 1175 1285 1299 1242 1200 1736 4098 4097 4097 4097 4097 4098 
1367 1313 6084 16383 1175 1283 1299 1241 1199 1736 4098 4097 4097 4097 4097 4098 
1353 1323 6073 16383 1175 1283 1298 1241 1195 1737 4099 4098 4098 4098 4098 4099 
1345 1311 6065 16383 1175 1281 1295 1240 1200 1736 4097 4096 4096 4096 4096 4097 
1359 1351 6071 16383 1173 1283 1295 1241 1196 1736 4098 4097 4097 4097 4097 4098 
1405 1549 6083 16383 1177 1283 1295 1241 1228 1736 4098 4097 4097 4097 4097 4098 
1355 1303 6079 16383 1175 1285 1299 1243 1202 1737 4098 4097 4097 4097 4097 4098 
1340 1290 6073 16383 1174 1281 1295 1241 1182 1736 4098 4097 4097 4097 4097 4098 
1370 1335 6084 16383 1174 1283 1298 1242 1193 1736 4098 4097 4097 4097 4097 4098 
1349 1303 6070 16383 1175 1282 1298 1243 1208 1737 4098 4097 4097 4097 4097 4098 
1437 1396 6073 16383 1174 1283 1298 1242 1209 1736 4098 4097 4097 4097 4097 4098 
1337 1286 6073 16383 1175 1281 1295 1242 1191 1736 4098 4097 4097 4097 4097 4098 
1347 1319 6087 16383 1175 1282 1298 1242 1198 1736 4098 4097 4097 4097 4097 4098 
1364 1339 6086 16383 1173 1283 1295 1242 1196 1736 4099 4098 4098 4098 4098 4099 
1369 1289 6069 16383 1175 1285 1299 1245 1198 1737 4098 4097 4097 4097 4097 4098 
1340 1309 6083 16383 1175 1284 1298 1242 1213 1736 4098 4097 4097 4097 4097 4098 
1374 1331 6077 16383 1174 1282 1299 1242 1192 1736 4098 4097 4097 4097 4097 4098 
1322 1376 6083 16383 1174 1282 1299 1241 1244 1736 4098 4097 4097 4097 4097 4098 
1342 1303 6063 16383 1175 1282 1298 1243 1213 1736 4098 4097 4097 4097 4097 4098 
1402 1343 6069 16383 1177 1284 1299 1243 1201 1736 4098 4097 4097 4097 4097 4098 
1357 1308 6075 16383 1175 1283 1299 1243 1202 1736 4098 4097 4097 4097 4097 4098 
1371 1479 6077 16383 1174 1280 1298 1241 1230 1736 4097 4096 4096 4096 4096 4097 
1341 1287 6079 16383 1175 1282 1298 1243 1184 1735 4098 4097 4097 4097 4097 4098 
1337 1330 6074 16383 1177 1283 1300 1243 1217 1736 4099 4098 4098 4098 4098 4099 
1392 1251 6068 16383 1175 1282 1297 1239 1210 1736 4098 4097 4097 4097 4097 4098 
1364 1321 6083 16383 1175 1283 1300 1242 1195 1736 4098 4097 4097 4097 4097 4098 
1413 1275 6082 16383 1173 1282 1297 1241 1141 1736 4097 4096 4096 4096 4096 4097 
1347 1458 6083 16383 1174 1283 1298 1241 1241 1736 4098 4097 4097 4097 4097 4098 
1367 1274 6087 16383 1175 1283 1299 1242 1242 1736 4098 4097 4097 4097 4097 4098 
1348 1324 6081 16383 1175 1282 1299 1242 1206 1736 4098 4097 4097 4097 4097 4098 
1353 1295 6087 16383 1177 1285 1299 1244 1184 1736 4098 4097 4097 4097 4097 4098 
1342 1357 6082 16383 1174 1282 1299 1243 1231 1736 4097 4096 4096 4096 4096 4097 
1399 1315 6075 16383 1172 1283 1295 1239 1188 1736 4098 4097 4097 4097 4097 4098 
1339 1327 6074 16383 1174 1280 1298 1239 1199 1736 4098 4097 4097 4097 4097 4098 
1363 1325 6079 16383 1173 1282 1295 1239 1186 1736 4097 4096 4096 4096 4096 4097 
1351 1307 6085 16383 1175 1283 1301 1243 1197 1736 4098 4097 4097 4097 4097 4098 
1331 1325 6074 16383 1175 1285 1299 1242 1220 1737 4098 4097 4097 4097 4097 4098 
1351 1365 6070 16383 1175 1283 1299 1242 1206 1736 4098 4097 4097 4097 4097 4098 
1349 1429 6065 16383 1174 1281 1295 1241 1219 1736 4098 4097 4097 4097 4097 4098 
1349 1330 6071 16383 1175 1282 1295 1239 1208 1736 4098 4097 4097 4097 4097 4098 
1318 1309 6078 16383 1175 1282 1299 1243 1251 1736 4098 4097 4097 4097 4097 4098 
1346 1350 6067 16383 1174 1283 1299 1239 1234 1737 4098 4097 4097 4097 4097 4098 
1341 1359 6084 16383 1174 1281 1298 1242 1213 1736 4098 4097 4097 4097 4097 4098 
1377 1380 6082 16383 1174 1279 1297 1241 1218 1737 4098 4097 4097 4097 4097 4098 
1343 1332 6085 16383 1173 1280 1297 1239 1204 1736 4098 4097 4097 4097 4097 4098 
1392 1388 6066 16383 1175 1282 1299 1241 1204 1736 4099 4098 4098 4098 4098 4099 
1503 1403 6071 16383 1175 1283 1299 1243 1193 1736 4099 4098 4098 4098 4098 4099 
1349 1298 6075 16383 1177 1283 1301 1241 1196 1736 4097 4096 4096 4096 4096 4097 
1368 1315 6074 16383 1175 1282 1295 1242 1206 1736 4098 4097 4097 4097 4097 4098 
1347 1300 6077 16383 1173 1283 1298 1241 1189 1736 4098 4097 4097 4097 4097 4098 
1447 1358 6074 16383 1174 1282 1295 1241 1185 1736 4097 4096 4096 4096 4096 4097 
1351 1307 6078 16383 1175 1284 1299 1242 1204 1736 4098 4097 4097 4097 4097 4098 
1359 1338 6068 16383 1178 1285 1301 1243 1200 1736 4098 4097 4097 4097 4097 4098 
1344 1282 6070 16383 1175 1282 1295 1239 1150 1736 4098 4097 4097 4097 4097 4098 
1319 1388 6071 16383 1172 1282 1295 1241 1236 1736 4098 4097 4097 4097 4097 4098 
1341 1325 6077 16383 1175 1282 1297 1242 1213 1736 4098 4097 4097 4097 4097 4098 
1345 1371 6086 16383 1174 1282 1295 1241 1225 1736 4097 4096 4096 4096 4096 4097 
1351 1295 6075 16383 1175 1281 1297 1241 1203 1736 4098 4097 4097 4097 4097 4098 
1398 1342 6075 16383 1175 1283 1298 1243 1198 1737 4098 4097 4097 4097 4097 4098 
1334 1332 6071 16383 1175 1283 1298 1243 1211 1735 4098 4097 4097 4097 4097 4098 
1321 1286 6082 16383 1175 1283 1301 1242 1230 1736 4099 4098 4098 4098 4098 4099 
1349 1333 6079 16383 1173 1283 1295 1239 1209 1736 4097 4096 4096 4096 4096 4097 
1373 1323 6069 16383 1173 1281 1295 1239 1196 1734 4098 4097 4097 4097 4097 4098 
1365 1321 6078 16383 1174 1279 1297 1242 1199 1736 4098 4097 4097 4097 4097 4098 
1351 1307 6067 16383 1174 1283 1298 1241 1201 1736 4097 4096 4096 4096 4096 4097 
1343 1388 6075 16383 1173 1281 1295 1239 1222 1736 4098 4097 4097 4097 4097 4098 
1598 1327 6083 16383 1173 1282 1295 1239 1160 1736 4098 4097 4097 4097 4097 4098 
1363 1394 6083 16383 1175 1282 1297 1242 1221 1736 4098 4097 4097 4097 4097 4098 
1387 1355 6076 16383 1175 1281 1295 1239 1192 1736 4098 4097 4097 4097 4097 4098 
1358 1291 6063 16383 1173 1281 1298 1239 1199 1736 4098 4097 4097 4097 4097 4098 
1348 1307 6063 16383 1173 1283 1298 1241 1200 1736 4098 4097 4097 4097 4097 4098 
1323 1323 6068 16383 1173 1281 1297 1240 1228 1736 4098 4097 4097 4097 4097 4098 
1353 1386 6075 16383 1174 1282 1295 1241 1217 1736 4098 4097 4097 4097 4097 4098 
1380 1307 6069 16383 1173 1281 1295 1241 1190 1737 4098 4097 4097 4097 4097 4098 
1339 1309 6069 16383 1174 1281 1295 1241 1201 1736 4098 4097 4097 4097 4097 4098 
1347 1381 6071 16383 1177 1283 1300 1243 1226 1736 4098 4097 4097 4097 4097 4098 
1383 1401 6075 16383 1174 1283 1298 1243 1202 1737 4097 4096 4096 4096 4096 4097 
1369 1315 6078 16383 1175 1282 1299 1241 1188 1737 4098 4097 4097 4097 4097 4098 
1354 1294 6073 16383 1174 1282 1298 1241 1184 1736 4098 4097 4097 4097 4097 4098 
1348 1335 6074 16383 1173 1282 1297 1242 1199 1736 4098 4097 4097 4097 4097 4098 
1338 1349 6082 16383 1173 1282 1299 1239 1224 1736 4098 4097 4097 4097 4097 4098 
1370 1302 6067 16383 1177 1283 1299 1243 1191 1736 4097 4096 4096 4096 4096 4097 
1359 1355 6069 16383 1173 1283 1298 1241 1205 1736 4098 4097 4097 4097 4097 4098 
1351 1380 6077 16383 1175 1283 1297 1242 1208 1736 4098 4097 4097 4097 4097 4098 
1357 1325 6063 16383 1174 1281 1298 1242 1198 1736 4098 4097 4097 4097 4097 4098 
1389 1302 6070 16383 1177 1284 1299 1243 1179 1737 4098 4097 4097 4097 4097 4098 
1338 1329 6081 16383 1173 1281 1297 1241 1219 1736 4098 4097 4097 4097 4097 4098 
1373 1339 6069 16383 1175 1283 1298 1241 1196 1736 4097 4096 4096 4096 4096 4097 
1397 1401 6075 16383 1177 1285 1299 1243 1208 1736 4098 4097 4097 4097 4097 4098 
1378 1283 6083 16383 1174 1280 1295 1241 1168 1736 4097 4096 4096 4096 4096 4097 
1341 1331 6083 16383 1175 1284 1297 1243 1218 1736 4098 4097 4097 4097 4097 4098 
1341 1331 6075 16383 1175 1281 1299 1243 1214 1734 4098 4097 4097 4097 4097 4098 
1402 1347 6069 16383 1175 1283 1297 1242 1203 1736 4098 4097 4097 4097 4097 4098 
1360 1421 6066 16383 1175 1282 1297 1241 1223 1737 4098 4097 4097 4097 4097 4098 
1335 1267 6067 16383 1174 1281 1295 1241 1262 1736 4098 4097 4097 4097 4097 4098 
1362 1323 6083 16383 1174 1282 1298 1239 1207 1736 4098 4097 4097 4097 4097 4098 
1380 1335 6086 16383 1175 1283 1301 1242 1198 1737 4098 4097 4097 4097 4097 4098 
1360 1321 6081 16383 1175 1285 1301 1243 1202 1736 4098 4097 4097 4097 4097 4098 
1361 1331 6074 16383 1175 1280 1295 1239 1184 1736 4098 4097 4097 4097 4097 4098 
1344 1313 6075 16383 1175 1284 1299 1243 1214 1736 4097 4096 4096 4096 4096 4097 
1361 1353 6067 16383 1175 1283 1299 1243 1226 1736 4098 4097 4097 4097 4097 4098 
1423 1379 6063 16383 1174 1281 1295 1240 1207 1736 4098 4097 4097 4097 4097 4098 
1367 1344 6087 16383 1175 1284 1297 1243 1209 1735 4098 4097 4097 4097 4097 4098 
1355 1335 6082 16383 1174 1285 1299 1242 1197 1736 4099 4098 4098 4098 4098 4099 
1363 1324 6081 16383 1175 1282 1297 1239 1205 1736 4098 4097 4097 4097 4097 4098 
1351 1327 6078 16383 1174 1283 1295 1241 1206 1736 4098 4097 4097 4097 4097 4098 
1370 1315 6084 16383 1175 1283 1299 1243 1195 1736 4098 4097 4097 4097 4097 4098 
1333 1307 6071 16383 1173 1281 1295 1241 1205 1736 4097 4096 4097 4096 4097 4098 
1367 1355 6071 16383 1174 1285 1299 1239 1194 1737 4098 4097 4097 4097 4097 4098 
1409 1435 6069 16383 1175 1285 1299 1243 1212 1736 4097 4096 4096 4096 4096 4097 
1358 1287 6082 16383 1175 1282 1298 1241 1188 1737 4098 4097 4097 4097 4097 4098 
1365 1303 6079 16383 1173 1282 1298 1241 1205 1736 4098 4097 4097 4097 4097 4098 
1350 1295 6068 16383 1175 1283 1299 1242 1193 1736 4097 4096 4096 4096 4096 4097 
1382 1344 6070 16383 1175 1283 1299 1241 1193 1736 4098 4097 4097 4097 4097 4098 
1356 1285 6083 16383 1173 1283 1295 1241 1174 1736 4098 4097 4097 4097 4097 4098 
1347 1319 6073 16383 1174 1281 1298 1243 1199 1736 4098 4097 4097 4097 4097 4098 
1362 1410 6067 16383 1175 1281 1297 1241 1221 1736 4098 4097 4097 4097 4097 4098 
1353 1330 6085 16383 1175 1285 1298 1242 1211 1736 4098 4097 4097 4097 4097 4098 
1337 1315 6083 16383 1175 1282 1298 1242 1200 1736 4098 4097 4097 4097 4097 4098 
1355 1344 6081 16383 1175 1283 1297 1242 1214 1736 4098 4097 4097 4097 4097 4098 
1390 1391 6069 16383 1173 1282 1298 1242 1212 1737 4097 4096 4096 4096 4096 4097 
1339 1329 6085 16383 1173 1282 1297 1241 1201 1736 4097 4096 4096 4096 4096 4097 
1364 1335 6087 16383 1175 1282 1299 1243 1196 1736 4098 4097 4097 4097 4097 4098 
1427 1307 6075 16383 1173 1283 1297 1239 1177 1736 4098 4097 4097 4097 4097 4098 
1339 1316 6067 16383 1175 1283 1299 1243 1206 1736 4098 4097 4097 4097 4097 4098 
1407 1309 6068 16383 1174 1283 1298 1239 1175 1736 4098 4097 4097 4097 4097 4098 
1341 1316 6075 16383 1175 1283 1299 1241 1209 1736 4099 4098 4098 4098 4098 4099 
1415 1303 6073 16383 1174 1281 1298 1242 1175 1736 4097 4096 4096 4096 4096 4097 
1344 1313 6082 16383 1175 1283 1298 1242 1192 1736 4098 4097 4097 4097 4097 4098 
1382 1287 6080 16383 1175 1283 1295 1242 1172 1736 4098 4097 4097 4097 4097 4098 
1351 1300 6069 16383 1175 1281 1299 1243 1192 1736 4097 4096 4096 4096 4096 4097 
1343 1299 6068 16383 1175 1285 1299 1241 1189 1736 4098 4097 4097 4097 4097 4098 
1363 1324 6079 16383 1175 1283 1298 1241 1197 1736 4098 4097 4097 4097 4097 4098 
1346 1319 6083 16383 1175 1281 1298 1239 1206 1736 4097 4096 4096 4096 4096 4097 
1348 1283 6081 16383 1175 1282 1298 1243 1188 1736 4098 4097 4097 4097 4097 4098 
1353 1319 6078 16383 1174 1282 1297 1242 1205 1736 4099 4098 4098 4098 4098 4099 
1359 1349 6083 16383 1177 1285 1301 1244 1201 1737 4097 4096 4096 4096 4096 4097 
1359 1303 6079 16383 1175 1282 1298 1242 1188 1736 4098 4097 4097 4097 4097 4098 
1339 1298 6066 16383 1174 1282 1297 1242 1202 1736 4098 4097 4097 4097 4097 4098 
1342 1308 6071 16383 1175 1282 1299 1243 1198 1736 4098 4097 4097 4097 4097 4098 
1365 1313 6062 16383 1175 1279 1298 1238 1204 1736 4097 4096 4096 4096 4096 4097 
1409 1281 6082 16383 1173 1283 1297 1241 1232 1736 4098 4097 4097 4097 4097 4098 
1347 1325 6075 16383 1173 1283 1298 1243 1206 1737 4098 4097 4097 4097 4097 4098 
1391 1279 6063 16383 1175 1283 1299 1242 1183 1736 4098 4097 4097 4097 4097 4098 
1351 1310 6069 16383 1175 1283 1298 1243 1203 1736 4098 4097 4097 4097 4097 4098 
1351 1357 6079 16383 1174 1281 1295 1239 1203 1736 4098 4097 4097 4097 4097 4098 
1359 1333 6066 16383 1173 1281 1295 1241 1217 1736 4098 4097 4097 4097 4097 4098 
1339 1332 6079 16383 1175 1283 1299 1241 1215 1736 4098 4097 4097 4097 4097 4098 
1342 1311 6063 16383 1174 1284 1299 1243 1199 1736 4097 4096 4096 4096 4096 4097 
1383 1341 6076 16383 1174 1282 1298 1242 1196 1736 4098 4097 4097 4097 4097 4098 
1367 1330 6081 16383 1173 1285 1299 1242 1197 1736 4098 4097 4097 4097 4097 4098 
1346 1295 6069 16383 1175 1283 1299 1241 1190 1736 4098 4097 4097 4097 4097 4098 
1363 1291 6061 16383 1173 1282 1297 1239 1180 1736 4098 4097 4097 4097 4097 4098 
1338 1307 6065 16383 1173 1281 1295 1241 1199 1737 4098 4097 4097 4097 4097 4098 
1355 1312 6077 16383 1175 1281 1298 1241 1182 1737 4098 4097 4097 4097 4097 4098 
1381 1290 6065 16383 1174 1283 1295 1239 1184 1736 4097 4096 4096 4096 4096 4097 
1347 1339 6080 16383 1175 1282 1295 1242 1212 1737 4098 4097 4097 4097 4097 4098 
1339 1321 6081 16383 1174 1282 1299 1241 1210 1736 4098 4097 4097 4097 4097 4098 
1546 1432 6075 16383 1174 1282 1295 1240 1193 1736 4099 4098 4098 4098 4098 4099 
1370 1333 6078 16383 1174 1283 1299 1245 1202 1736 4098 4097 4097 4097 4097 4098 
1339 1307 6068 16383 1173 1280 1295 1239 1194 1736 4099 4098 4098 4098 4098 4099 
1362 1394 6079 16383 1175 1283 1299 1242 1222 1736 4098 4097 4097 4097 4097 4098 
1347 1321 6079 16383 1173 1281 1295 1241 1202 1736 4097 4096 4096 4096 4096 4097 
1351 1365 6070 16383 1175 1282 1297 1242 1217 1736 4098 4097 4097 4097 4097 4098 
1346 1310 6081 16383 1174 1282 1297 1241 1201 1736 4099 4098 4098 4098 4098 4099 
1351 1311 6060 16383 1173 1282 1299 1242 1195 1736 4098 4097 4097 4097 4097 4098 
1402 1343 6062 16383 1175 1281 1297 1241 1199 1736 4098 4097 4097 4097 4097 4098 
1373 1353 6066 16383 1175 1283 1298 1241 1210 1736 4098 4097 4097 4097 4097 4098 
1346 1326 6067 16383 1174 1282 1299 1241 1214 1736 4097 4096 4096 4096 4096 4097 
1341 1309 6065 16383 1174 1282 1298 1241 1207 1736 4098 4097 4097 4097 4097 4098 
1359 1307 6066 16383 1173 1282 1298 1242 1206 1736 4099 4098 4098 4098 4098 4099 
1371 1398 6069 16383 1175 1283 1298 1241 1226 1736 4099 4098 4098 4098 4098 4099 
1367 1319 6065 16383 1174 1281 1295 1241 1189 1737 4098 4097 4097 4097 4097 4098 
1430 1321 6077 16383 1175 1282 1299 1242 1185 1736 4098 4097 4097 4097 4097 4098 
1357 1301 6073 16383 1174 1283 1299 1243 1183 1736 4098 4097 4097 4097 4097 4098 
1386 1306 6057 16383 1172 1282 1295 1241 1183 1736 4098 4097 4097 4097 4097 4098 
1353 1350 6066 16383 1175 1283 1295 1242 1219 1736 4098 4097 4097 4097 4097 4098 
1383 1317 6071 16383 1175 1283 1298 1243 1188 1736 4098 4097 4097 4097 4097 4098 
1423 1483 6067 16383 1174 1282 1298 1241 1213 1736 4098 4097 4097 4097 4097 4098 
1353 1427 6057 16383 1174 1282 1299 1242 1228 1737 4098 4097 4097 4097 4097 4098 
1346 1307 6067 16383 1175 1282 1299 1243 1197 1736 4098 4097 4097 4097 4097 4098 
1367 1306 6069 16383 1175 1286 1298 1242 1198 1737 4098 4097 4097 4097 4097 4098 
1370 1274 6070 16383 1174 1283 1297 1241 1134 1736 4098 4097 4097 4097 4097 4098 
1365 1333 6065 16383 1175 1283 1299 1243 1194 1736 4098 4097 4097 4097 4097 4098 
1386 1403 6076 16383 1174 1283 1295 1242 1208 1736 4099 4098 4098 4098 4098 4099 
1356 1347 6061 16383 1175 1282 1298 1241 1205 1736 4097 4096 4096 4096 4096 4097 
1383 1319 6063 16383 1174 1284 1298 1243 1189 1737 4098 4097 4097 4097 4097 4098 
1355 1332 6078 16383 1177 1284 1301 1242 1208 1736 4098 4097 4097 4097 4097 4098 
1431 1253 6061 16383 1173 1281 1297 1241 1204 1736 4098 4097 4097 4097 4097 4098 
1338 1297 6071 16383 1173 1282 1295 1239 1205 1737 4098 4097 4097 4097 4097 4098 
1355 1305 6074 16383 1174 1282 1301 1242 1187 1736 4098 4097 4097 4097 4097 4098 
1443 1593 6074 16383 1175 1285 1299 1243 1226 1736 4098 4097 4097 4097 4097 4098 
1383 1367 6065 16383 1175 1283 1298 1239 1197 1736 4098 4097 4097 4097 4097 4098 
1419 1303 6074 16383 1175 1282 1297 1241 1164 1736 4098 4097 4097 4097 4097 4098 
1347 1332 6075 16383 1174 1283 1295 1241 1212 1736 4098 4097 4097 4097 4097 4098 
1375 1459 6075 16383 1175 1283 1299 1243 1216 1735 4098 4097 4097 4097 4097 4098 
1503 1419 6055 16383 1175 1285 1298 1243 1189 1736 4099 4098 4098 4098 4098 4099 
1355 1419 6061 16383 1174 1281 1297 1241 1211 1736 4098 4097 4097 4097 4097 4098 
1338 1391 6070 16383 1177 1284 1301 1243 1220 1736 4098 4097 4098 4097 4098 4098 
1364 1335 6069 16383 1175 1283 1300 1244 1203 1737 4098 4097 4097 4097 4097 4098 
1383 1302 6061 16383 1175 1283 1299 1243 1180 1737 4098 4097 4097 4097 4097 4098 
1371 1491 6058 16383 1175 1285 1298 1243 1229 1737 4098 4097 4097 4097 4097 4098 
1369 1467 6065 16383 1173 1282 1299 1240 1228 1736 4097 4096 4096 4096 4096 4097 
1361 1309 6065 16383 1174 1283 1295 1240 1202 1736 4098 4097 4097 4097 4097 4098 
1377 1317 6057 16383 1173 1281 1297 1241 1194 1736 4098 4097 4098 4098 4098 4099 
1370 1327 6073 16383 1175 1283 1298 1242 1205 1737 4098 4097 4097 4097 4097 4098 
1341 1310 6057 16383 1173 1282 1295 1239 1207 1736 4097 4096 4096 4096 4096 4097 
1359 1349 6057 16383 1173 1283 1295 1242 1207 1736 4097 4096 4096 4096 4096 4097 
1352 1426 6053 16383 1173 1283 1297 1241 1222 1736 4098 4097 4097 4097 4097 4098 
1364 1303 6057 16383 1175 1282 1298 1239 1190 1737 4098 4097 4097 4097 4097 4098 
1352 1258 6071 16383 1175 1282 1299 1242 1126 1736 4098 4097 4097 4097 4097 4098 
1343 1289 6071 16383 1175 1282 1297 1240 1186 1736 4098 4097 4097 4097 4097 4098 
1367 1321 6051 16383 1175 1283 1297 1242 1186 1736 4099 4098 4098 4098 4098 4099 
1364 1295 6063 16383 1173 1282 1298 1241 1192 1736 4099 4098 4098 4098 4098 4099 
1385 1394 6059 16383 1174 1282 1298 1241 1212 1737 4099 4098 4098 4098 4098 4099 
1364 1322 6067 16383 1174 1283 1297 1242 1190 1736 4098 4097 4097 4097 4097 4098 
1357 1349 6053 16383 1175 1285 1298 1243 1208 1736 4099 4098 4098 4098 4098 4099 
1449 1371 6063 16383 1175 1284 1298 1244 1200 1736 4098 4097 4097 4097 4097 4098 
1341 1301 6065 16383 1175 1281 1297 1241 1211 1736 4098 4097 4097 4097 4097 4098 
1397 1350 6052 16383 1177 1287 1301 1244 1205 1736 4098 4097 4097 4097 4097 4098 
1358 1309 6072 16383 1173 1282 1297 1241 1190 1736 4098 4097 4097 4097 4097 4098 
1335 1302 6059 16383 1175 1284 1298 1243 1207 1736 4098 4097 4097 4097 4097 4098 
1396 1313 6064 16383 1175 1281 1297 1241 1187 1737 4098 4097 4097 4097 4097 4098 
1354 1345 6061 16383 1174 1282 1298 1243 1208 1736 4099 4098 4098 4098 4098 4099 
1283 1226 6063 16383 1175 1283 1299 1241 1220 1731 4097 4096 4096 4096 4096 4097 
1355 1319 6063 16383 1175 1281 1297 1241 1204 1737 4098 4097 4097 4097 4097 4098 
1342 1287 6068 16383 1175 1283 1297 1241 1194 1736 4098 4097 4097 4097 4097 4098 
1383 1359 6067 16383 1175 1282 1299 1243 1195 1736 4097 4096 4096 4096 4096 4097 
1348 1335 6066 16383 1177 1283 1299 1242 1202 1736 4099 4098 4098 4098 4098 4099 
1347 1356 6057 16383 1172 1280 1297 1241 1217 1736 4098 4097 4097 4097 4097 4098 
1359 1311 6065 16383 1174 1283 1297 1241 1200 1736 4098 4097 4097 4097 4097 4098 
1371 1317 6066 16383 1173 1282 1295 1241 1192 1736 4098 4097 4097 4097 4097 4098 
1378 1427 6051 16383 1175 1283 1298 1242 1214 1736 4098 4097 4097 4097 4097 4098 
1344 1337 6051 16383 1175 1283 1299 1242 1202 1736 4097 4096 4096 4096 4096 4097 
1351 1289 6066 16383 1177 1285 1299 1243 1184 1737 4098 4097 4097 4097 4097 4098 
1386 1493 6057 16383 1174 1281 1295 1241 1210 1737 4098 4097 4097 4097 4097 4098 
1475 1332 6066 16383 1175 1285 1297 1242 1182 1737 4098 4097 4097 4097 4097 4098 
1383 1340 6063 16383 1174 1281 1297 1241 1198 1736 4098 4097 4097 4097 4097 4098 
1362 1322 6062 16383 1175 1283 1300 1245 1204 1736 4098 4097 4097 4097 4097 4098 
1339 1295 6055 16383 1175 1282 1298 1243 1208 1736 4098 4097 4097 4097 4097 4098 
1353 1298 6062 16383 1175 1282 1297 1241 1178 1736 4098 4097 4097 4097 4097 4098 
1372 1345 6049 16383 1175 1283 1299 1241 1195 1736 4099 4098 4098 4098 4098 4099 
1315 1420 6063 16383 1175 1284 1298 1241 1275 1736 4098 4097 4097 4097 4097 4098 
1323 1335 6054 16383 1174 1282 1295 1239 1243 1736 4098 4097 4097 4097 4097 4098 
1447 1294 6071 16383 1177 1283 1298 1241 1169 1736 4098 4097 4097 4097 4097 4098 
1403 1315 6067 16383 1174 1282 1298 1240 1177 1737 4097 4096 4096 4096 4096 4097 
1433 1452 6061 16383 1175 1283 1298 1243 1202 1736 4097 4096 4096 4096 4096 4097 
1461 1309 6052 16383 1173 1281 1297 1241 1174 1736 4097 4096 4096 4096 4096 4097 
1335 1462 6055 16383 1175 1282 1299 1243 1234 1737 4098 4097 4097 4097 4097 4098 
1459 1311 6047 16383 1175 1285 1299 1243 1168 1737 4098 4097 4097 4097 4097 4098 
1353 1347 6052 16383 1175 1283 1298 1241 1200 1737 4098 4097 4097 4097 4097 4098 
1374 1342 6061 16383 1175 1284 1299 1245 1204 1736 4098 4097 4097 4097 4097 4098 
1429 1351 6053 16383 1174 1281 1295 1242 1197 1736 4098 4097 4097 4097 4097 4098 
1349 1345 6052 16383 1174 1281 1298 1241 1207 1736 4098 4097 4097 4097 4097 4098 
1403 1435 6066 16383 1175 1280 1295 1242 1203 1736 4097 4096 4096 4096 4096 4097 
1343 1301 6050 16383 1172 1280 1295 1238 1189 1736 4098 4097 4097 4097 4097 4098 
1338 1298 6053 16383 1175 1283 1299 1242 1195 1736 4098 4097 4097 4097 4097 4098 
1353 1294 6053 16383 1175 1283 1295 1241 1198 1736 4098 4097 4097 4097 4097 4098 
1411 1351 6063 16383 1175 1282 1299 1243 1195 1736 4098 4097 4097 4097 4097 4098 
1441 1453 6054 16383 1174 1282 1295 1241 1210 1737 4099 4098 4098 4098 4098 4099 
1343 1313 6054 16383 1173 1283 1297 1241 1205 1736 4099 4098 4098 4098 4098 4099 
1379 1271 6068 16383 1177 1282 1299 1242 1149 1736 4098 4097 4097 4097 4097 4098 
1369 1334 6061 16383 1176 1285 1299 1242 1196 1736 4099 4098 4098 4098 4098 4099 
1367 1335 6057 16383 1173 1282 1298 1241 1191 1736 4099 4098 4098 4098 4098 4099 
1341 1278 6062 16383 1175 1283 1299 1241 1188 1736 4099 4098 4098 4098 4098 4099 
1326 1373 6047 16383 1175 1282 1298 1242 1236 1736 4099 4098 4098 4098 4098 4099 
1357 1333 6053 16383 1175 1283 1297 1243 1201 1736 4099 4098 4098 4098 4098 4099 
1367 1363 6055 16383 1175 1281 1299 1243 1204 1736 4099 4098 4098 4098 4098 4099 
1349 1326 6054 16383 1175 1283 1298 1239 1224 1735 4098 4097 4097 4097 4097 4098 
1347 1314 6055 16383 1174 1281 1299 1242 1193 1737 4098 4097 4097 4097 4097 4098 
1350 1341 6042 16383 1175 1282 1297 1242 1226 1736 4098 4097 4097 4097 4097 4098 
1345 1317 6049 16383 1173 1283 1297 1243 1198 1736 4098 4097 4097 4097 4097 4098 
1359 1391 6046 16383 1172 1283 1298 1243 1219 1736 4099 4098 4098 4098 4098 4099 
1383 1319 6048 16383 1175 1281 1295 1241 1194 1736 4097 4096 4096 4096 4096 4097 
1343 1318 6057 16383 1175 1283 1299 1241 1203 1736 4099 4098 4098 4098 4098 4099 
1357 1301 6050 16383 1175 1283 1299 1243 1198 1736 4099 4098 4098 4098 4098 4099 
1342 1331 6061 16383 1175 1285 1299 1243 1210 1736 4098 4097 4097 4097 4097 4098 
1364 1331 6047 16383 1174 1283 1299 1242 1205 1736 4098 4097 4097 4097 4097 4098 
1354 1341 6053 16383 1175 1283 1295 1239 1216 1736 4099 4098 4098 4098 4098 4099 
1354 1310 6051 16383 1173 1281 1297 1241 1219 1736 4099 4098 4098 4098 4098 4099 
1402 1437 6055 16383 1174 1281 1295 1241 1213 1736 4098 4097 4097 4097 4097 4098 
1371 1302 6059 16383 1173 1281 1297 1241 1172 1736 4098 4097 4097 4097 4097 4098 
1346 1307 6060 16383 1173 1281 1295 1241 1215 1737 4098 4097 4097 4097 4097 4098 
1328 1355 6059 16383 1175 1285 1298 1242 1233 1734 4098 4097 4097 4097 4097 4098 
1389 1326 6066 16383 1173 1283 1298 1242 1185 1736 4099 4098 4098 4098 4098 4099 
1349 1326 6059 16383 1174 1283 1298 1239 1194 1737 4099 4098 4098 4098 4098 4099 
1382 1300 6050 16383 1175 1285 1298 1243 1170 1736 4098 4097 4097 4097 4097 4098 
1388 1311 6052 16383 1173 1281 1297 1241 1175 1737 4098 4097 4097 4097 4097 4098 
1382 1431 6069 16383 1175 1282 1297 1242 1221 1736 4098 4097 4097 4097 4097 4098 
1355 1313 6059 16383 1172 1283 1297 1241 1211 1737 4098 4097 4097 4097 4097 4098 
1345 1315 6060 16383 1175 1282 1298 1241 1206 1736 4098 4097 4097 4097 4097 4098 
1341 1317 6059 16383 1173 1280 1297 1241 1205 1736 4097 4096 4096 4096 4096 4097 
1357 1307 6062 16383 1173 1281 1297 1241 1184 1736 4097 4096 4096 4096 4096 4097 
1359 1333 6053 16383 1175 1283 1299 1242 1216 1737 4098 4097 4097 4097 4097 4098 
1406 1339 6065 16383 1174 1283 1299 1241 1190 1736 4097 4096 4096 4096 4096 4097 
1369 1327 6052 16383 1173 1279 1295 1241 1196 1736 4098 4097 4097 4097 4097 4098 
1322 1311 6059 16383 1173 1281 1295 1242 1227 1736 4098 4097 4097 4097 4097 4098 
1362 1319 6059 16383 1173 1281 1298 1239 1201 1737 4098 4097 4097 4097 4097 4098 
1350 1322 6045 16383 1174 1282 1299 1239 1206 1737 4098 4097 4097 4097 4097 4098 
1354 1310 6061 16383 1173 1281 1297 1239 1182 1737 4098 4097 4097 4097 4097 4098 
1340 1303 6057 16383 1175 1283 1299 1241 1211 1736 4098 4097 4097 4097 4097 4098 
1367 1331 6045 16383 1175 1285 1298 1241 1198 1736 4098 4097 4097 4097 4097 4098 
1361 1343 6057 16383 1175 1284 1299 1243 1199 1736 4098 4097 4097 4097 4097 4098 
1357 1307 6059 16383 1175 1283 1299 1241 1199 1736 4098 4097 4097 4097 4097 4098 
1363 1307 6066 16383 1175 1283 1298 1240 1196 1737 4099 4098 4098 4098 4098 4099 
1459 1338 6052 16383 1177 1286 1301 1244 1180 1737 4098 4097 4097 4097 4097 4098 
1362 1319 6063 16383 1175 1281 1298 1241 1190 1736 4098 4097 4097 4097 4097 4098 
1351 1327 6063 16383 1175 1282 1298 1241 1202 1736 4098 4097 4097 4097 4097 4098 
1365 1341 6066 16383 1177 1285 1299 1243 1210 1736 4098 4097 4097 4097 4097 4098 
1409 1306 6068 16383 1175 1283 1299 1241 1185 1736 4098 4097 4097 4097 4097 4098 
1364 1334 6051 16383 1175 1282 1298 1239 1200 1737 4097 4096 4096 4096 4096 4097 
1341 1326 6069 16383 1177 1283 1298 1242 1219 1737 4098 4097 4097 4097 4097 4098 
1359 1302 6059 16383 1175 1281 1298 1239 1180 1737 4098 4097 4097 4097 4097 4098 
1343 1359 6055 16383 1173 1281 1295 1241 1221 1736 4098 4097 4097 4097 4097 4098 
1362 1343 6059 16383 1174 1284 1298 1243 1201 1736 4098 4097 4097 4097 4097 4098 
1337 1372 6057 16383 1173 1280 1298 1241 1230 1736 4098 4097 4097 4097 4097 4098 
1346 1337 6055 16383 1175 1282 1295 1239 1205 1736 4097 4096 4096 4096 4096 4097 
1349 1319 6057 16383 1175 1282 1297 1243 1189 1736 4097 4096 4096 4096 4096 4097 
1335 1294 6069 16383 1175 1282 1299 1242 1212 1737 4098 4097 4097 4097 4097 4098 
1345 1311 6068 16383 1175 1283 1299 1242 1199 1737 4098 4097 4097 4097 4097 4098 
1366 1303 6051 16383 1175 1280 1295 1240 1201 1736 4098 4097 4097 4097 4097 4098 
1352 1317 6055 16383 1175 1283 1298 1242 1212 1736 4099 4098 4098 4098 4098 4099 
1362 1317 6051 16383 1173 1283 1298 1243 1130 1736 4097 4096 4096 4096 4096 4097 
1318 1373 6055 16383 1175 1283 1299 1243 1249 1737 4097 4096 4096 4096 4096 4097 
1396 1332 6071 16383 1175 1283 1299 1243 1184 1737 4098 4097 4097 4097 4097 4098 
1355 1321 6060 16383 1177 1283 1298 1243 1201 1736 4098 4097 4097 4097 4097 4098 
1359 1305 6057 16383 1175 1283 1298 1239 1188 1735 4098 4097 4097 4097 4097 4098 
1376 1325 6060 16383 1173 1280 1297 1239 1193 1736 4097 4096 4096 4096 4096 4097 
1403 1365 6068 16383 1174 1282 1297 1241 1209 1736 4098 4097 4097 4097 4097 4098 
1360 1353 6057 16383 1175 1283 1299 1243 1201 1736 4098 4097 4097 4097 4097 4098 
1357 1403 6063 16383 1175 1282 1295 1241 1207 1736 4097 4096 4096 4096 4096 4097 
1343 1293 6064 16383 1173 1282 1297 1239 1192 1737 4098 4097 4097 4097 4097 4098 
1355 1289 6057 16383 1175 1282 1297 1239 1178 1736 4098 4097 4097 4097 4097 4098 
1344 1298 6054 16383 1173 1280 1295 1239 1195 1737 4097 4096 4096 4096 4096 4097 
1453 1385 6055 16383 1174 1281 1297 1239 1195 1736 4098 4097 4097 4097 4097 4098 
1367 1314 6070 16383 1174 1282 1299 1242 1184 1738 4098 4097 4097 4097 4097 4098 
1335 1335 6067 16383 1174 1280 1297 1241 1230 1736 4098 4097 4097 4097 4097 4098 
1367 1309 6050 16383 1174 1282 1298 1242 1194 1736 4098 4097 4097 4097 4097 4098 
1358 1302 6061 16383 1174 1281 1295 1239 1188 1736 4099 4098 4098 4098 4098 4099 
1352 1324 6053 16383 1173 1281 1298 1241 1195 1736 4099 4098 4098 4098 4098 4099 
1359 1317 6052 16383 1175 1283 1299 1243 1207 1736 4098 4097 4097 4097 4097 4098 
1334 1387 6065 16383 1174 1283 1298 1241 1233 1736 4099 4098 4098 4098 4098 4099 
1380 1342 6063 16383 1175 1283 1299 1243 1205 1736 4098 4097 4097 4097 4097 4098 
1367 1306 6051 16383 1175 1281 1297 1241 1174 1736 4098 4097 4097 4097 4097 4098 
1483 1394 6049 16383 1176 1285 1298 1242 1187 1736 4098 4097 4097 4097 4097 4098 
1375 1299 6053 16383 1174 1285 1298 1243 1188 1736 4098 4097 4097 4097 4097 4098 
1351 1331 6062 16383 1175 1284 1298 1243 1208 1736 4098 4097 4097 4097 4097 4098 
1344 1365 6066 16383 1175 1283 1299 1242 1229 1737 4098 4097 4097 4097 4097 4098 
1353 1329 6063 16383 1175 1283 1297 1243 1206 1736 4098 4097 4097 4097 4097 4098 
1377 1341 6049 16383 1174 1282 1298 1241 1187 1736 4098 4097 4097 4097 4097 4098 
1349 1305 6061 16383 1175 1283 1299 1242 1191 1737 4098 4097 4097 4097 4097 4098 
1403 1282 6057 16383 1177 1285 1300 1243 1233 1736 4097 4096 4096 4096 4096 4097 
1365 1332 6067 16383 1173 1280 1295 1241 1189 1736 4098 4097 4097 4097 4097 4098 
1350 1332 6069 16383 1175 1282 1299 1243 1206 1736 4098 4097 4097 4097 4097 4098 
1414 1379 6053 16383 1175 1286 1301 1243 1200 1736 4098 4097 4097 4097 4097 4098 
1391 1317 6065 16383 1175 1283 1297 1241 1174 1736 4098 4097 4097 4097 4097 4098 
1391 1283 6057 16383 1174 1281 1295 1241 1244 1736 4098 4097 4097 4097 4097 4098 
1339 1275 6058 16383 1175 1280 1297 1241 1194 1736 4097 4096 4096 4096 4096 4097 
1329 1299 6063 16383 1174 1281 1295 1240 1188 1736 4098 4097 4097 4097 4097 4098 
1345 1314 6069 16383 1175 1283 1297 1242 1199 1736 4098 4097 4097 4097 4097 4098 
1361 1333 6059 16383 1175 1283 1297 1242 1196 1736 4097 4096 4096 4096 4096 4097 
1368 1337 6053 16383 1174 1283 1301 1243 1203 1736 4098 4097 4097 4097 4097 4098 
1373 1319 6058 16383 1177 1283 1299 1243 1192 1736 4098 4097 4097 4097 4097 4098 
1362 1358 6054 16383 1177 1282 1299 1242 1212 1736 4098 4097 4097 4097 4097 4098 
1355 1305 6066 16383 1175 1282 1299 1242 1197 1736 4098 4097 4097 4097 4097 4098 
1375 1372 6070 16383 1175 1281 1295 1241 1201 1736 4098 4097 4097 4097 4097 4098 
1355 1319 6072 16383 1175 1283 1299 1241 1187 1736 4098 4097 4097 4097 4097 4098 
1365 1322 6072 16383 1175 1285 1298 1243 1188 1736 4098 4097 4097 4097 4097 4098 
1335 1303 6055 16383 1175 1280 1300 1241 1211 1736 4098 4097 4097 4097 4097 4098 
1351 1291 6061 16383 1175 1281 1298 1241 1202 1737 4097 4096 4096 4096 4096 4097 
1397 1324 6071 16383 1174 1281 1298 1241 1194 1736 4099 4098 4098 4098 4098 4099 
1350 1317 6061 16383 1174 1281 1295 1241 1200 1736 4098 4097 4097 4097 4097 4098 
1365 1319 6065 16383 1175 1280 1298 1239 1184 1736 4098 4097 4097 4097 4097 4098 
1355 1319 6062 16383 1175 1282 1298 1242 1201 1736 4098 4097 4097 4097 4097 4098 
1347 1295 6057 16383 1173 1281 1295 1240 1196 1736 4098 4097 4097 4097 4097 4098 
1367 1317 6067 16383 1174 1282 1297 1240 1185 1736 4099 4098 4098 4098 4098 4099 
1391 1354 6056 16383 1175 1283 1295 1241 1193 1737 4098 4097 4097 4097 4097 4098 
1357 1309 6058 16383 1175 1281 1295 1242 1197 1736 4098 4097 4097 4097 4097 4098 
1352 1314 6069 16383 1174 1283 1297 1239 1202 1736 4098 4097 4097 4097 4097 4098 
1358 1316 6053 16383 1172 1283 1295 1241 1194 1736 4098 4097 4097 4097 4097 4098 
1410 1310 6070 16383 1173 1282 1295 1241 1188 1737 4098 4097 4097 4097 4097 4098 
1413 1407 6069 16383 1175 1282 1299 1241 1205 1736 4098 4097 4097 4097 4097 4098 
1346 1302 6071 16383 1174 1281 1295 1241 1196 1736 4098 4097 4097 4097 4097 4098 
1386 1371 6058 16383 1175 1282 1297 1241 1204 1736 4097 4096 4096 4096 4096 4097 
1363 1347 6071 16383 1173 1283 1298 1243 1200 1736 4097 4096 4096 4096 4096 4097 
1347 1403 6065 16383 1174 1282 1299 1239 1215 1736 4098 4097 4097 4097 4097 4098 
1364 1332 6051 16383 1177 1284 1299 1243 1202 1736 4098 4097 4097 4097 4097 4098 
1422 1263 6053 16383 1173 1282 1297 1242 1226 1736 4098 4097 4097 4097 4097 4098 
1343 1313 6063 16383 1175 1282 1295 1242 1198 1736 4098 4097 4097 4097 4097 4098 
1370 1452 6050 16383 1175 1282 1295 1239 1210 1737 4098 4097 4097 4097 4097 4098 
1364 1312 6059 16383 1175 1283 1299 1239 1188 1736 4098 4097 4097 4097 4097 4098 
1369 1323 6053 16383 1174 1283 1298 1242 1197 1736 4098 4097 4097 4097 4097 4098 
1351 1371 6044 16383 1174 1283 1298 1242 1217 1736 4098 4097 4097 4097 4097 4098 
1439 1377 6065 16383 1174 1282 1297 1242 1201 1736 4098 4097 4097 4097 4097 4098 
1409 1313 6055 16383 1175 1283 1297 1241 1192 1736 4098 4097 4097 4097 4097 4098 
1364 1370 6067 16383 1177 1284 1299 1244 1204 1736 4098 4097 4097 4097 4097 4098 
1349 1267 6057 16383 1174 1283 1299 1243 1160 1737 4098 4097 4097 4097 4097 4098 
1357 1282 6049 16383 1175 1283 1298 1242 1159 1736 4098 4097 4097 4097 4097 4098 
1401 1319 6059 16383 1174 1282 1298 1242 1187 1736 4098 4097 4097 4097 4097 4098 
1345 1343 6054 16383 1174 1281 1298 1242 1213 1736 4098 4097 4097 4097 4097 4098 
1341 1308 6067 16383 1175 1283 1298 1242 1203 1736 4098 4097 4097 4097 4097 4098 
1393 1267 6057 16383 1175 1282 1297 1241 1145 1736 4098 4097 4097 4097 4097 4098 
1345 1334 6069 16383 1175 1283 1297 1243 1215 1736 4098 4097 4097 4097 4097 4098 
1370 1335 6065 16383 1175 1283 1298 1242 1205 1737 4098 4097 4097 4097 4097 4098 
1354 1307 6070 16383 1177 1287 1302 1244 1190 1737 4098 4097 4097 4097 4097 4098 
1369 1423 6050 16383 1175 1282 1297 1242 1215 1736 4098 4097 4097 4097 4097 4098 
1343 1289 6059 16383 1175 1283 1298 1241 1204 1736 4098 4097 4097 4097 4097 4098 
1351 1330 6058 16383 1176 1285 1300 1243 1218 1736 4098 4097 4097 4097 4097 4098 
1358 1312 6051 16383 1172 1281 1295 1239 1206 1736 4098 4097 4097 4097 4097 4098 
1355 1367 6061 16383 1175 1283 1299 1241 1222 1736 4098 4097 4097 4097 4097 4098 
1389 1358 6070 16383 1175 1282 1297 1243 1194 1736 4098 4097 4097 4097 4097 4098 
1377 1316 6069 16383 1175 1285 1298 1243 1196 1736 4098 4097 4097 4097 4097 4098 
1355 1345 6061 16383 1173 1281 1298 1241 1206 1737 4098 4097 4097 4097 4097 4098 
1347 1339 6071 16383 1177 1281 1297 1241 1197 1736 4098 4097 4097 4097 4097 4098 
1325 1278 6059 16383 1172 1281 1297 1241 1266 1736 4099 4098 4098 4098 4098 4099 
1560 1359 6054 16383 1174 1282 1295 1239 1175 1736 4098 4097 4097 4097 4097 4098 
1227 1253 6066 16383 1174 1283 1298 1241 1216 1733 4097 4096 4096 4096 4096 4097 
1375 1342 6059 16383 1175 1282 1299 1242 1195 1736 4098 4097 4097 4097 4097 4098 
1359 1317 6069 16383 1173 1281 1295 1241 1193 1737 4098 4097 4097 4097 4097 4098 
1379 1452 6057 16383 1175 1281 1297 1239 1217 1736 4098 4097 4097 4097 4097 4098 
1351 1440 6071 16383 1174 1282 1298 1243 1226 1736 4098 4097 4097 4097 4097 4098 
1361 1257 6062 16383 1175 1283 1295 1242 1113 1736 4098 4097 4097 4097 4097 4098 
1348 1295 6053 16383 1173 1280 1295 1239 1181 1736 4098 4097 4097 4097 4097 4098 
1338 1444 6052 16383 1175 1281 1297 1242 1234 1736 4099 4098 4098 4098 4098 4099 
1335 1309 6055 16383 1172 1279 1295 1241 1211 1736 4098 4097 4097 4097 4097 4098 
1350 1323 6068 16383 1175 1285 1299 1242 1199 1736 4099 4098 4098 4098 4098 4099 
1511 1365 6052 16383 1175 1282 1298 1242 1189 1737 4098 4097 4097 4097 4097 4098 
1358 1301 6067 16383 1175 1285 1298 1243 1188 1736 4098 4097 4097 4097 4097 4098 
1343 1322 6063 16383 1175 1283 1299 1243 1218 1736 4099 4098 4098 4098 4098 4099 
1351 1359 6058 16383 1175 1283 1299 1243 1209 1736 4098 4097 4097 4097 4097 4098 
1356 1350 6053 16383 1173 1282 1295 1241 1207 1736 4098 4097 4097 4097 4097 4098 
1361 1275 6063 16383 1174 1284 1298 1242 1186 1737 4098 4097 4097 4097 4097 4098 
1351 1368 6052 16383 1175 1282 1299 1241 1209 1736 4098 4097 4097 4097 4097 4098 
1353 1291 6058 16383 1174 1283 1298 1241 1184 1736 4097 4096 4096 4096 4096 4097 
1385 1817 6065 16383 1174 1283 1297 1242 1232 1737 4098 4097 4097 4097 4097 4098 
1379 1380 6066 16383 1175 1282 1299 1243 1206 1736 4098 4097 4097 4097 4097 4098 
1371 1305 6070 16383 1175 1283 1301 1243 1192 1736 4098 4097 4097 4097 4097 4098 
1375 1366 6061 16383 1175 1283 1297 1239 1205 1736 4097 4096 4096 4096 4096 4097 
1334 1321 6051 16383 1175 1282 1298 1242 1205 1736 4098 4097 4097 4097 4097 4098 
1351 1301 6063 16383 1175 1283 1299 1242 1196 1736 4098 4097 4097 4097 4097 4098 
1364 1338 6060 16383 1175 1283 1299 1242 1194 1736 4098 4097 4097 4097 4097 4098 
1380 1387 6067 16383 1174 1282 1299 1241 1221 1736 4098 4097 4097 4097 4097 4098 
1435 1303 6058 16383 1175 1283 1299 1243 1161 1736 4098 4097 4097 4097 4097 4098 
1356 1477 6062 16383 1175 1285 1298 1243 1232 1736 4097 4096 4096 4096 4096 4097 
1361 1339 6062 16383 1175 1283 1298 1243 1197 1736 4098 4097 4097 4097 4097 4098 
1351 1303 6059 16383 1177 1284 1298 1242 1197 1736 4098 4097 4097 4097 4097 4098 
1361 1327 6050 16383 1175 1282 1299 1242 1184 1736 4098 4097 4097 4097 4097 4098 
1349 1310 6059 16383 1174 1281 1295 1241 1215 1736 4097 4096 4096 4096 4096 4097 
1335 1275 6053 16383 1175 1283 1299 1243 1146 1737 4098 4097 4097 4097 4097 4098 
1353 1292 6046 16383 1173 1282 1298 1241 1204 1736 4097 4096 4096 4096 4096 4097 
1362 1295 6058 16383 1175 1283 1295 1241 1166 1736 4098 4097 4097 4097 4097 4098 
1394 1322 6047 16383 1175 1284 1298 1242 1193 1736 4098 4097 4097 4097 4097 4098 
1339 1311 6058 16383 1177 1285 1301 1244 1211 1736 4098 4097 4097 4097 4097 4098 
1381 1337 6049 16383 1173 1282 1295 1239 1202 1736 4098 4097 4097 4097 4097 4098 
1352 1411 6054 16383 1174 1283 1297 1241 1221 1737 4097 4096 4096 4096 4096 4097 
1363 1303 6057 16383 1175 1282 1298 1241 1180 1736 4098 4097 4097 4097 4097 4098 
1351 1391 6047 16383 1175 1283 1297 1241 1218 1736 4098 4097 4097 4097 4097 4098 
1345 1359 6061 16383 1174 1283 1297 1241 1214 1736 4098 4097 4097 4097 4097 4098 
1354 1317 6048 16383 1174 1283 1297 1243 1203 1736 4098 4097 4097 4097 4097 4098 
1473 1466 6047 16383 1174 1283 1295 1242 1206 1737 4097 4096 4096 4096 4096 4097 
1359 1310 6062 16383 1173 1283 1297 1242 1190 1736 4098 4097 4097 4097 4097 4098 
1399 1317 6053 16383 1173 1283 1297 1242 1186 1738 4098 4097 4097 4097 4097 4098 
1359 1303 6055 16383 1177 1285 1299 1243 1195 1736 4098 4097 4097 4097 4097 4098 
1349 1327 6059 16383 1173 1283 1297 1241 1211 1736 4097 4096 4096 4096 4096 4097 
1371 1326 6055 16383 1175 1283 1299 1242 1200 1737 4097 4096 4096 4096 4096 4097 
1340 1275 6059 16383 1174 1281 1295 1241 1163 1736 4098 4097 4097 4097 4097 4098 
1377 1377 6048 16383 1175 1283 1295 1242 1218 1736 4097 4096 4096 4096 4096 4097 
1359 1340 6051 16383 1173 1282 1298 1239 1209 1736 4098 4097 4097 4097 4097 4098 
1399 1353 6063 16383 1174 1283 1297 1240 1188 1736 4099 4098 4098 4098 4098 4099 
1379 1319 6045 16383 1173 1282 1297 1239 1199 1736 4098 4097 4097 4097 4097 4098 
1382 1333 6060 16383 1174 1283 1297 1239 1206 1736 4098 4097 4097 4097 4097 4098 
1348 1315 6055 16383 1175 1283 1299 1241 1208 1737 4098 4097 4097 4097 4097 4098 
1381 1358 6052 16383 1174 1282 1297 1241 1202 1736 4098 4097 4097 4097 4097 4098 
1340 1319 6051 16383 1175 1283 1301 1245 1221 1736 4098 4097 4097 4097 4097 4098 
1374 1314 6049 16383 1175 1281 1298 1241 1187 1736 4098 4097 4097 4097 4097 4098 
1414 1339 6046 16383 1172 1281 1294 1241 1199 1735 4098 4097 4097 4097 4097 4098 
1378 1323 6059 16383 1175 1282 1297 1243 1194 1736 4098 4097 4097 4097 4097 4098 
1341 1292 6047 16383 1174 1281 1299 1241 1176 1736 4098 4097 4097 4097 4097 4098 
1356 1315 6046 16383 1174 1282 1295 1241 1197 1736 4098 4097 4097 4097 4097 4098 
1393 1295 6047 16383 1175 1282 1299 1241 1179 1736 4097 4096 4096 4096 4096 4097 
1348 1303 6057 16383 1173 1281 1297 1239 1177 1737 4098 4097 4097 4097 4097 4098 
1352 1305 6051 16383 1175 1282 1299 1242 1186 1737 4098 4097 4097 4097 4097 4098 
1345 1333 6046 16383 1175 1283 1299 1241 1217 1736 4098 4097 4097 4097 4097 4098 
1386 1380 6050 16383 1174 1282 1295 1241 1202 1736 4098 4097 4097 4097 4097 4098 
1365 1307 6055 16383 1174 1282 1298 1242 1202 1736 4098 4097 4097 4097 4097 4098 
1369 1300 6055 16383 1177 1285 1301 1243 1180 1737 4098 4097 4097 4097 4097 4098 
1462 1497 6059 16383 1174 1281 1297 1239 1204 1736 4098 4097 4097 4097 4097 4098 
1343 1303 6055 16383 1175 1285 1299 1242 1206 1736 4098 4097 4097 4097 4097 4098 
1351 1310 6062 16383 1173 1283 1297 1239 1185 1736 4098 4097 4097 4097 4097 4098 
1340 1313 6048 16383 1175 1283 1299 1241 1182 1737 4098 4097 4097 4097 4097 4098 
1383 1381 6047 16383 1175 1283 1298 1242 1205 1737 4098 4097 4097 4097 4097 4098 
1379 1305 6045 16383 1175 1283 1299 1242 1182 1736 4098 4097 4097 4097 4097 4098 
1369 1303 6054 16383 1175 1283 1298 1241 1190 1736 4097 4096 4096 4096 4096 4097 
1417 1337 6055 16383 1175 1279 1297 1241 1186 1736 4098 4097 4097 4097 4097 4098 
1351 1299 6046 16383 1173 1282 1298 1239 1183 1736 4099 4098 4098 4098 4098 4099 
1363 1317 6057 16383 1175 1282 1297 1243 1185 1737 4098 4097 4097 4097 4097 4098 
1334 1468 6047 16383 1175 1283 1298 1242 1237 1736 4098 4097 4097 4097 4097 4098 
1368 1319 6063 16383 1175 1284 1301 1243 1192 1736 4098 4097 4097 4097 4097 4098 
1347 1251 6054 16383 1175 1283 1299 1241 1246 1736 4098 4097 4097 4097 4097 4098 
1362 1309 6050 16383 1174 1282 1295 1239 1203 1736 4098 4097 4097 4097 4097 4098 
1351 1314 6050 16383 1175 1282 1298 1241 1219 1736 4098 4097 4097 4097 4097 4098 
1388 1321 6062 16383 1173 1282 1298 1242 1185 1737 4098 4097 4097 4097 4097 4098 
1339 1307 6063 16383 1175 1283 1297 1243 1197 1736 4098 4097 4097 4097 4097 4098 
1343 1326 6045 16383 1175 1282 1299 1242 1208 1736 4098 4097 4097 4097 4097 4098 
1405 1391 6051 16383 1173 1281 1295 1241 1210 1736 4098 4097 4097 4097 4097 4098 
1373 1386 6047 16383 1173 1283 1297 1241 1213 1736 4098 4097 4097 4097 4097 4098 
1341 1308 6055 16383 1174 1281 1298 1241 1198 1737 4098 4097 4097 4097 4097 4098 
1354 1308 6057 16383 1175 1285 1299 1243 1198 1736 4098 4097 4097 4097 4097 4098 
1357 1497 6061 16383 1175 1283 1299 1241 1226 1736 4098 4097 4097 4097 4097 4098 
1345 1303 6061 16383 1175 1283 1299 1243 1200 1736 4097 4096 4096 4096 4096 4097 
1377 1323 6046 16383 1177 1283 1299 1242 1176 1736 4097 4096 4096 4096 4096 4097 
1347 1333 6061 16383 1177 1284 1300 1243 1217 1737 4098 4097 4097 4097 4097 4098 
1394 1343 6047 16383 1174 1282 1298 1242 1192 1736 4098 4097 4097 4097 4097 4098 
1375 1347 6054 16383 1175 1282 1295 1242 1206 1737 4098 4097 4097 4097 4097 4098 
1343 1291 6046 16383 1174 1283 1298 1243 1191 1736 4098 4097 4097 4097 4097 4098 
1425 1550 6059 16383 1175 1281 1299 1243 1217 1736 4099 4098 4098 4098 4098 4099 
1439 1343 6035 16383 1173 1281 1297 1242 1180 1737 4099 4098 4098 4098 4098 4099 
1390 1322 6054 16383 1177 1286 1300 1242 1193 1736 4099 4098 4098 4098 4098 4099 
1346 1307 6044 16383 1174 1281 1295 1239 1205 1736 4098 4097 4097 4097 4097 4098 
1341 1295 6039 16383 1174 1283 1298 1241 1187 1736 4098 4097 4097 4097 4097 4098 
1374 1367 6045 16383 1175 1282 1298 1242 1198 1737 4098 4097 4097 4097 4097 4098 
1374 1330 6048 16383 1178 1284 1299 1243 1216 1736 4097 4096 4096 4096 4096 4097 
1373 1295 6055 16383 1175 1282 1295 1242 1174 1737 4099 4098 4098 4098 4098 4099 
1363 1322 6045 16383 1173 1282 1298 1245 1199 1736 4099 4098 4098 4098 4098 4099 
1333 1410 6043 16383 1177 1285 1301 1243 1234 1737 4097 4096 4096 4096 4096 4097 
1337 1335 6052 16383 1175 1283 1300 1245 1209 1737 4098 4097 4097 4097 4097 4098 
1346 1335 6043 16383 1175 1285 1299 1243 1204 1738 4098 4097 4097 4097 4097 4098 
1352 1302 6044 16383 1175 1283 1298 1241 1182 1736 4097 4096 4096 4096 4096 4097 
