1338 1225 5719 16383 1175 1283 1299 1242 1583 8186 8187 8186 8187 8186 8186 8187 
1311 1223 5727 16383 1177 1283 1299 1242 1583 8185 8186 8185 8186 8185 8185 8186 
1307 1228 5731 16383 1175 1284 1299 1241 1583 8186 8187 8186 8186 8186 8186 8187 
1327 1271 5726 16383 1177 1285 1299 1243 1584 2187 8186 8185 8186 8185 8185 8186 
1298 1227 5717 16383 1175 1284 1299 1243 1584 8186 8187 8186 8187 8186 8186 8187 
1362 1223 5719 16383 1175 1285 1299 1242 1584 8185 8186 8185 8185 8185 8185 8186 
1353 1226 5723 16383 1175 1285 1297 1240 1584 8185 8186 8185 8185 8185 8185 8186 
1322 1231 5721 16383 1174 1283 1299 1242 1584 8185 8186 8185 8185 8185 8185 8186 
1555 1359 5728 16383 1175 1283 1295 1241 1583 2172 8186 8185 8185 8185 8185 8186 
1309 1222 5728 16383 1175 1283 1299 1242 1584 8185 8186 8185 8185 8185 8185 8186 
1325 1275 5713 16383 1175 1283 1298 1242 1584 2179 8186 8185 8185 8185 8185 8186 
1330 1294 5730 16383 1174 1283 1298 1241 1584 2160 8186 8185 8185 8185 8185 8186 
1351 1222 5721 16383 1175 1283 1297 1242 1584 8185 8186 8185 8185 8185 8185 8186 
1312 1225 5723 16383 1175 1283 1299 1243 1583 8185 8186 8185 8185 8185 8185 8186 
1364 1229 5723 16383 1175 1285 1299 1242 1584 8185 8186 8185 8185 8185 8185 8186 
1308 1223 5717 16383 1175 1285 1299 1241 1584 8184 8185 8184 8184 8184 8184 8185 
1330 1224 5722 16383 1178 1285 1301 1243 1584 8185 8186 8185 8185 8185 8185 8186 
1318 1227 5723 16383 1177 1284 1299 1243 1585 8185 8186 8185 8185 8185 8185 8186 
1331 1285 5732 16383 1178 1286 1302 1245 1584 2170 8186 8185 8185 8185 8185 8186 
1303 1226 5717 16383 1175 1283 1299 1242 1584 8185 8186 8185 8185 8185 8185 8186 
1342 1267 5713 16383 1175 1283 1299 1241 1584 2197 8186 8185 8185 8185 8185 8186 
1323 1229 5718 16383 1175 1285 1300 1243 1584 8185 8186 8185 8186 8185 8185 8186 
1318 1271 5717 16383 1175 1284 1299 1242 1584 2162 8185 8184 8184 8184 8184 8185 
1298 1223 5718 16383 1171 1281 1295 1239 1585 8185 8186 8185 8185 8185 8185 8186 
1333 1226 5730 16383 1175 1283 1298 1242 1584 8184 8185 8184 8184 8184 8184 8185 
1321 1287 5717 16383 1175 1285 1300 1242 1584 2148 8186 8185 8185 8185 8185 8186 
1313 1226 5723 16383 1175 1285 1300 1242 1585 8185 8186 8185 8185 8185 8185 8186 
1309 1271 5723 16383 1175 1285 1300 1241 1584 2163 8185 8184 8185 8184 8184 8185 
1311 1225 5719 16383 1175 1285 1299 1243 1584 8185 8186 8185 8186 8185 8185 8186 
1322 1315 5721 16383 1175 1283 1299 1242 1584 2117 8186 8185 8185 8185 8185 8186 
1315 1223 5723 16383 1174 1283 1299 1241 1584 8185 8186 8185 8186 8185 8185 8186 
1327 1223 5726 16383 1175 1284 1298 1242 1584 8185 8186 8185 8185 8185 8185 8186 
1321 1275 5722 16383 1175 1284 1299 1242 1583 2155 8186 8185 8185 8185 8185 8186 
1317 1221 5715 16383 1175 1283 1299 1242 1584 8185 8186 8185 8185 8185 8185 8186 
1329 1228 5725 16383 1175 1284 1299 1243 1584 8185 8186 8185 8186 8185 8185 8186 
1343 1289 5719 16383 1173 1283 1298 1239 1583 2165 8186 8185 8185 8185 8185 8186 
1310 1224 5728 16383 1174 1283 1299 1242 1584 8185 8186 8185 8186 8185 8185 8186 
1317 1223 5731 16383 1176 1286 1299 1243 1584 8185 8186 8185 8185 8185 8185 8186 
1354 1221 5727 16383 1175 1282 1297 1241 1585 8184 8185 8184 8184 8184 8184 8185 
1331 1229 5731 16383 1177 1283 1299 1241 1584 8185 8186 8185 8185 8185 8185 8186 
1390 1219 5723 16383 1173 1283 1298 1241 1584 8185 8186 8185 8185 8185 8185 8186 
1322 1282 5731 16383 1175 1283 1295 1239 1584 2140 8185 8184 8184 8184 8184 8185 
1317 1284 5721 16383 1179 1286 1303 1246 1584 2142 8186 8185 8185 8185 8185 8186 
1299 1228 5715 16383 1175 1285 1299 1243 1584 8185 8186 8185 8185 8185 8185 8186 
1323 1261 5730 16383 1175 1286 1300 1242 1584 8184 8185 8184 8184 8184 8184 8185 
1329 1282 5729 16383 1174 1283 1297 1239 1584 2167 8186 8185 8185 8185 8185 8186 
1315 1225 5731 16383 1175 1285 1301 1242 1584 8185 8186 8185 8186 8185 8185 8186 
1342 1283 5731 16383 1177 1287 1302 1245 1583 2176 8185 8184 8184 8184 8184 8185 
1337 1274 5730 16383 1175 1286 1299 1244 1584 2172 8186 8185 8185 8185 8185 8186 
1295 1221 5731 16383 1175 1283 1298 1243 1584 8185 8186 8185 8185 8185 8185 8186 
1350 1279 5721 16383 1175 1285 1299 1243 1583 2188 8186 8185 8185 8185 8185 8186 
1330 1265 5722 16383 1175 1282 1299 1239 1584 2174 8185 8184 8184 8184 8184 8185 
1313 1278 5724 16383 1175 1283 1299 1241 1585 2151 8186 8185 8185 8185 8185 8186 
1330 1289 5728 16383 1175 1283 1299 1241 1584 2160 8186 8185 8185 8185 8185 8186 
1337 1269 5731 16383 1177 1285 1301 1245 1584 2203 8186 8185 8186 8185 8185 8186 
1336 1223 5726 16383 1175 1284 1298 1241 1584 8185 8186 8185 8185 8185 8185 8186 
1354 1287 5725 16383 1175 1285 1301 1243 1584 2187 8186 8185 8185 8185 8185 8186 
1310 1223 5719 16383 1175 1283 1299 1239 1583 8186 8187 8186 8186 8186 8186 8187 
1404 1229 5729 16383 1177 1285 1300 1243 1585 8185 8186 8185 8185 8185 8185 8186 
1316 1227 5717 16383 1172 1280 1297 1239 1584 8185 8186 8185 8185 8185 8185 8186 
1336 1274 5725 16383 1178 1287 1300 1243 1584 2182 8186 8185 8185 8185 8185 8186 
1311 1221 5729 16383 1174 1282 1298 1239 1584 8185 8186 8185 8185 8185 8185 8186 
1345 1289 5719 16383 1177 1285 1301 1243 1584 2151 8186 8185 8185 8185 8185 8186 
1314 1223 5728 16383 1175 1285 1299 1243 1584 8185 8186 8185 8185 8185 8185 8186 
1331 1292 5719 16383 1175 1284 1299 1241 1584 2157 8186 8185 8185 8185 8185 8186 
1297 1223 5734 16383 1175 1285 1298 1243 1584 8185 8186 8185 8185 8185 8185 8186 
1347 1259 5721 16383 1175 1283 1299 1242 1585 2221 8186 8185 8185 8185 8185 8186 
1365 1316 5718 16383 1174 1283 1298 1241 1584 2156 8186 8185 8185 8185 8185 8186 
1321 1223 5728 16383 1176 1283 1297 1241 1584 8185 8186 8185 8185 8185 8185 8186 
1314 1225 5722 16383 1178 1286 1299 1243 1584 8185 8186 8185 8185 8185 8185 8186 
1327 1222 5728 16383 1174 1283 1297 1242 1584 8185 8186 8185 8185 8185 8185 8186 
1328 1306 5726 16383 1174 1283 1298 1239 1585 2143 8186 8185 8185 8185 8185 8186 
1333 1281 5725 16383 1177 1286 1301 1243 1583 2167 8186 8185 8185 8185 8185 8186 
1311 1229 5720 16383 1175 1285 1301 1244 1584 8185 8186 8185 8185 8185 8185 8186 
1339 1246 5719 16383 1175 1285 1299 1243 1586 8185 8186 8185 8185 8185 8185 8186 
1318 1279 5727 16383 1174 1283 1297 1239 1583 2150 8186 8185 8185 8185 8185 8186 
1401 1413 5722 16383 1175 1283 1298 1243 1583 2147 8186 8185 8185 8185 8185 8186 
1322 1220 5719 16383 1175 1283 1299 1242 1584 8185 8186 8185 8186 8185 8185 8186 
1318 1222 5719 16383 1175 1285 1299 1243 1584 8186 8187 8186 8186 8186 8186 8187 
1341 1281 5721 16383 1175 1285 1299 1242 1584 2158 8186 8185 8185 8185 8185 8186 
1319 1273 5720 16383 1175 1283 1299 1242 1584 2159 8186 8185 8185 8185 8185 8186 
1315 1226 5721 16383 1175 1284 1299 1242 1584 8185 8186 8185 8185 8185 8185 8186 
1310 1225 5729 16383 1175 1285 1299 1245 1585 8185 8186 8185 8185 8185 8185 8186 
1353 1223 5734 16383 1177 1285 1302 1243 1584 8185 8186 8185 8185 8185 8185 8186 
1324 1228 5727 16383 1173 1283 1299 1239 1585 8185 8186 8185 8185 8185 8185 8186 
1302 1223 5727 16383 1175 1284 1299 1242 1585 8186 8187 8186 8186 8186 8186 8187 
1394 1223 5731 16383 1175 1283 1299 1242 1584 8185 8186 8185 8185 8185 8185 8186 
1307 1220 5726 16383 1175 1285 1299 1243 1584 8185 8186 8185 8185 8185 8185 8186 
1336 1220 5722 16383 1175 1284 1297 1241 1583 8185 8186 8185 8185 8185 8185 8186 
1323 1219 5720 16383 1173 1281 1297 1239 1585 8185 8186 8185 8185 8185 8185 8186 
1331 1222 5730 16383 1174 1283 1297 1239 1584 8185 8186 8185 8186 8185 8185 8186 
1298 1223 5731 16383 1175 1282 1298 1239 1584 8184 8186 8184 8185 8185 8185 8186 
1313 1228 5731 16383 1177 1285 1299 1241 1584 8185 8186 8185 8185 8185 8185 8186 
1333 1226 5721 16383 1175 1285 1299 1241 1585 8185 8186 8185 8186 8185 8185 8186 
1409 1221 5735 16383 1175 1284 1299 1243 1583 8185 8186 8185 8185 8185 8185 8186 
1326 1286 5726 16383 1177 1287 1301 1246 1585 2165 8186 8185 8185 8185 8185 8186 
1361 1303 5728 16383 1175 1284 1299 1243 1584 2165 8186 8185 8186 8185 8185 8186 
1318 1219 5727 16383 1174 1283 1297 1241 1584 8185 8186 8185 8185 8185 8185 8186 
1325 1276 5719 16383 1175 1285 1300 1242 1584 2156 8186 8185 8186 8185 8185 8186 
1315 1222 5728 16383 1173 1285 1298 1241 1584 8185 8186 8185 8185 8185 8185 8186 
1318 1281 5732 16383 1175 1283 1299 1240 1583 2130 8186 8185 8185 8185 8185 8186 
1315 1222 5735 16383 1175 1285 1299 1243 1584 8185 8186 8185 8185 8185 8185 8186 
1349 1355 5722 16383 1175 1284 1299 1242 1584 2154 8186 8185 8185 8185 8185 8186 
1311 1228 5727 16383 1175 1285 1299 1241 1584 8184 8185 8184 8184 8184 8184 8185 
1365 1322 5721 16383 1175 1285 1299 1239 1584 2165 8186 8185 8185 8185 8185 8186 
1317 1225 5729 16383 1175 1285 1300 1243 1584 8185 8186 8185 8185 8185 8185 8186 
1316 1229 5733 16383 1174 1283 1299 1243 1584 8185 8186 8185 8185 8185 8185 8186 
1313 1221 5723 16383 1175 1285 1299 1242 1585 8185 8186 8185 8185 8185 8185 8186 
1311 1229 5730 16383 1177 1283 1299 1242 1584 8185 8186 8185 8185 8185 8185 8186 
1329 1225 5728 16383 1175 1283 1298 1241 1584 8185 8186 8185 8185 8185 8185 8186 
1346 1291 5730 16383 1175 1284 1298 1242 1584 2148 8186 8185 8185 8185 8185 8186 
1323 1268 5729 16383 1175 1285 1301 1243 1584 2190 8186 8185 8185 8185 8185 8186 
1323 1268 5718 16383 1175 1286 1299 1241 1584 2181 8186 8185 8185 8185 8185 8186 
1312 1226 5726 16383 1175 1283 1299 1239 1584 8185 8186 8185 8185 8185 8185 8186 
1325 1221 5723 16383 1175 1283 1295 1241 1583 8185 8186 8185 8185 8185 8185 8186 
1310 1224 5731 16383 1177 1285 1299 1243 1584 8185 8186 8185 8185 8185 8185 8186 
1317 1224 5723 16383 1174 1285 1300 1242 1584 8185 8186 8185 8185 8185 8185 8186 
1316 1223 5733 16383 1175 1284 1299 1243 1584 8185 8186 8185 8185 8185 8185 8186 
1335 1253 5738 16383 1177 1285 1299 1243 1585 8185 8186 8185 8185 8185 8185 8186 
1340 1287 5725 16383 1175 1283 1297 1243 1583 2169 8186 8185 8185 8185 8185 8186 
1317 1231 5730 16383 1175 1285 1299 1239 1584 8185 8186 8185 8185 8185 8185 8186 
1323 1293 5719 16383 1174 1285 1299 1241 1583 2167 8187 8186 8186 8186 8186 8187 
1309 1223 5721 16383 1175 1283 1295 1241 1585 8185 8186 8185 8185 8185 8185 8186 
1330 1269 5722 16383 1175 1285 1299 1243 1584 2237 8187 8186 8186 8186 8186 8187 
1322 1270 5730 16383 1177 1284 1299 1243 1584 2178 8186 8185 8185 8185 8185 8186 
1325 1277 5718 16383 1175 1285 1299 1243 1584 2160 8186 8185 8185 8185 8185 8186 
1315 1223 5727 16383 1175 1283 1299 1243 1584 8185 8186 8185 8185 8185 8185 8186 
1319 1222 5726 16383 1174 1283 1298 1242 1584 8185 8186 8185 8185 8185 8185 8186 
1351 1333 5723 16383 1175 1285 1300 1243 1585 2150 8186 8185 8185 8185 8185 8186 
1357 1245 5731 16383 1175 1282 1298 1239 1584 8186 8187 8186 8186 8186 8186 8187 
1325 1227 5731 16383 1176 1283 1299 1243 1585 8185 8186 8185 8185 8185 8185 8186 
1352 1225 5734 16383 1175 1286 1299 1242 1584 8185 8186 8185 8185 8185 8185 8186 
1373 1285 5723 16383 1179 1287 1301 1244 1584 2186 8186 8185 8185 8185 8185 8186 
1317 1227 5721 16383 1176 1287 1301 1242 1584 8186 8187 8186 8186 8186 8186 8187 
1309 1219 5722 16383 1175 1285 1299 1242 1584 8185 8186 8185 8185 8185 8185 8186 
1320 1321 5723 16383 1175 1287 1301 1243 1584 2118 8187 8186 8186 8186 8186 8187 
1317 1260 5733 16383 1175 1284 1299 1243 1584 2198 8186 8185 8185 8185 8185 8186 
1297 1223 5723 16383 1175 1283 1299 1242 1584 8185 8186 8185 8185 8185 8185 8186 
1315 1250 5729 16383 1175 1283 1295 1241 1584 8185 8186 8185 8185 8185 8185 8186 
1315 1225 5735 16383 1175 1283 1299 1242 1585 8185 8186 8185 8185 8185 8185 8186 
1365 1230 5725 16383 1174 1284 1299 1242 1584 8185 8186 8185 8185 8185 8185 8186 
1330 1226 5726 16383 1175 1283 1299 1243 1584 8185 8186 8185 8185 8185 8185 8186 
1323 1227 5728 16383 1175 1287 1299 1243 1584 8185 8186 8185 8185 8185 8185 8186 
1334 1277 5733 16383 1175 1285 1300 1241 1584 2187 8186 8185 8185 8185 8185 8186 
1315 1226 5729 16383 1175 1284 1299 1241 1584 8185 8186 8185 8185 8185 8185 8186 
1316 1287 5732 16383 1175 1285 1299 1241 1584 2128 8186 8185 8185 8185 8185 8186 
1319 1221 5723 16383 1175 1285 1301 1243 1584 8185 8186 8185 8185 8185 8185 8186 
1315 1226 5725 16383 1175 1285 1299 1243 1584 8185 8186 8185 8185 8185 8185 8186 
1332 1353 5731 16383 1177 1285 1300 1242 1584 2130 8186 8185 8186 8185 8185 8186 
1311 1222 5731 16383 1175 1284 1299 1242 1584 8185 8186 8185 8185 8185 8185 8186 
1321 1271 5726 16383 1174 1283 1299 1241 1584 2164 8186 8185 8185 8185 8185 8186 
1325 1291 5731 16383 1175 1284 1300 1241 1584 2155 8186 8185 8185 8185 8185 8186 
1316 1225 5730 16383 1177 1284 1299 1243 1584 8185 8186 8185 8185 8185 8185 8186 
1331 1223 5726 16383 1177 1286 1301 1245 1584 8185 8186 8185 8187 8185 8185 8186 
1355 1418 5723 16383 1177 1285 1299 1243 1584 2138 8187 8186 8186 8186 8186 8187 
1556 1227 5722 16383 1177 1285 1299 1243 1583 8185 8186 8185 8185 8185 8185 8186 
1303 1223 5731 16383 1175 1285 1299 1241 1584 8185 8186 8185 8185 8185 8185 8186 
1331 1275 5728 16383 1175 1285 1299 1242 1584 2152 8186 8185 8185 8185 8185 8186 
1311 1223 5734 16383 1175 1285 1299 1244 1584 8185 8186 8185 8185 8185 8185 8186 
1326 1281 5731 16383 1174 1283 1297 1239 1584 2176 8186 8185 8185 8185 8185 8186 
1326 1226 5731 16383 1173 1283 1299 1241 1584 8185 8186 8185 8185 8185 8185 8186 
1317 1263 5719 16383 1175 1283 1299 1241 1584 2172 8186 8185 8185 8185 8185 8186 
1326 1291 5719 16383 1175 1285 1298 1242 1584 2134 8186 8185 8185 8185 8185 8186 
1338 1226 5733 16383 1177 1285 1299 1241 1584 8184 8185 8184 8185 8184 8184 8185 
1315 1269 5731 16383 1175 1282 1298 1241 1584 2157 8186 8185 8185 8185 8185 8186 
1313 1225 5731 16383 1176 1285 1299 1243 1584 8185 8186 8185 8185 8185 8185 8186 
1341 1299 5733 16383 1175 1285 1298 1242 1584 2160 8186 8185 8185 8185 8185 8186 
1311 1227 5725 16383 1176 1284 1301 1242 1584 8185 8186 8185 8185 8185 8185 8186 
1418 1245 5733 16383 1178 1284 1300 1243 1584 8185 8186 8185 8185 8185 8185 8186 
1321 1225 5729 16383 1175 1286 1300 1242 1584 8186 8187 8186 8186 8186 8186 8187 
1329 1365 5727 16383 1177 1283 1299 1242 1584 2112 8186 8185 8185 8185 8185 8186 
1340 1223 5727 16383 1175 1287 1299 1241 1584 8185 8186 8185 8185 8185 8185 8186 
1333 1271 5719 16383 1179 1285 1301 1244 1584 2169 8186 8185 8185 8185 8185 8186 
1317 1226 5731 16383 1177 1285 1299 1243 1584 8185 8186 8185 8185 8185 8185 8186 
1312 1221 5725 16383 1175 1284 1298 1241 1584 8185 8186 8185 8185 8185 8185 8186 
1316 1226 5723 16383 1175 1284 1298 1242 1584 8185 8186 8185 8185 8185 8185 8186 
1313 1287 5719 16383 1175 1283 1297 1241 1584 2113 8187 8186 8186 8186 8186 8187 
1316 1261 5728 16383 1175 1286 1298 1243 1584 2192 8186 8185 8185 8185 8185 8186 
1317 1291 5718 16383 1174 1283 1298 1240 1584 2146 8186 8185 8185 8185 8185 8186 
1317 1225 5730 16383 1174 1283 1297 1242 1584 8185 8186 8185 8185 8185 8185 8186 
1323 1223 5723 16383 1175 1285 1299 1242 1584 8185 8186 8185 8185 8185 8185 8186 
1297 1223 5720 16383 1175 1283 1299 1241 1584 8185 8186 8185 8185 8185 8185 8186 
1325 1225 5719 16383 1175 1283 1298 1240 1584 8185 8186 8185 8185 8185 8185 8186 
1331 1225 5721 16383 1175 1283 1299 1243 1584 8185 8186 8185 8185 8185 8185 8186 
1316 1225 5727 16383 1175 1285 1299 1242 1585 8185 8186 8185 8186 8185 8185 8186 
1313 1220 5733 16383 1177 1285 1299 1242 1584 8185 8186 8185 8185 8185 8185 8186 
1346 1221 5724 16383 1176 1285 1299 1243 1584 8184 8185 8184 8184 8184 8184 8185 
1330 1269 5717 16383 1175 1283 1299 1242 1584 2173 8186 8185 8185 8185 8185 8186 
1325 1226 5728 16383 1175 1285 1298 1242 1584 8185 8186 8185 8185 8185 8185 8186 
1318 1273 5726 16383 1175 1285 1300 1242 1584 2156 8186 8185 8185 8185 8185 8186 
1307 1227 5727 16383 1175 1286 1299 1243 1584 8185 8186 8185 8185 8185 8185 8186 
1319 1242 5728 16383 1175 1283 1297 1242 1585 8185 8186 8185 8185 8185 8185 8186 
1323 1263 5719 16383 1177 1285 1299 1245 1585 2174 8186 8185 8185 8185 8185 8186 
1327 1263 5719 16383 1175 1283 1298 1243 1583 2186 8186 8185 8185 8185 8185 8186 
1323 1225 5721 16383 1176 1285 1299 1242 1584 8185 8186 8185 8185 8185 8185 8186 
1319 1225 5719 16383 1177 1285 1299 1243 1584 8185 8186 8185 8185 8185 8185 8186 
1339 1278 5725 16383 1175 1285 1299 1242 1584 2166 8185 8184 8184 8184 8184 8185 
1425 1226 5725 16383 1177 1285 1299 1242 1584 8185 8186 8185 8185 8185 8185 8186 
1309 1222 5730 16383 1175 1285 1295 1241 1584 8186 8187 8186 8186 8186 8186 8187 
1310 1228 5731 16383 1177 1282 1299 1243 1584 8185 8186 8185 8185 8185 8185 8186 
1311 1223 5719 16383 1175 1282 1298 1241 1585 8185 8186 8185 8185 8185 8185 8186 
1309 1231 5725 16383 1178 1285 1299 1245 1584 8185 8186 8185 8185 8185 8185 8186 
1315 1228 5729 16383 1175 1285 1298 1242 1584 8185 8186 8185 8185 8185 8185 8186 
1317 1274 5721 16383 1175 1283 1298 1243 1585 2156 8186 8185 8185 8185 8185 8186 
1361 1303 5727 16383 1175 1283 1299 1241 1584 2162 8186 8185 8185 8185 8185 8186 
1332 1308 5725 16383 1174 1284 1298 1242 1585 2142 8186 8185 8185 8185 8185 8186 
1318 1237 5719 16383 1175 1284 1301 1245 1584 8186 8187 8186 8186 8186 8186 8187 
1314 1269 5719 16383 1175 1284 1298 1242 1584 2146 8186 8185 8185 8185 8185 8186 
1326 1241 5722 16383 1175 1284 1299 1243 1584 8185 8186 8185 8185 8185 8185 8186 
1352 1223 5718 16383 1175 1285 1297 1239 1584 8185 8186 8185 8185 8185 8185 8186 
1325 1283 5721 16383 1175 1284 1299 1243 1584 2165 8186 8185 8185 8185 8185 8186 
1313 1226 5727 16383 1179 1285 1303 1243 1584 8185 8186 8185 8186 8186 8186 8187 
1325 1292 5728 16383 1175 1283 1298 1241 1585 2159 8186 8185 8185 8185 8185 8186 
1346 1226 5719 16383 1174 1284 1298 1242 1585 8185 8186 8185 8185 8185 8185 8186 
1367 1309 5719 16383 1175 1283 1299 1243 1584 2168 8186 8185 8185 8185 8185 8186 
1309 1223 5731 16383 1175 1283 1299 1241 1584 8185 8186 8185 8185 8185 8185 8186 
1338 1282 5731 16383 1177 1287 1301 1245 1584 2161 8186 8185 8185 8185 8185 8186 
1321 1227 5721 16383 1173 1283 1298 1242 1584 8185 8186 8185 8185 8185 8185 8186 
1299 1226 5733 16383 1175 1285 1299 1242 1584 8185 8186 8185 8185 8185 8185 8186 
1431 1290 5727 16383 1175 1283 1301 1243 1584 2188 8186 8185 8185 8185 8185 8186 
1327 1277 5728 16383 1175 1285 1298 1242 1584 2173 8186 8185 8185 8185 8185 8186 
1347 1267 5733 16383 1179 1285 1300 1246 1583 2195 8186 8185 8185 8185 8185 8186 
1331 1284 5730 16383 1177 1286 1302 1245 1584 2170 8186 8185 8185 8185 8185 8186 
1302 1226 5732 16383 1175 1284 1299 1243 1584 8185 8186 8185 8185 8185 8185 8186 
1331 1225 5719 16383 1177 1284 1298 1241 1584 8185 8186 8185 8185 8185 8185 8186 
1315 1222 5733 16383 1175 1283 1298 1241 1584 8185 8186 8185 8185 8185 8185 8186 
1339 1229 5717 16383 1175 1284 1299 1242 1584 8186 8187 8186 8186 8186 8186 8187 
1295 1223 5719 16383 1175 1282 1297 1239 1584 8185 8186 8185 8185 8185 8185 8186 
1333 1347 5717 16383 1179 1286 1302 1245 1584 2135 8186 8185 8185 8185 8185 8186 
1333 1390 5719 16383 1175 1285 1300 1243 1584 2129 8186 8185 8185 8185 8185 8186 
1387 1230 5731 16383 1175 1284 1299 1241 1584 8186 8187 8186 8186 8186 8186 8187 
1330 1273 5719 16383 1173 1283 1298 1241 1584 2172 8186 8185 8185 8185 8185 8186 
1307 1223 5717 16383 1174 1283 1299 1239 1584 8185 8186 8185 8185 8185 8185 8186 
1307 1223 5725 16383 1175 1283 1300 1239 1584 8185 8186 8185 8186 8185 8185 8186 
1321 1272 5731 16383 1175 1285 1301 1242 1584 2169 8186 8185 8185 8185 8185 8186 
1351 1305 5721 16383 1175 1283 1299 1242 1584 2167 8186 8185 8185 8185 8185 8186 
1301 1221 5718 16383 1173 1283 1297 1239 1584 8186 8187 8186 8186 8186 8186 8187 
1317 1225 5731 16383 1177 1286 1299 1243 1584 8185 8186 8185 8185 8185 8185 8186 
1338 1225 5727 16383 1175 1286 1298 1243 1584 8186 8187 8186 8186 8186 8186 8187 
1335 1227 5731 16383 1175 1285 1299 1243 1584 8186 8187 8186 8186 8186 8186 8187 
1316 1239 5729 16383 1175 1285 1299 1242 1584 8185 8186 8185 8185 8185 8185 8186 
1349 1223 5731 16383 1174 1283 1299 1243 1584 8185 8186 8185 8185 8185 8185 8186 
1338 1256 5719 16383 1174 1284 1299 1243 1585 2221 8186 8185 8185 8185 8185 8186 
1305 1227 5730 16383 1177 1283 1299 1242 1584 8186 8187 8186 8186 8186 8186 8187 
1326 1290 5731 16383 1173 1283 1298 1242 1584 2168 8187 8186 8186 8186 8186 8187 
1353 1225 5723 16383 1175 1284 1298 1239 1584 8185 8186 8185 8185 8185 8185 8186 
1323 1223 5722 16383 1178 1286 1299 1244 1584 8185 8186 8185 8185 8185 8185 8186 
1331 1266 5729 16383 1175 1285 1298 1243 1584 2204 8186 8185 8185 8185 8185 8186 
1331 1263 5715 16383 1175 1281 1298 1241 1584 2213 8186 8185 8185 8185 8185 8186 
1516 1230 5717 16383 1177 1283 1301 1245 1584 8185 8186 8185 8185 8185 8185 8186 
1311 1225 5727 16383 1177 1284 1297 1242 1584 8185 8186 8185 8185 8185 8185 8186 
1327 1222 5730 16383 1174 1283 1295 1239 1585 8186 8187 8186 8186 8186 8186 8187 
1336 1275 5717 16383 1175 1287 1301 1243 1584 2182 8186 8185 8186 8185 8185 8186 
1357 1289 5714 16383 1174 1283 1297 1239 1584 2176 8186 8185 8185 8185 8185 8186 
1334 1281 5715 16383 1175 1285 1300 1245 1584 2165 8186 8185 8185 8185 8185 8186 
1333 1233 5729 16383 1177 1284 1299 1243 1584 8185 8186 8185 8185 8185 8185 8186 
1317 1266 5727 16383 1175 1285 1301 1242 1584 2173 8186 8185 8185 8185 8185 8186 
1395 1398 5718 16383 1175 1284 1299 1243 1585 2138 8186 8185 8185 8185 8185 8186 
1321 1253 5725 16383 1177 1285 1299 1241 1584 8185 8186 8185 8185 8185 8185 8186 
1327 1301 5717 16383 1177 1285 1299 1242 1584 2137 8185 8184 8184 8184 8184 8185 
1341 1283 5717 16383 1177 1283 1299 1242 1584 2176 8186 8185 8185 8185 8185 8186 
1300 1221 5729 16383 1175 1284 1300 1241 1585 8185 8186 8185 8185 8185 8185 8186 
1348 1303 5729 16383 1175 1283 1295 1241 1584 2156 8186 8185 8185 8185 8185 8186 
1320 1289 5727 16383 1175 1283 1299 1241 1583 2158 8186 8185 8185 8185 8185 8186 
1330 1271 5719 16383 1175 1283 1298 1241 1584 2195 8186 8185 8185 8185 8185 8186 
1315 1223 5734 16383 1175 1286 1298 1243 1584 8185 8186 8185 8185 8185 8185 8186 
1315 1225 5730 16383 1175 1283 1297 1241 1584 8186 8187 8186 8186 8186 8186 8187 
1321 1319 5726 16383 1176 1285 1299 1242 1584 2130 8187 8186 8186 8186 8186 8187 
1321 1225 5721 16383 1175 1282 1299 1241 1584 8185 8186 8185 8185 8185 8185 8186 
1326 1227 5725 16383 1176 1286 1299 1242 1584 8185 8186 8185 8185 8185 8185 8186 
1320 1276 5727 16383 1175 1283 1298 1239 1584 2148 8186 8185 8185 8185 8185 8186 
1335 1225 5727 16383 1175 1284 1298 1241 1584 8186 8187 8186 8186 8186 8186 8187 
1317 1226 5719 16383 1177 1286 1301 1243 1584 8185 8186 8185 8185 8185 8185 8186 
1319 1228 5731 16383 1177 1285 1299 1244 1584 8186 8187 8186 8186 8186 8186 8187 
1348 1221 5721 16383 1175 1283 1299 1243 1584 8185 8186 8185 8185 8185 8185 8186 
1313 1228 5717 16383 1175 1284 1299 1241 1584 8184 8185 8184 8184 8184 8184 8185 
1339 1225 5723 16383 1175 1285 1298 1241 1584 8185 8186 8185 8185 8185 8185 8186 
1323 1223 5719 16383 1177 1285 1300 1243 1584 8185 8186 8185 8185 8185 8185 8186 
1318 1226 5733 16383 1176 1285 1298 1243 1585 8185 8186 8185 8185 8185 8185 8186 
1390 1295 5730 16383 1175 1283 1298 1243 1585 2182 8186 8185 8185 8185 8185 8186 
1318 1266 5733 16383 1175 1283 1298 1242 1584 2161 8186 8185 8185 8185 8185 8186 
1313 1224 5727 16383 1177 1287 1301 1244 1585 8185 8186 8185 8185 8185 8185 8186 
1332 1218 5731 16383 1173 1282 1299 1242 1584 8186 8187 8186 8186 8186 8186 8187 
1317 1285 5719 16383 1175 1287 1301 1245 1585 2126 8186 8185 8185 8185 8185 8186 
1362 1244 5729 16383 1175 1283 1299 1241 1585 8185 8186 8185 8185 8185 8185 8186 
1331 1219 5718 16383 1177 1286 1299 1241 1585 8185 8186 8185 8185 8185 8185 8186 
1315 1312 5729 16383 1174 1283 1299 1241 1584 2140 8186 8185 8185 8185 8185 8186 
1315 1225 5731 16383 1175 1285 1299 1243 1584 8185 8186 8185 8185 8185 8185 8186 
1327 1285 5730 16383 1175 1285 1298 1242 1584 2159 8187 8186 8186 8186 8186 8187 
1318 1222 5723 16383 1174 1283 1298 1239 1584 8185 8186 8185 8185 8185 8185 8186 
1315 1223 5723 16383 1175 1283 1300 1241 1585 8185 8186 8185 8185 8185 8185 8186 
1310 1225 5727 16383 1175 1285 1299 1243 1584 8185 8186 8185 8185 8185 8185 8186 
1323 1223 5735 16383 1175 1284 1301 1243 1584 8185 8186 8185 8185 8185 8185 8186 
1383 1223 5721 16383 1175 1285 1298 1241 1584 8185 8186 8185 8185 8185 8185 8186 
1335 1225 5728 16383 1174 1285 1299 1243 1585 8185 8186 8185 8185 8185 8185 8186 
1335 1329 5724 16383 1174 1283 1299 1241 1584 2134 8187 8186 8187 8186 8186 8187 
1364 1295 5719 16383 1174 1284 1298 1241 1584 2167 8187 8186 8186 8186 8186 8187 
1426 1338 5725 16383 1175 1285 1301 1243 1584 2166 8186 8186 8186 8186 8186 8187 
1341 1223 5730 16383 1175 1283 1298 1242 1585 8185 8186 8185 8185 8185 8185 8186 
1314 1225 5721 16383 1178 1285 1299 1243 1584 8186 8187 8186 8186 8186 8186 8187 
1318 1221 5728 16383 1177 1284 1299 1243 1585 8185 8186 8185 8185 8185 8185 8186 
1316 1226 5727 16383 1175 1284 1299 1241 1585 8185 8186 8186 8186 8186 8186 8187 
1347 1301 5711 16383 1177 1283 1298 1243 1584 2153 8185 8184 8184 8184 8184 8185 
1314 1223 5719 16383 1175 1283 1299 1243 1585 8185 8186 8185 8185 8185 8185 8186 
1330 1267 5732 16383 1176 1284 1298 1241 1584 2184 8187 8186 8186 8186 8186 8187 
1322 1267 5719 16383 1175 1283 1299 1241 1584 2169 8187 8186 8186 8186 8186 8187 
1329 1259 5722 16383 1178 1285 1301 1245 1585 8185 8186 8185 8185 8185 8185 8186 
1316 1223 5728 16383 1175 1282 1298 1239 1584 8185 8186 8185 8185 8185 8185 8186 
1339 1314 5723 16383 1175 1283 1295 1241 1583 2157 8187 8186 8186 8186 8186 8187 
1326 1231 5733 16383 1179 1287 1302 1245 1585 8185 8186 8185 8185 8185 8185 8186 
1322 1225 5725 16383 1175 1285 1299 1241 1584 8186 8187 8186 8186 8186 8186 8187 
1319 1281 5731 16383 1177 1283 1299 1239 1584 2155 8186 8185 8186 8185 8185 8186 
1315 1222 5731 16383 1174 1282 1295 1239 1584 8186 8187 8186 8186 8186 8186 8187 
1319 1225 5721 16383 1175 1283 1298 1242 1584 8186 8187 8186 8186 8186 8186 8187 
1321 1225 5732 16383 1175 1284 1299 1241 1584 8185 8186 8185 8185 8185 8185 8186 
1343 1277 5725 16383 1175 1283 1299 1245 1584 2180 8186 8185 8185 8185 8185 8186 
1333 1223 5720 16383 1174 1281 1297 1239 1584 8185 8186 8185 8185 8185 8185 8186 
1420 1225 5732 16383 1175 1284 1299 1242 1584 8185 8186 8185 8185 8185 8185 8186 
1326 1285 5717 16383 1175 1285 1298 1242 1585 2154 8186 8185 8185 8185 8185 8186 
1331 1289 5727 16383 1177 1286 1300 1242 1584 2155 8187 8186 8186 8186 8186 8187 
1325 1220 5726 16383 1173 1285 1298 1239 1584 8185 8186 8185 8185 8185 8185 8186 
1315 1293 5725 16383 1175 1286 1299 1242 1584 2140 8186 8185 8185 8185 8185 8186 
1355 1226 5719 16383 1175 1282 1295 1241 1584 8185 8186 8185 8185 8185 8185 8186 
1325 1269 5731 16383 1173 1283 1295 1241 1584 2180 8186 8185 8185 8185 8185 8186 
1317 1223 5737 16383 1177 1286 1299 1243 1584 8185 8186 8185 8185 8185 8185 8186 
1315 1223 5732 16383 1177 1287 1299 1242 1585 8185 8186 8185 8185 8185 8185 8186 
1325 1293 5727 16383 1177 1287 1301 1245 1585 2147 8186 8185 8185 8185 8185 8186 
1334 1311 5732 16383 1175 1283 1299 1241 1585 2154 8186 8185 8185 8185 8185 8186 
1332 1271 5734 16383 1175 1285 1299 1242 1583 2181 8186 8185 8185 8185 8185 8186 
1313 1226 5726 16383 1175 1285 1299 1242 1584 8186 8187 8186 8186 8186 8186 8187 
1319 1226 5733 16383 1177 1285 1299 1242 1584 8185 8186 8185 8185 8185 8185 8186 
1329 1281 5729 16383 1175 1283 1298 1242 1584 2164 8186 8185 8185 8185 8185 8186 
1335 1290 5722 16383 1177 1285 1299 1241 1584 2158 8186 8185 8186 8185 8185 8186 
1315 1227 5718 16383 1175 1284 1298 1243 1585 8185 8186 8185 8185 8185 8185 8186 
1317 1277 5726 16383 1178 1285 1299 1243 1584 2124 8186 8185 8185 8185 8185 8186 
1317 1281 5731 16383 1177 1285 1299 1243 1584 2146 8187 8186 8187 8186 8186 8187 
1315 1221 5725 16383 1177 1284 1298 1243 1584 8185 8186 8185 8185 8185 8185 8186 
1317 1268 5728 16383 1175 1285 1299 1242 1584 2178 8187 8186 8186 8186 8186 8187 
1350 1273 5727 16383 1177 1286 1299 1242 1584 2173 8186 8185 8185 8185 8185 8186 
1325 1281 5729 16383 1175 1283 1298 1243 1584 2151 8187 8186 8186 8186 8186 8187 
1318 1258 5725 16383 1175 1283 1297 1242 1585 8186 8187 8186 8186 8186 8186 8187 
1339 1221 5730 16383 1177 1286 1299 1241 1584 8185 8186 8185 8185 8185 8185 8186 
1321 1226 5731 16383 1175 1285 1299 1243 1584 8185 8186 8185 8185 8185 8185 8186 
1330 1274 5728 16383 1174 1283 1298 1243 1583 2166 8187 8186 8186 8186 8186 8187 
1341 1322 5725 16383 1175 1283 1299 1243 1584 2156 8186 8185 8185 8185 8185 8186 
1315 1225 5727 16383 1177 1285 1300 1244 1584 8185 8186 8185 8185 8185 8185 8186 
1341 1222 5734 16383 1175 1285 1299 1243 1584 8185 8186 8185 8185 8185 8185 8186 
1363 1321 5726 16383 1175 1283 1299 1243 1584 2150 8186 8185 8185 8185 8185 8186 
1325 1278 5722 16383 1176 1283 1300 1243 1584 2149 8186 8185 8185 8185 8185 8186 
1323 1225 5733 16383 1175 1285 1301 1243 1584 8186 8187 8186 8186 8186 8186 8187 
1334 1266 5719 16383 1175 1285 1299 1243 1584 2214 8186 8185 8185 8185 8185 8186 
1309 1221 5731 16383 1177 1285 1295 1242 1585 8185 8186 8185 8185 8185 8185 8186 
1325 1283 5734 16383 1175 1285 1299 1239 1585 2158 8186 8185 8185 8185 8185 8186 
1326 1269 5729 16383 1177 1285 1300 1243 1583 2177 8186 8185 8185 8185 8185 8186 
1322 1271 5729 16383 1175 1283 1299 1243 1585 2161 8185 8184 8184 8184 8184 8185 
1324 1261 5722 16383 1175 1284 1299 1242 1584 2177 8186 8185 8185 8185 8185 8186 
1316 1222 5722 16383 1175 1286 1299 1242 1585 8185 8186 8185 8185 8185 8185 8186 
1328 1302 5722 16383 1175 1283 1299 1241 1584 2137 8186 8185 8185 8185 8185 8186 
1297 1252 5721 16383 1175 1282 1298 1242 1584 8185 8186 8185 8185 8185 8185 8186 
1344 1275 5719 16383 1175 1283 1297 1242 1584 2187 8185 8184 8184 8184 8184 8185 
1321 1274 5733 16383 1175 1284 1297 1242 1584 2159 8186 8185 8185 8185 8185 8186 
1301 1222 5728 16383 1174 1283 1297 1243 1583 8185 8186 8185 8185 8185 8185 8186 
1321 1227 5733 16383 1175 1285 1301 1243 1584 8185 8186 8185 8185 8185 8185 8186 
1322 1267 5737 16383 1175 1285 1298 1242 1584 2172 8186 8185 8185 8185 8185 8186 
1317 1226 5717 16383 1178 1283 1300 1241 1584 8186 8187 8186 8186 8186 8186 8187 
1331 1225 5723 16383 1175 1286 1301 1245 1584 8185 8186 8185 8185 8185 8185 8186 
1314 1219 5735 16383 1175 1282 1299 1241 1584 8185 8186 8185 8185 8185 8185 8186 
1314 1222 5724 16383 1173 1284 1295 1239 1585 8185 8186 8185 8185 8185 8185 8186 
1394 1219 5726 16383 1174 1283 1299 1241 1584 8185 8186 8185 8185 8185 8185 8186 
1319 1227 5727 16383 1175 1283 1297 1242 1584 8185 8186 8185 8185 8185 8185 8186 
1316 1228 5722 16383 1175 1283 1298 1241 1584 8185 8186 8185 8185 8185 8185 8186 
1317 1225 5727 16383 1174 1283 1298 1241 1584 8186 8187 8186 8186 8186 8186 8187 
1348 1286 5725 16383 1175 1284 1299 1242 1584 2166 8186 8185 8185 8185 8185 8186 
1363 1225 5726 16383 1177 1285 1301 1243 1584 8185 8186 8185 8185 8185 8185 8186 
1320 1275 5730 16383 1175 1283 1299 1242 1584 2165 8186 8185 8185 8185 8185 8186 
1299 1219 5721 16383 1174 1283 1299 1239 1584 8185 8186 8185 8185 8185 8185 8186 
1418 1231 5729 16383 1175 1285 1298 1242 1584 8185 8186 8185 8185 8185 8185 8186 
1325 1283 5725 16383 1179 1286 1301 1244 1584 2141 8186 8185 8185 8185 8185 8186 
1341 1223 5723 16383 1175 1285 1301 1240 1584 8185 8186 8185 8185 8185 8185 8186 
1327 1227 5719 16383 1174 1283 1298 1241 1584 8185 8186 8185 8185 8185 8185 8186 
1325 1227 5731 16383 1175 1285 1299 1243 1584 8185 8186 8185 8185 8185 8185 8186 
1323 1260 5721 16383 1177 1286 1299 1245 1584 8185 8186 8185 8185 8185 8185 8186 
1450 1225 5736 16383 1175 1284 1298 1241 1584 8186 8187 8186 8186 8186 8186 8187 
1349 1425 5723 16383 1175 1285 1299 1241 1584 2127 8186 8185 8185 8185 8185 8186 
1335 1226 5722 16383 1175 1285 1301 1243 1584 8185 8186 8185 8185 8185 8185 8186 
1319 1287 5725 16383 1175 1285 1299 1242 1584 2143 8187 8186 8186 8186 8186 8187 
1327 1221 5733 16383 1175 1283 1295 1242 1585 8185 8186 8185 8185 8185 8185 8186 
1311 1221 5723 16383 1177 1284 1299 1243 1584 8185 8186 8185 8185 8185 8185 8186 
1321 1227 5729 16383 1177 1286 1299 1245 1585 8185 8186 8185 8185 8185 8185 8186 
1329 1252 5721 16383 1177 1285 1299 1242 1584 8185 8186 8185 8185 8185 8185 8186 
1324 1229 5732 16383 1175 1283 1297 1242 1585 8186 8187 8186 8187 8186 8186 8187 
1314 1222 5720 16383 1174 1285 1299 1244 1585 8185 8186 8185 8185 8185 8185 8186 
1342 1271 5730 16383 1175 1285 1299 1242 1583 2176 8186 8185 8185 8185 8185 8186 
1323 1282 5733 16383 1175 1285 1299 1242 1584 2136 8186 8185 8185 8185 8185 8186 
1347 1253 5719 16383 1175 1283 1299 1243 1585 8185 8186 8185 8185 8185 8185 8186 
1321 1268 5733 16383 1175 1282 1297 1242 1584 2223 8186 8185 8185 8185 8185 8186 
1374 1291 5727 16383 1176 1285 1297 1243 1584 2187 8186 8185 8185 8185 8185 8186 
1299 1223 5723 16383 1175 1286 1300 1243 1584 8185 8186 8185 8185 8185 8185 8186 
1323 1223 5724 16383 1175 1284 1299 1242 1584 8185 8186 8185 8185 8185 8185 8186 
1339 1223 5725 16383 1175 1285 1299 1245 1584 8186 8187 8186 8186 8186 8186 8187 
1322 1277 5733 16383 1175 1284 1298 1242 1584 2170 8186 8185 8185 8185 8185 8186 
1328 1275 5729 16383 1175 1286 1299 1242 1585 2176 8186 8185 8186 8185 8185 8186 
1338 1324 5725 16383 1178 1285 1299 1244 1584 2143 8187 8186 8186 8186 8186 8187 
1341 1223 5719 16383 1175 1285 1298 1242 1585 8185 8186 8185 8185 8185 8185 8186 
1330 1275 5727 16383 1175 1284 1298 1243 1584 2167 8186 8185 8185 8185 8185 8186 
1353 1241 5723 16383 1175 1283 1298 1243 1584 8185 8186 8185 8185 8185 8185 8186 
1323 1271 5727 16383 1175 1282 1298 1241 1585 2160 8186 8185 8185 8185 8185 8186 
1334 1223 5719 16383 1178 1284 1299 1243 1583 8185 8186 8185 8185 8185 8185 8186 
1327 1235 5732 16383 1175 1281 1298 1243 1584 8185 8186 8185 8185 8185 8185 8186 
1318 1226 5727 16383 1177 1283 1301 1243 1584 8185 8186 8185 8185 8185 8185 8186 
1476 1229 5724 16383 1174 1285 1299 1243 1584 8186 8187 8186 8186 8186 8186 8187 
1331 1275 5727 16383 1177 1285 1299 1244 1584 2158 8187 8186 8186 8186 8186 8187 
1324 1223 5719 16383 1175 1285 1299 1242 1584 8185 8186 8185 8185 8185 8185 8186 
1325 1279 5722 16383 1175 1285 1299 1243 1584 2149 8186 8185 8185 8185 8185 8186 
1323 1225 5719 16383 1175 1285 1300 1243 1584 8186 8187 8186 8186 8186 8186 8187 
1313 1226 5725 16383 1175 1287 1299 1243 1583 8185 8186 8185 8185 8185 8185 8186 
1317 1289 5729 16383 1177 1286 1299 1243 1584 2126 8187 8186 8186 8186 8186 8187 
1322 1255 5728 16383 1178 1285 1299 1243 1584 8184 8185 8184 8184 8184 8184 8185 
1315 1343 5729 16383 1175 1283 1299 1242 1584 2115 8187 8186 8186 8186 8186 8187 
1311 1218 5721 16383 1175 1285 1299 1243 1585 8185 8186 8185 8185 8185 8185 8186 
1297 1223 5729 16383 1175 1283 1297 1240 1584 8185 8186 8185 8185 8185 8185 8186 
1316 1261 5731 16383 1174 1285 1299 1243 1584 2171 8186 8185 8185 8185 8185 8186 
1311 1225 5733 16383 1175 1283 1299 1241 1584 8184 8185 8184 8184 8184 8184 8185 
1336 1306 5725 16383 1174 1283 1297 1242 1584 2147 8186 8185 8185 8185 8185 8186 
1317 1266 5731 16383 1175 1283 1298 1243 1584 2181 8186 8185 8185 8185 8185 8186 
1331 1225 5733 16383 1177 1286 1298 1241 1584 8185 8186 8185 8185 8185 8185 8186 
1319 1225 5723 16383 1173 1283 1299 1240 1584 8185 8186 8185 8185 8185 8185 8186 
1319 1275 5721 16383 1173 1284 1297 1242 1584 2163 8186 8185 8185 8185 8185 8186 
1318 1229 5733 16383 1175 1287 1301 1243 1584 8184 8185 8184 8184 8184 8184 8185 
1301 1225 5733 16383 1173 1282 1295 1241 1583 8185 8186 8185 8185 8185 8185 8186 
1306 1223 5729 16383 1175 1283 1297 1241 1584 8186 8187 8186 8186 8186 8186 8187 
1329 1227 5729 16383 1177 1283 1299 1243 1584 8185 8186 8185 8185 8185 8185 8186 
1342 1282 5725 16383 1175 1283 1301 1242 1585 2178 8187 8186 8186 8186 8186 8187 
1314 1227 5723 16383 1177 1284 1299 1241 1585 8185 8186 8185 8185 8185 8185 8186 
1316 1225 5737 16383 1177 1286 1301 1243 1584 8185 8186 8185 8185 8185 8185 8186 
1377 1229 5731 16383 1175 1285 1300 1242 1585 8185 8186 8185 8185 8185 8185 8186 
1335 1239 5723 16383 1175 1285 1299 1243 1584 8185 8186 8185 8185 8185 8185 8186 
1333 1297 5731 16383 1175 1285 1299 1243 1584 2161 8187 8186 8186 8186 8186 8187 
1438 1249 5719 16383 1177 1283 1301 1245 1585 8185 8186 8185 8185 8185 8185 8186 
1338 1286 5725 16383 1175 1287 1297 1243 1584 2170 8186 8185 8185 8185 8185 8186 
1311 1223 5733 16383 1174 1282 1298 1241 1584 8185 8186 8185 8185 8185 8185 8186 
1310 1222 5717 16383 1175 1286 1299 1244 1585 8185 8186 8185 8185 8185 8185 8186 
1357 1294 5719 16383 1177 1284 1299 1243 1585 2171 8186 8185 8185 8185 8185 8186 
1351 1228 5733 16383 1175 1284 1300 1242 1584 8184 8185 8184 8184 8184 8184 8185 
1326 1227 5720 16383 1175 1285 1299 1241 1584 8185 8186 8185 8185 8185 8185 8186 
1322 1229 5735 16383 1177 1286 1301 1245 1585 8185 8186 8185 8185 8185 8185 8186 
1326 1283 5717 16383 1175 1282 1298 1239 1584 2160 8186 8185 8185 8185 8185 8186 
1316 1265 5722 16383 1177 1286 1299 1243 1584 2163 8186 8185 8185 8185 8185 8186 
1316 1260 5717 16383 1175 1283 1298 1239 1583 2160 8186 8185 8186 8185 8185 8186 
1343 1379 5721 16383 1175 1283 1298 1243 1584 2129 8186 8185 8185 8185 8185 8186 
1315 1231 5729 16383 1175 1285 1299 1242 1584 8185 8186 8185 8185 8185 8185 8186 
1316 1225 5725 16383 1175 1287 1299 1243 1585 8185 8186 8185 8185 8185 8185 8186 
1379 1323 5731 16383 1175 1285 1299 1243 1584 2157 8186 8185 8185 8185 8185 8186 
1313 1227 5727 16383 1175 1283 1299 1242 1584 8185 8186 8185 8185 8185 8185 8186 
1316 1225 5731 16383 1175 1283 1299 1241 1584 8185 8186 8185 8185 8185 8185 8186 
1362 1338 5723 16383 1175 1284 1303 1245 1584 2140 8186 8185 8185 8185 8185 8186 
1363 1305 5731 16383 1175 1284 1299 1241 1583 2166 8186 8185 8185 8185 8185 8186 
1317 1260 5730 16383 1175 1282 1297 1238 1584 2174 8186 8185 8185 8185 8185 8186 
1297 1223 5733 16383 1175 1283 1295 1241 1585 8185 8186 8185 8185 8185 8185 8186 
1345 1231 5721 16383 1175 1285 1300 1243 1584 8185 8186 8185 8185 8185 8185 8186 
1323 1237 5733 16383 1175 1284 1299 1242 1584 8186 8187 8186 8186 8186 8186 8187 
1333 1223 5728 16383 1175 1285 1299 1243 1583 8185 8186 8185 8185 8185 8185 8186 
1311 1223 5738 16383 1175 1283 1299 1241 1584 8185 8186 8185 8185 8185 8185 8186 
1280 1223 5728 16383 1177 1285 1299 1243 1585 3043 8186 8185 8185 8185 8185 8186 
1315 1227 5729 16383 1175 1285 1299 1243 1584 8186 8187 8186 8186 8186 8186 8187 
1327 1226 5719 16383 1171 1281 1297 1241 1583 8185 8186 8185 8185 8185 8185 8186 
1309 1226 5728 16383 1175 1283 1301 1243 1584 8185 8186 8185 8185 8185 8185 8186 
1339 1305 5729 16383 1175 1283 1299 1241 1585 2157 8186 8185 8185 8185 8185 8186 
1311 1223 5723 16383 1175 1283 1298 1239 1584 8186 8187 8186 8186 8186 8186 8187 
1338 1223 5730 16383 1175 1286 1299 1243 1584 8185 8186 8185 8185 8185 8185 8186 
1342 1299 5729 16383 1175 1283 1299 1243 1585 2164 8186 8185 8185 8185 8185 8186 
1358 1267 5725 16383 1175 1284 1300 1243 1584 2237 8186 8185 8185 8185 8185 8186 
1319 1222 5731 16383 1174 1282 1297 1243 1584 8186 8187 8186 8186 8186 8186 8187 
1308 1221 5731 16383 1175 1286 1299 1243 1584 8185 8186 8185 8185 8185 8185 8186 
1317 1222 5732 16383 1174 1281 1297 1241 1584 8185 8186 8185 8185 8185 8185 8186 
1317 1229 5733 16383 1175 1283 1299 1243 1584 8186 8187 8186 8186 8186 8186 8187 
1320 1283 5735 16383 1174 1283 1299 1241 1584 2133 8186 8185 8185 8185 8185 8186 
1303 1227 5731 16383 1178 1285 1300 1245 1584 8185 8186 8185 8185 8185 8185 8186 
1308 1220 5735 16383 1175 1283 1295 1241 1584 8185 8186 8185 8185 8185 8185 8186 
1309 1221 5719 16383 1174 1284 1298 1241 1584 8185 8186 8185 8185 8185 8185 8186 
1311 1225 5723 16383 1175 1284 1295 1241 1584 8185 8186 8185 8185 8185 8185 8186 
1343 1347 5719 16383 1175 1285 1299 1242 1584 2136 8186 8185 8185 8185 8185 8186 
1343 1275 5731 16383 1175 1285 1299 1241 1584 2186 8186 8185 8185 8185 8185 8186 
1344 1269 5721 16383 1175 1283 1298 1242 1584 2196 8186 8185 8185 8185 8185 8186 
1322 1223 5732 16383 1175 1285 1299 1243 1583 8185 8186 8185 8185 8185 8185 8186 
1362 1223 5722 16383 1175 1283 1299 1241 1584 8186 8187 8186 8186 8186 8186 8187 
1323 1222 5725 16383 1174 1282 1297 1241 1584 8185 8186 8185 8185 8185 8185 8186 
1331 1283 5729 16383 1175 1285 1298 1242 1585 2173 8186 8185 8185 8185 8185 8186 
1319 1223 5733 16383 1175 1286 1299 1243 1583 8185 8186 8185 8186 8185 8185 8186 
1314 1226 5725 16383 1175 1285 1299 1244 1584 8185 8186 8185 8185 8185 8185 8186 
1368 1291 5730 16383 1175 1285 1298 1241 1584 2172 8186 8185 8185 8185 8185 8186 
1319 1221 5726 16383 1174 1282 1295 1241 1584 8185 8186 8185 8185 8185 8185 8186 
1506 1223 5727 16383 1173 1284 1299 1242 1584 8185 8186 8185 8185 8185 8185 8186 
1313 1220 5730 16383 1176 1285 1299 1242 1584 8185 8186 8185 8185 8185 8185 8186 
1297 1221 5730 16383 1175 1283 1299 1242 1584 8185 8186 8185 8185 8185 8185 8186 
1327 1282 5719 16383 1175 1285 1299 1241 1585 2168 8186 8185 8185 8185 8185 8186 
1335 1263 5719 16383 1174 1283 1298 1242 1584 8186 8187 8186 8186 8186 8186 8187 
1321 1223 5723 16383 1173 1283 1298 1242 1585 8185 8186 8185 8185 8185 8185 8186 
1334 1223 5735 16383 1175 1284 1299 1242 1584 8186 8187 8186 8187 8186 8186 8187 
1436 1222 5731 16383 1175 1285 1298 1243 1584 8185 8186 8185 8185 8185 8185 8186 
1336 1362 5735 16383 1175 1285 1299 1241 1584 2141 8186 8185 8185 8185 8185 8186 
1341 1222 5736 16383 1175 1281 1299 1239 1584 8185 8186 8185 8185 8185 8185 8186 
1308 1223 5726 16383 1175 1285 1298 1241 1584 8186 8187 8186 8186 8186 8186 8187 
1321 1225 5726 16383 1175 1283 1297 1239 1584 8186 8187 8186 8186 8186 8186 8187 
1313 1225 5739 16383 1178 1287 1301 1245 1585 8185 8186 8185 8185 8185 8185 8186 
1315 1270 5722 16383 1175 1283 1297 1241 1584 2169 8187 8186 8186 8186 8186 8187 
1301 1228 5738 16383 1176 1284 1299 1241 1585 8185 8186 8185 8186 8185 8185 8186 
1321 1221 5736 16383 1175 1283 1299 1242 1584 8186 8187 8186 8186 8186 8186 8187 
1323 1266 5723 16383 1175 1284 1299 1242 1584 2216 8185 8184 8184 8184 8184 8185 
1346 1221 5734 16383 1175 1285 1299 1243 1584 8186 8187 8186 8186 8186 8186 8187 
1365 1276 5730 16383 1175 1285 1299 1241 1584 2175 8186 8185 8185 8185 8185 8186 
1333 1297 5725 16383 1175 1283 1299 1242 1583 2147 8187 8186 8186 8186 8186 8187 
1316 1239 5735 16383 1174 1283 1295 1242 1584 8185 8186 8185 8185 8185 8185 8186 
1311 1223 5727 16383 1177 1287 1300 1244 1584 8185 8186 8185 8185 8185 8185 8186 
1333 1275 5731 16383 1175 1283 1299 1241 1583 2184 8186 8185 8186 8185 8185 8186 
1319 1228 5723 16383 1175 1283 1299 1242 1584 8185 8186 8185 8185 8185 8185 8186 
1316 1311 5733 16383 1175 1284 1299 1243 1584 2112 8186 8185 8185 8185 8185 8186 
1349 1347 5734 16383 1175 1283 1299 1241 1584 2138 8186 8185 8185 8185 8185 8186 
1313 1226 5736 16383 1175 1285 1300 1243 1584 8185 8186 8185 8185 8185 8185 8186 
1312 1223 5734 16383 1175 1285 1299 1241 1584 8184 8185 8184 8184 8184 8184 8185 
1317 1223 5737 16383 1177 1285 1299 1242 1584 8185 8186 8185 8185 8185 8185 8186 
1319 1271 5726 16383 1174 1282 1299 1241 1584 2157 8186 8185 8185 8185 8185 8186 
1323 1269 5742 16383 1178 1287 1301 1245 1584 2182 8186 8185 8185 8185 8185 8186 
1333 1255 5726 16383 1177 1286 1300 1244 1585 8184 8185 8184 8184 8184 8184 8185 
1317 1271 5731 16383 1175 1283 1299 1241 1583 2168 8186 8185 8185 8185 8185 8186 
1343 1311 5725 16383 1177 1287 1302 1245 1584 2141 8186 8185 8185 8185 8185 8186 
1355 1256 5727 16383 1175 1283 1298 1242 1584 8186 8187 8186 8186 8186 8186 8187 
1325 1226 5731 16383 1175 1283 1299 1243 1584 8185 8186 8185 8185 8185 8185 8186 
1323 1257 5734 16383 1175 1282 1299 1244 1584 8185 8186 8185 8185 8185 8185 8186 
1323 1227 5739 16383 1175 1285 1299 1243 1584 8185 8186 8185 8185 8185 8185 8186 
1361 1228 5740 16383 1175 1285 1303 1243 1584 8185 8186 8185 8185 8185 8185 8186 
1311 1226 5729 16383 1175 1285 1299 1241 1584 8186 8187 8186 8186 8186 8186 8187 
1316 1225 5733 16383 1177 1285 1299 1243 1583 8185 8186 8186 8186 8186 8186 8187 
1323 1267 5731 16383 1175 1283 1298 1242 1584 2181 8186 8185 8185 8185 8185 8186 
1311 1286 5738 16383 1175 1283 1299 1242 1584 2119 8187 8186 8186 8186 8186 8187 
1334 1221 5733 16383 1178 1284 1299 1242 1584 8186 8187 8186 8186 8186 8186 8187 
1321 1266 5727 16383 1174 1285 1298 1243 1584 2182 8186 8185 8185 8185 8185 8186 
1423 1229 5728 16383 1175 1285 1299 1243 1584 8185 8186 8185 8185 8185 8185 8186 
1312 1243 5725 16383 1175 1284 1299 1240 1583 8185 8186 8185 8185 8185 8185 8186 
1323 1230 5737 16383 1175 1284 1299 1242 1584 8185 8186 8185 8186 8185 8185 8186 
1372 1223 5731 16383 1175 1283 1295 1241 1584 8185 8186 8185 8185 8185 8185 8186 
1322 1279 5737 16383 1175 1285 1299 1242 1584 2161 8186 8185 8185 8185 8185 8186 
1310 1223 5740 16383 1175 1285 1299 1242 1584 8186 8187 8186 8186 8186 8186 8187 
1309 1222 5728 16383 1173 1283 1295 1241 1584 8185 8186 8185 8185 8185 8185 8186 
1344 1227 5729 16383 1175 1285 1299 1241 1584 8185 8186 8185 8185 8185 8185 8186 
1364 1237 5741 16383 1178 1285 1299 1243 1585 8185 8186 8185 8185 8185 8185 8186 
1338 1257 5731 16383 1175 1283 1297 1242 1585 2185 8186 8185 8185 8185 8185 8186 
1325 1226 5729 16383 1177 1285 1299 1244 1585 8185 8186 8185 8185 8185 8185 8186 
1375 1284 5727 16383 1175 1287 1301 1243 1585 2174 8185 8184 8184 8184 8184 8185 
1318 1222 5730 16383 1175 1283 1300 1241 1584 8186 8187 8186 8186 8186 8186 8187 
1321 1230 5727 16383 1175 1285 1299 1242 1584 8185 8186 8185 8185 8185 8185 8186 
1322 1229 5737 16383 1174 1283 1298 1241 1584 8185 8186 8185 8185 8185 8185 8186 
1314 1289 5738 16383 1175 1283 1299 1241 1584 2108 8186 8185 8185 8185 8185 8186 
1331 1315 5729 16383 1177 1283 1298 1241 1584 2147 8186 8185 8185 8185 8185 8186 
1326 1223 5740 16383 1175 1283 1299 1242 1584 8185 8186 8185 8185 8185 8185 8186 
1327 1270 5731 16383 1175 1285 1299 1242 1583 2209 8186 8185 8185 8185 8185 8186 
1378 1243 5734 16383 1175 1285 1298 1242 1584 8185 8186 8185 8185 8185 8185 8186 
1327 1229 5739 16383 1175 1285 1299 1242 1584 8185 8186 8185 8185 8185 8185 8186 
1315 1223 5729 16383 1175 1286 1299 1243 1584 8185 8186 8185 8185 8185 8185 8186 
1383 1301 5731 16383 1177 1285 1300 1243 1584 2175 8186 8185 8185 8185 8185 8186 
1331 1275 5729 16383 1175 1285 1298 1243 1585 2167 8186 8185 8185 8185 8185 8186 
1316 1283 5729 16383 1177 1284 1300 1243 1585 2131 8186 8185 8185 8185 8185 8186 
1319 1223 5738 16383 1177 1284 1300 1243 1584 8186 8187 8186 8186 8186 8186 8187 
1325 1221 5729 16383 1174 1285 1299 1243 1585 8185 8186 8185 8185 8185 8185 8186 
1329 1273 5737 16383 1175 1285 1299 1241 1584 2161 8186 8185 8185 8185 8185 8186 
1321 1222 5730 16383 1175 1284 1298 1240 1584 8185 8186 8185 8185 8185 8185 8186 
1314 1223 5729 16383 1177 1287 1299 1243 1584 8185 8186 8185 8185 8185 8185 8186 
1342 1277 5739 16383 1176 1283 1299 1242 1584 2167 8186 8185 8185 8185 8185 8186 
1305 1225 5739 16383 1177 1285 1300 1242 1584 8185 8186 8185 8185 8185 8185 8186 
1341 1279 5733 16383 1173 1285 1295 1239 1584 2178 8185 8184 8184 8184 8184 8185 
1312 1222 5729 16383 1175 1281 1298 1243 1584 8185 8186 8185 8185 8185 8185 8186 
1323 1269 5729 16383 1175 1284 1299 1243 1584 2179 8186 8185 8186 8185 8185 8186 
1380 1274 5737 16383 1177 1285 1300 1243 1584 2193 8186 8185 8185 8185 8185 8186 
1406 1259 5731 16383 1177 1286 1301 1243 1584 8186 8187 8186 8186 8186 8186 8187 
1320 1263 5729 16383 1175 1284 1298 1243 1583 2187 8187 8186 8186 8186 8186 8187 
1317 1227 5729 16383 1173 1281 1295 1240 1584 8186 8187 8186 8186 8186 8186 8187 
1311 1223 5738 16383 1175 1285 1299 1241 1584 8185 8187 8186 8186 8186 8186 8187 
1331 1230 5743 16383 1179 1287 1301 1246 1585 8185 8186 8185 8185 8185 8185 8186 
1327 1263 5735 16383 1177 1285 1299 1244 1584 2181 8186 8185 8185 8185 8185 8186 
1317 1227 5728 16383 1175 1283 1299 1243 1584 8185 8186 8185 8185 8185 8185 8186 
1328 1280 5727 16383 1175 1285 1299 1242 1584 2144 8187 8186 8186 8186 8186 8187 
1370 1291 5732 16383 1178 1285 1299 1243 1583 2174 8187 8186 8186 8186 8186 8187 
1323 1332 5735 16383 1177 1284 1299 1243 1584 2133 8186 8185 8185 8185 8185 8186 
1332 1225 5728 16383 1175 1283 1299 1241 1584 8185 8186 8185 8185 8185 8185 8186 
1313 1227 5731 16383 1175 1286 1299 1242 1584 8185 8186 8185 8186 8185 8185 8186 
1317 1229 5739 16383 1177 1284 1298 1243 1584 8186 8187 8186 8186 8186 8186 8187 
1324 1226 5733 16383 1175 1285 1299 1243 1584 8185 8186 8185 8185 8185 8185 8186 
1331 1226 5735 16383 1178 1285 1299 1243 1585 8185 8186 8185 8185 8185 8185 8186 
1327 1221 5737 16383 1175 1283 1299 1241 1585 8185 8186 8185 8185 8185 8185 8186 
1345 1283 5726 16383 1175 1284 1298 1241 1584 2179 8186 8185 8185 8185 8185 8186 
1365 1225 5725 16383 1175 1284 1298 1241 1585 8185 8186 8185 8185 8185 8185 8186 
1311 1221 5739 16383 1175 1283 1298 1241 1585 8185 8186 8185 8185 8185 8185 8186 
1315 1225 5730 16383 1176 1285 1299 1243 1583 8186 8187 8186 8187 8186 8186 8187 
1298 1226 5737 16383 1174 1285 1299 1243 1584 8185 8186 8185 8185 8185 8185 8186 
1325 1221 5737 16383 1175 1283 1299 1242 1584 8186 8187 8186 8186 8186 8186 8187 
1319 1295 5730 16383 1175 1282 1297 1242 1584 2128 8186 8185 8185 8185 8185 8186 
1385 1223 5725 16383 1177 1286 1299 1244 1584 8185 8186 8185 8186 8185 8185 8186 
1335 1225 5729 16383 1175 1287 1299 1243 1584 8186 8187 8186 8186 8186 8186 8187 
1335 1223 5731 16383 1175 1285 1299 1240 1585 8185 8186 8185 8185 8185 8185 8186 
1321 1303 5723 16383 1173 1283 1298 1241 1585 2149 8186 8185 8185 8185 8185 8186 
1349 1271 5725 16383 1179 1287 1301 1242 1585 2224 8186 8185 8185 8185 8185 8186 
1314 1223 5741 16383 1175 1285 1299 1241 1583 8185 8186 8185 8185 8185 8185 8186 
1351 1317 5730 16383 1176 1285 1299 1242 1584 2153 8186 8185 8185 8185 8185 8186 
1308 1224 5738 16383 1175 1284 1299 1241 1584 8185 8186 8185 8185 8185 8185 8186 
1327 1283 5732 16383 1175 1283 1298 1239 1585 2146 8186 8185 8185 8185 8185 8186 
1340 1223 5727 16383 1175 1284 1300 1243 1584 8185 8186 8185 8185 8185 8185 8186 
1333 1223 5725 16383 1175 1283 1298 1242 1584 8184 8185 8184 8184 8184 8184 8185 
1301 1223 5730 16383 1175 1284 1299 1242 1584 8185 8186 8185 8185 8185 8185 8186 
1325 1227 5723 16383 1175 1285 1299 1241 1584 8185 8186 8185 8185 8185 8185 8186 
1327 1222 5737 16383 1175 1284 1299 1242 1584 8185 8186 8185 8185 8185 8185 8186 
1301 1228 5732 16383 1177 1283 1299 1241 1584 8185 8186 8185 8186 8185 8185 8186 
1318 1303 5723 16383 1175 1283 1295 1241 1584 2141 8186 8185 8185 8185 8185 8186 
1316 1222 5737 16383 1175 1284 1297 1241 1585 8185 8186 8185 8185 8185 8185 8186 
1319 1263 5737 16383 1177 1285 1301 1243 1584 2154 8186 8185 8185 8185 8185 8186 
1355 1268 5727 16383 1175 1285 1299 1243 1584 2202 8186 8185 8185 8185 8185 8186 
1334 1290 5727 16383 1175 1283 1299 1242 1584 2163 8186 8185 8185 8185 8185 8186 
1333 1298 5723 16383 1175 1285 1297 1242 1584 2149 8186 8185 8185 8185 8185 8186 
1310 1225 5733 16383 1175 1284 1299 1242 1584 8185 8186 8185 8185 8185 8185 8186 
1323 1331 5735 16383 1175 1286 1299 1243 1584 2133 8186 8185 8185 8185 8185 8186 
1346 1280 5735 16383 1177 1285 1299 1243 1583 2180 8186 8185 8185 8185 8185 8186 
1335 1227 5733 16383 1175 1286 1299 1243 1584 8186 8187 8186 8186 8186 8186 8187 
1349 1467 5730 16383 1174 1283 1297 1241 1584 2134 8187 8186 8186 8186 8186 8187 
1333 1298 5731 16383 1175 1283 1299 1242 1584 2148 8186 8185 8185 8185 8185 8186 
1323 1223 5725 16383 1175 1283 1299 1243 1584 8185 8186 8185 8185 8185 8185 8186 
1315 1286 5737 16383 1174 1283 1295 1241 1584 2144 8186 8185 8185 8185 8185 8186 
1322 1222 5734 16383 1178 1285 1299 1243 1584 8185 8186 8185 8185 8185 8185 8186 
1317 1281 5724 16383 1175 1283 1299 1243 1584 2155 8187 8186 8186 8186 8186 8187 
1365 1295 5726 16383 1174 1283 1297 1239 1584 2174 8186 8185 8185 8185 8185 8186 
1324 1287 5723 16383 1177 1285 1299 1243 1584 2143 8186 8185 8185 8185 8185 8186 
1315 1223 5737 16383 1174 1283 1299 1241 1585 8185 8186 8185 8185 8185 8185 8186 
1317 1227 5735 16383 1175 1283 1298 1241 1584 8185 8186 8185 8185 8185 8185 8186 
1322 1230 5731 16383 1175 1285 1299 1243 1584 8186 8187 8186 8186 8186 8186 8187 
1322 1225 5731 16383 1174 1283 1298 1241 1584 8185 8186 8185 8185 8185 8185 8186 
1323 1227 5727 16383 1173 1283 1299 1241 1584 8186 8187 8186 8186 8186 8186 8187 
1322 1227 5725 16383 1175 1283 1300 1243 1585 8185 8186 8185 8185 8185 8185 8186 
1322 1223 5731 16383 1177 1285 1299 1243 1584 8185 8186 8185 8185 8185 8185 8186 
1315 1313 5737 16383 1179 1285 1300 1243 1584 2126 8186 8185 8185 8185 8185 8186 
1355 1221 5723 16383 1177 1283 1299 1243 1584 8185 8186 8185 8185 8185 8185 8186 
1335 1220 5733 16383 1177 1285 1301 1243 1584 8185 8186 8185 8186 8185 8185 8186 
1314 1314 5731 16383 1175 1283 1299 1242 1584 2113 8186 8185 8185 8185 8185 8186 
1323 1225 5734 16383 1175 1283 1298 1242 1584 8185 8186 8185 8185 8185 8185 8186 
1301 1223 5729 16383 1175 1285 1299 1242 1584 8185 8186 8185 8185 8185 8185 8186 
1318 1221 5738 16383 1175 1282 1297 1242 1584 8185 8186 8185 8185 8185 8185 8186 
1325 1275 5725 16383 1175 1283 1299 1243 1585 2178 8186 8185 8185 8185 8185 8186 
1313 1229 5723 16383 1174 1285 1299 1242 1584 8185 8186 8185 8185 8185 8185 8186 
1334 1287 5724 16383 1175 1285 1299 1243 1584 2164 8187 8186 8186 8186 8186 8187 
1323 1231 5734 16383 1177 1285 1301 1243 1585 8186 8187 8186 8186 8186 8186 8187 
1329 1299 5737 16383 1175 1283 1299 1242 1584 2164 8186 8185 8185 8185 8185 8186 
1314 1220 5727 16383 1175 1282 1299 1241 1584 8185 8186 8185 8185 8185 8185 8186 
1428 1226 5731 16383 1175 1285 1301 1243 1584 8185 8186 8185 8185 8185 8185 8186 
1307 1227 5735 16383 1176 1285 1298 1241 1584 8185 8186 8185 8185 8185 8185 8186 
1324 1226 5728 16383 1175 1287 1301 1243 1584 8185 8186 8185 8185 8185 8185 8186 
1339 1300 5727 16383 1175 1285 1301 1243 1584 2149 8186 8185 8185 8185 8185 8186 
1319 1276 5725 16383 1174 1283 1299 1241 1584 2170 8186 8185 8185 8185 8185 8186 
1320 1229 5729 16383 1177 1285 1298 1241 1584 8185 8186 8185 8186 8185 8185 8186 
1335 1226 5724 16383 1175 1285 1299 1242 1584 8185 8186 8185 8185 8185 8185 8186 
1361 1330 5725 16383 1175 1283 1299 1240 1583 2152 8186 8185 8185 8185 8185 8186 
1313 1223 5738 16383 1177 1285 1299 1242 1583 8185 8186 8185 8185 8185 8185 8186 
1343 1226 5727 16383 1175 1285 1299 1243 1584 8185 8186 8185 8185 8185 8185 8186 
1322 1226 5724 16383 1177 1285 1299 1243 1584 8185 8186 8185 8185 8185 8185 8186 
1322 1236 5723 16383 1176 1284 1298 1243 1583 8185 8186 8185 8185 8185 8185 8186 
1325 1299 5735 16383 1173 1284 1299 1239 1585 2151 8186 8185 8185 8185 8185 8186 
1309 1228 5737 16383 1175 1284 1301 1243 1584 8185 8186 8185 8185 8185 8185 8186 
1329 1289 5721 16383 1177 1286 1301 1242 1584 2149 8186 8185 8185 8185 8185 8186 
1319 1231 5727 16383 1178 1287 1302 1245 1584 8186 8187 8186 8186 8186 8186 8187 
1343 1230 5725 16383 1175 1286 1299 1242 1584 8185 8186 8185 8185 8185 8185 8186 
1332 1270 5729 16383 1178 1283 1299 1243 1584 2192 8186 8185 8185 8185 8185 8186 
1319 1223 5735 16383 1178 1286 1300 1245 1583 8185 8186 8185 8185 8185 8185 8186 
1327 1268 5722 16383 1174 1283 1299 1241 1584 2182 8186 8185 8185 8185 8185 8186 
1316 1222 5730 16383 1175 1284 1299 1242 1583 8186 8187 8186 8186 8186 8186 8187 
1325 1227 5727 16383 1177 1286 1303 1243 1584 8185 8186 8185 8185 8185 8185 8186 
1373 1265 5726 16383 1175 1283 1300 1241 1583 2215 8186 8185 8185 8185 8185 8186 
1319 1277 5735 16383 1176 1286 1301 1243 1584 2166 8186 8185 8185 8185 8185 8186 
1315 1223 5738 16383 1175 1285 1299 1241 1584 8185 8186 8185 8185 8185 8185 8186 
1337 1223 5734 16383 1175 1284 1299 1243 1584 8185 8186 8185 8185 8185 8185 8186 
1341 1275 5728 16383 1175 1285 1299 1241 1584 2174 8187 8186 8186 8186 8186 8187 
1383 1221 5730 16383 1175 1285 1301 1241 1584 8185 8186 8185 8186 8185 8185 8186 
1328 1310 5730 16383 1175 1283 1300 1241 1584 2142 8187 8186 8186 8186 8186 8187 
1362 1224 5735 16383 1175 1284 1298 1241 1584 8186 8187 8186 8186 8186 8186 8187 
1331 1263 5725 16383 1175 1285 1299 1242 1584 2224 8185 8184 8184 8184 8184 8185 
1314 1274 5722 16383 1175 1285 1299 1243 1584 2142 8186 8185 8185 8185 8185 8186 
1337 1263 5734 16383 1175 1285 1298 1243 1585 2200 8186 8185 8185 8185 8185 8186 
1343 1223 5727 16383 1175 1284 1299 1241 1584 8185 8186 8185 8185 8185 8185 8186 
1322 1261 5727 16383 1174 1282 1299 1239 1584 8185 8186 8185 8185 8185 8185 8186 
1359 1231 5724 16383 1175 1284 1299 1243 1584 8185 8186 8185 8185 8185 8185 8186 
1325 1273 5727 16383 1175 1283 1299 1241 1584 2185 8186 8185 8185 8185 8185 8186 
1311 1223 5719 16383 1174 1281 1295 1242 1585 8185 8186 8185 8185 8185 8185 8186 
1313 1228 5725 16383 1174 1285 1297 1241 1584 8186 8187 8186 8186 8186 8186 8187 
1343 1227 5729 16383 1174 1283 1298 1241 1584 8185 8186 8185 8185 8185 8185 8186 
1320 1295 5733 16383 1177 1285 1299 1243 1585 2137 8186 8185 8185 8185 8185 8186 
1322 1225 5739 16383 1175 1283 1298 1242 1584 8185 8186 8185 8185 8185 8185 8186 
1329 1259 5730 16383 1173 1284 1295 1239 1584 8186 8187 8186 8186 8186 8186 8187 
1309 1225 5741 16383 1175 1283 1295 1241 1584 8185 8186 8185 8185 8185 8185 8186 
1330 1302 5729 16383 1175 1284 1299 1243 1584 2135 8186 8185 8185 8185 8186 8186 
1333 1221 5739 16383 1175 1282 1298 1241 1583 8185 8186 8185 8185 8185 8185 8186 
1324 1275 5735 16383 1175 1285 1299 1242 1584 2152 8185 8184 8184 8184 8184 8185 
1311 1261 5726 16383 1175 1283 1299 1241 1584 2150 8186 8185 8185 8185 8185 8186 
1318 1227 5725 16383 1174 1281 1301 1242 1584 8185 8186 8185 8185 8185 8185 8186 
1325 1276 5725 16383 1175 1283 1301 1239 1584 2153 8186 8185 8185 8185 8185 8186 
1319 1273 5736 16383 1178 1287 1301 1243 1584 2169 8186 8185 8185 8185 8185 8186 
1299 1223 5735 16383 1175 1283 1297 1243 1584 8186 8187 8186 8186 8186 8186 8187 
1328 1287 5727 16383 1177 1285 1299 1241 1584 2144 8186 8185 8185 8185 8185 8186 
1378 1255 5725 16383 1175 1283 1298 1241 1584 2132 8187 8186 8187 8186 8186 8187 
1332 1227 5726 16383 1174 1283 1297 1239 1584 8185 8186 8185 8185 8185 8185 8186 
1315 1223 5737 16383 1174 1283 1298 1243 1584 8185 8186 8185 8185 8185 8185 8186 
1327 1279 5739 16383 1175 1283 1299 1243 1584 2158 8186 8185 8185 8185 8185 8186 
1373 1221 5725 16383 1174 1282 1299 1243 1584 8186 8187 8186 8186 8186 8186 8187 
1315 1279 5737 16383 1175 1284 1298 1242 1584 2133 8186 8185 8185 8185 8185 8186 
1313 1227 5729 16383 1175 1284 1299 1239 1584 8185 8186 8185 8185 8185 8185 8186 
1319 1275 5737 16383 1175 1286 1301 1242 1585 2181 8186 8185 8186 8185 8185 8186 
1317 1227 5727 16383 1177 1285 1299 1245 1584 8185 8186 8185 8185 8185 8185 8186 
1321 1262 5727 16383 1175 1285 1299 1242 1584 2188 8186 8185 8185 8185 8185 8186 
1333 1263 5730 16383 1177 1283 1299 1242 1584 2213 8186 8185 8185 8185 8185 8186 
1336 1285 5728 16383 1175 1286 1297 1242 1584 2162 8186 8185 8186 8185 8185 8186 
1346 1236 5727 16383 1173 1284 1299 1241 1584 8185 8186 8185 8185 8185 8185 8186 
1310 1223 5730 16383 1175 1283 1299 1242 1584 8186 8187 8186 8186 8186 8186 8187 
1339 1297 5733 16383 1175 1283 1299 1241 1583 2165 8186 8185 8185 8185 8185 8186 
1315 1220 5725 16383 1175 1284 1299 1242 1584 8185 8186 8185 8185 8185 8186 8186 
1341 1222 5723 16383 1175 1284 1299 1242 1584 8185 8186 8185 8185 8185 8185 8186 
1351 1226 5726 16383 1178 1284 1301 1242 1585 8185 8186 8185 8185 8185 8185 8186 
1321 1263 5725 16383 1175 1287 1300 1245 1585 8185 8186 8185 8185 8185 8185 8186 
1326 1225 5725 16383 1175 1283 1298 1242 1585 8185 8186 8185 8185 8185 8185 8186 
1343 1285 5731 16383 1177 1285 1300 1243 1584 2175 8186 8185 8185 8185 8185 8186 
1331 1273 5733 16383 1177 1286 1301 1243 1584 2174 8186 8185 8185 8185 8185 8186 
1344 1290 5730 16383 1177 1283 1299 1245 1584 2166 8186 8185 8185 8185 8185 8186 
1323 1229 5739 16383 1177 1286 1299 1242 1584 8185 8186 8185 8185 8185 8185 8186 
1297 1223 5738 16383 1175 1284 1298 1242 1585 8185 8186 8185 8185 8185 8185 8186 
1322 1225 5735 16383 1174 1285 1299 1243 1584 8185 8186 8185 8185 8185 8185 8186 
1325 1222 5738 16383 1175 1283 1299 1243 1583 8185 8186 8185 8187 8185 8185 8186 
1347 1290 5737 16383 1179 1286 1303 1245 1584 2175 8187 8186 8186 8186 8186 8187 
1333 1222 5727 16383 1177 1285 1301 1243 1584 8185 8186 8185 8186 8185 8185 8186 
1341 1353 5734 16383 1175 1286 1299 1243 1585 2142 8186 8185 8186 8185 8185 8186 
1323 1223 5729 16383 1175 1285 1299 1243 1584 8185 8186 8185 8185 8185 8185 8186 
1359 1269 5726 16383 1175 1286 1299 1243 1583 2185 8186 8185 8185 8185 8185 8186 
1332 1229 5726 16383 1175 1283 1299 1243 1584 8186 8187 8186 8186 8186 8186 8187 
1322 1230 5725 16383 1175 1285 1299 1242 1584 8185 8186 8185 8185 8185 8185 8186 
1320 1221 5727 16383 1175 1283 1299 1242 1584 8185 8186 8185 8185 8185 8185 8186 
1326 1244 5733 16383 1176 1286 1299 1240 1584 8185 8186 8185 8185 8185 8185 8186 
1337 1223 5728 16383 1174 1283 1298 1242 1584 8185 8186 8185 8185 8185 8185 8186 
1320 1223 5733 16383 1175 1284 1297 1242 1584 8185 8186 8185 8185 8185 8185 8186 
1336 1273 5724 16383 1175 1283 1298 1241 1584 2193 8186 8185 8185 8185 8185 8186 
1321 1271 5735 16383 1174 1283 1298 1241 1584 2185 8186 8185 8185 8185 8185 8186 
1311 1223 5735 16383 1175 1283 1299 1239 1585 8185 8186 8185 8185 8185 8185 8186 
1327 1221 5723 16383 1175 1283 1299 1239 1584 8185 8186 8185 8185 8185 8185 8186 
1328 1269 5738 16383 1177 1283 1299 1243 1584 2189 8186 8185 8185 8185 8185 8186 
1331 1279 5737 16383 1174 1283 1298 1239 1584 2156 8186 8185 8185 8185 8185 8186 
1333 1220 5738 16383 1175 1283 1299 1242 1584 8186 8187 8186 8186 8186 8186 8187 
1390 1339 5733 16383 1174 1284 1299 1242 1584 2170 8187 8186 8186 8186 8186 8187 
1491 1223 5723 16383 1173 1283 1299 1241 1584 8184 8185 8184 8184 8184 8184 8185 
1328 1223 5726 16383 1175 1283 1297 1241 1584 8186 8187 8186 8186 8186 8186 8187 
1316 1281 5729 16383 1175 1283 1299 1241 1584 2132 8186 8185 8186 8185 8185 8186 
1335 1225 5727 16383 1175 1285 1299 1242 1583 8185 8186 8185 8185 8185 8185 8186 
1349 1317 5725 16383 1175 1284 1298 1242 1584 2157 8186 8185 8185 8185 8185 8186 
1331 1223 5719 16383 1174 1284 1299 1242 1585 8186 8187 8186 8186 8186 8186 8187 
1329 1280 5733 16383 1177 1285 1300 1243 1584 2156 8186 8185 8185 8185 8185 8186 
1324 1279 5737 16383 1175 1285 1299 1243 1584 2167 8186 8185 8185 8185 8185 8186 
1325 1228 5731 16383 1177 1286 1299 1242 1584 8186 8187 8186 8186 8186 8186 8187 
1339 1301 5727 16383 1175 1283 1298 1241 1584 2150 8187 8186 8187 8186 8186 8187 
1329 1222 5731 16383 1173 1283 1298 1241 1584 8185 8186 8185 8185 8185 8185 8186 
1361 1219 5735 16383 1177 1285 1301 1243 1585 8184 8185 8184 8184 8184 8184 8185 
1318 1223 5726 16383 1174 1283 1295 1239 1584 8185 8186 8185 8185 8185 8185 8186 
1311 1223 5727 16383 1175 1283 1297 1241 1585 8185 8186 8185 8185 8185 8185 8186 
1339 1263 5740 16383 1177 1285 1299 1243 1583 2208 8186 8185 8185 8185 8185 8186 
1325 1227 5734 16383 1175 1285 1299 1242 1584 8185 8186 8185 8185 8185 8185 8186 
1334 1267 5733 16383 1175 1285 1299 1241 1585 2198 8186 8185 8186 8185 8185 8186 
1318 1222 5729 16383 1177 1285 1298 1242 1584 8186 8187 8186 8186 8186 8186 8187 
1332 1233 5739 16383 1177 1283 1300 1243 1584 8185 8186 8185 8185 8185 8185 8186 
1335 1223 5729 16383 1175 1283 1299 1243 1584 8186 8187 8186 8186 8186 8186 8187 
1408 1289 5739 16383 1175 1283 1298 1242 1585 2175 8186 8185 8185 8185 8185 8186 
1311 1229 5737 16383 1174 1283 1299 1241 1584 8186 8187 8186 8186 8186 8186 8187 
1316 1266 5727 16383 1177 1286 1301 1242 1584 2168 8187 8186 8186 8186 8186 8187 
1311 1221 5741 16383 1174 1284 1298 1243 1584 8185 8186 8185 8185 8185 8185 8186 
1350 1257 5735 16383 1175 1283 1295 1241 1585 8185 8186 8185 8185 8185 8185 8186 
1329 1270 5732 16383 1175 1283 1299 1243 1584 2193 8186 8185 8185 8185 8185 8186 
1381 1224 5735 16383 1175 1283 1299 1243 1584 8185 8186 8185 8185 8185 8185 8186 
1343 1308 5727 16383 1178 1286 1301 1242 1584 2149 8186 8185 8185 8185 8185 8186 
1493 1221 5735 16383 1175 1282 1297 1241 1584 8185 8186 8185 8185 8185 8185 8186 
1313 1263 5728 16383 1175 1283 1297 1243 1584 8185 8186 8185 8185 8185 8185 8186 
1337 1371 5739 16383 1175 1285 1299 1242 1584 2135 8186 8185 8185 8185 8185 8186 
1307 1223 5737 16383 1175 1283 1301 1241 1584 8185 8186 8185 8186 8185 8185 8186 
1329 1297 5726 16383 1175 1283 1299 1241 1583 2147 8186 8185 8185 8185 8185 8186 
1319 1223 5737 16383 1175 1283 1298 1241 1584 8185 8186 8185 8185 8185 8185 8186 
1335 1271 5727 16383 1175 1284 1299 1242 1584 2201 8186 8185 8185 8185 8185 8186 
1298 1231 5739 16383 1175 1285 1297 1242 1584 8185 8186 8185 8185 8185 8185 8186 
1317 1228 5728 16383 1177 1285 1300 1242 1584 8185 8186 8185 8185 8185 8185 8186 
1315 1313 5726 16383 1174 1283 1298 1243 1585 2103 8186 8185 8185 8185 8185 8186 
1329 1275 5739 16383 1174 1283 1298 1241 1583 2168 8186 8185 8185 8185 8185 8186 
1353 1274 5728 16383 1174 1283 1298 1241 1584 2180 8186 8185 8185 8185 8185 8186 
1311 1231 5731 16383 1177 1286 1299 1245 1584 8186 8187 8186 8186 8186 8186 8187 
1323 1325 5735 16383 1178 1284 1299 1242 1584 2121 8186 8185 8185 8185 8185 8186 
1350 1247 5733 16383 1173 1283 1299 1243 1584 2146 8187 8186 8186 8186 8186 8187 
1335 1275 5726 16383 1174 1283 1298 1242 1584 2174 8187 8186 8186 8186 8186 8187 
1334 1292 5732 16383 1175 1285 1299 1243 1583 2159 8186 8185 8185 8185 8185 8186 
1318 1228 5725 16383 1175 1286 1299 1243 1584 8185 8186 8185 8185 8185 8185 8186 
1332 1222 5730 16383 1177 1285 1300 1242 1584 8185 8186 8185 8185 8185 8185 8186 
1321 1287 5731 16383 1174 1283 1297 1241 1584 2124 8186 8185 8185 8185 8185 8186 
1449 1231 5741 16383 1177 1285 1299 1243 1584 8186 8187 8186 8186 8186 8186 8187 
1312 1224 5735 16383 1175 1284 1298 1241 1583 8185 8186 8185 8186 8185 8185 8186 
1363 1226 5733 16383 1177 1285 1300 1244 1585 8184 8185 8184 8184 8184 8184 8185 
1324 1218 5742 16383 1174 1283 1299 1242 1584 8185 8186 8185 8186 8185 8185 8186 
1315 1220 5735 16383 1175 1287 1299 1242 1584 8186 8187 8186 8186 8186 8186 8187 
1322 1219 5742 16383 1175 1283 1299 1241 1583 8185 8186 8185 8185 8185 8185 8186 
1295 1223 5735 16383 1175 1283 1297 1242 1584 8185 8186 8185 8185 8185 8185 8186 
1312 1227 5728 16383 1175 1284 1299 1241 1584 8185 8186 8185 8185 8185 8185 8186 
1327 1285 5729 16383 1175 1283 1299 1243 1584 2167 8186 8185 8185 8185 8185 8186 
1345 1327 5733 16383 1177 1283 1299 1242 1583 2138 8186 8185 8186 8185 8185 8186 
1489 1225 5735 16383 1176 1283 1301 1242 1585 8183 8184 8183 8183 8183 8183 8184 
1329 1279 5730 16383 1175 1283 1299 1242 1584 2172 8186 8185 8185 8185 8185 8186 
1317 1281 5741 16383 1175 1283 1299 1242 1583 2155 8186 8185 8186 8185 8185 8186 
1325 1230 5736 16383 1175 1285 1298 1243 1583 8185 8186 8185 8185 8185 8185 8186 
1298 1229 5739 16383 1175 1283 1299 1242 1583 8185 8186 8185 8186 8185 8185 8186 
1377 1221 5731 16383 1175 1285 1298 1241 1584 8185 8186 8185 8185 8185 8185 8186 
1319 1282 5734 16383 1175 1285 1297 1242 1583 2145 8187 8186 8186 8186 8186 8187 
1315 1223 5726 16383 1174 1283 1297 1241 1584 8185 8186 8185 8185 8185 8185 8186 
1317 1263 5740 16383 1175 1285 1300 1243 1584 2224 8186 8185 8185 8185 8185 8186 
1318 1267 5738 16383 1177 1283 1300 1242 1584 2161 8185 8184 8184 8184 8184 8185 
1439 1229 5725 16383 1175 1283 1299 1242 1585 8185 8186 8185 8185 8185 8185 8186 
1318 1279 5728 16383 1175 1285 1299 1241 1584 2162 8186 8185 8185 8185 8185 8186 
1329 1222 5734 16383 1178 1284 1300 1242 1584 8185 8186 8185 8185 8185 8185 8186 
1326 1271 5728 16383 1175 1283 1299 1241 1584 2173 8186 8185 8186 8185 8185 8186 
1331 1300 5726 16383 1175 1282 1295 1239 1585 2155 8186 8185 8185 8185 8185 8186 
1397 1287 5726 16383 1174 1285 1298 1239 1583 2164 8187 8186 8186 8186 8186 8187 
1319 1277 5734 16383 1178 1285 1302 1245 1583 2141 8187 8186 8186 8186 8186 8187 
1339 1254 5739 16383 1175 1285 1299 1243 1584 8184 8185 8184 8184 8184 8184 8185 
1355 1225 5735 16383 1175 1283 1299 1239 1584 8185 8186 8185 8186 8185 8185 8186 
1321 1269 5742 16383 1175 1285 1299 1242 1584 2167 8186 8185 8185 8185 8185 8186 
1326 1226 5730 16383 1175 1285 1298 1243 1584 8185 8186 8185 8185 8185 8185 8186 
1311 1227 5734 16383 1175 1281 1299 1239 1584 8186 8187 8186 8186 8186 8186 8187 
1318 1271 5731 16383 1174 1283 1298 1241 1584 2165 8186 8185 8185 8185 8185 8186 
1347 1226 5733 16383 1175 1283 1299 1241 1584 8185 8186 8185 8185 8185 8185 8186 
1307 1221 5741 16383 1175 1283 1297 1241 1584 8185 8186 8185 8185 8185 8185 8186 
1341 1299 5741 16383 1177 1286 1301 1243 1585 2166 8186 8185 8185 8185 8185 8186 
1310 1226 5726 16383 1174 1282 1297 1240 1584 8185 8186 8185 8185 8185 8185 8186 
1361 1289 5733 16383 1175 1284 1298 1242 1583 2177 8186 8185 8185 8185 8185 8186 
1338 1295 5729 16383 1175 1285 1299 1242 1584 2160 8186 8185 8185 8185 8185 8186 
1386 1228 5728 16383 1177 1286 1301 1243 1584 8185 8186 8185 8186 8185 8185 8186 
1334 1281 5723 16383 1175 1284 1297 1241 1585 2158 8186 8185 8185 8185 8185 8186 
1330 1227 5733 16383 1177 1287 1298 1242 1584 8186 8187 8186 8186 8186 8186 8187 
1331 1227 5731 16383 1174 1283 1300 1243 1584 8185 8186 8185 8185 8185 8185 8186 
1326 1223 5731 16383 1175 1283 1297 1242 1584 8185 8186 8185 8185 8185 8185 8186 
1324 1231 5727 16383 1175 1285 1299 1241 1584 8186 8187 8186 8186 8186 8186 8187 
1314 1225 5725 16383 1177 1285 1299 1242 1584 8185 8186 8185 8185 8185 8185 8186 
1303 1225 5738 16383 1175 1285 1297 1241 1583 8185 8186 8185 8185 8185 8185 8186 
1334 1289 5728 16383 1175 1285 1301 1243 1584 2170 8186 8185 8185 8185 8185 8186 
1330 1274 5727 16383 1175 1283 1298 1242 1584 2171 8186 8185 8185 8185 8185 8186 
1359 1267 5729 16383 1177 1285 1301 1243 1585 2207 8187 8186 8186 8186 8186 8187 
1295 1225 5725 16383 1175 1283 1298 1239 1585 8186 8187 8186 8186 8186 8186 8187 
1325 1226 5735 16383 1175 1284 1300 1241 1584 8185 8186 8185 8185 8185 8185 8186 
1355 1223 5739 16383 1178 1286 1299 1243 1584 8185 8186 8185 8185 8185 8185 8186 
1315 1257 5733 16383 1175 1285 1299 1243 1584 8185 8186 8185 8185 8185 8185 8186 
1337 1223 5738 16383 1173 1283 1301 1241 1584 8185 8186 8185 8185 8185 8185 8186 
1316 1287 5727 16383 1178 1285 1299 1243 1584 2133 8186 8185 8185 8185 8185 8186 
1315 1223 5728 16383 1175 1284 1298 1241 1584 8185 8186 8185 8185 8185 8185 8186 
1323 1277 5731 16383 1177 1285 1299 1242 1583 2165 8186 8185 8185 8185 8185 8186 
1317 1223 5738 16383 1174 1282 1297 1242 1584 8186 8187 8186 8186 8186 8186 8187 
1331 1223 5727 16383 1175 1283 1298 1239 1584 8185 8186 8185 8185 8185 8185 8186 
1347 1298 5729 16383 1173 1285 1299 1241 1584 2155 8186 8185 8185 8185 8185 8186 
1301 1227 5728 16383 1175 1285 1299 1243 1584 8185 8186 8185 8185 8185 8185 8186 
1317 1273 5729 16383 1175 1283 1298 1241 1585 2138 8186 8185 8185 8185 8185 8186 
1346 1246 5728 16383 1175 1287 1301 1243 1584 8185 8186 8185 8185 8185 8185 8186 
1322 1274 5731 16383 1175 1285 1301 1241 1584 2151 8186 8185 8186 8185 8185 8186 
1351 1469 5731 16383 1175 1283 1299 1241 1584 2164 8186 8185 8185 8185 8185 8186 
1309 1221 5734 16383 1175 1283 1299 1241 1584 8185 8186 8185 8185 8185 8185 8186 
1319 1225 5728 16383 1175 1284 1297 1242 1584 8185 8186 8185 8186 8185 8185 8186 
1358 1257 5732 16383 1174 1282 1298 1242 1585 8184 8185 8184 8185 8184 8184 8185 
1325 1258 5727 16383 1178 1287 1301 1243 1584 8185 8186 8185 8185 8185 8185 8186 
1331 1218 5729 16383 1175 1282 1299 1242 1584 8185 8186 8185 8185 8185 8185 8186 
1318 1227 5739 16383 1177 1284 1300 1243 1584 8185 8186 8185 8185 8185 8185 8186 
1339 1225 5737 16383 1174 1283 1295 1241 1584 8186 8187 8186 8187 8186 8186 8187 
1317 1223 5726 16383 1177 1285 1299 1243 1584 8185 8186 8185 8185 8185 8185 8186 
1329 1234 5733 16383 1173 1283 1298 1243 1584 8186 8187 8186 8186 8186 8186 8187 
1308 1223 5727 16383 1175 1284 1299 1242 1585 8185 8186 8185 8185 8185 8185 8186 
1322 1283 5734 16383 1174 1284 1297 1241 1584 2158 8186 8185 8185 8185 8185 8186 
1344 1285 5729 16383 1175 1283 1299 1239 1584 2163 8186 8185 8185 8185 8185 8186 
1341 1269 5738 16383 1175 1285 1299 1243 1585 2180 8186 8185 8185 8185 8185 8186 
1299 1225 5739 16383 1175 1283 1298 1239 1584 8185 8186 8185 8185 8185 8185 8186 
1323 1227 5737 16383 1178 1286 1300 1245 1584 8185 8186 8185 8185 8185 8185 8186 
1320 1225 5729 16383 1175 1286 1301 1242 1585 8185 8186 8185 8185 8185 8185 8186 
1327 1223 5727 16383 1175 1287 1301 1242 1583 8185 8186 8185 8186 8186 8186 8187 
1315 1223 5727 16383 1175 1285 1299 1241 1584 8185 8186 8185 8185 8185 8185 8186 
1327 1273 5733 16383 1175 1282 1297 1242 1584 2166 8186 8185 8185 8185 8185 8186 
1315 1223 5734 16383 1175 1285 1299 1243 1584 8186 8187 8186 8187 8186 8186 8187 
1313 1261 5733 16383 1175 1283 1295 1241 1584 2199 8186 8185 8185 8185 8185 8186 
1320 1273 5730 16383 1177 1284 1301 1243 1583 2161 8186 8185 8185 8185 8185 8186 
1321 1269 5727 16383 1175 1282 1299 1242 1584 2155 8185 8184 8184 8184 8184 8185 
1353 1228 5738 16383 1175 1283 1300 1241 1584 8186 8187 8186 8186 8186 8186 8187 
1327 1227 5737 16383 1177 1285 1301 1241 1584 8185 8186 8185 8185 8185 8185 8186 
1328 1290 5728 16383 1175 1283 1299 1241 1584 2156 8186 8185 8185 8185 8185 8186 
1317 1219 5739 16383 1173 1283 1299 1241 1584 8186 8187 8186 8187 8186 8186 8187 
1338 1276 5732 16383 1175 1284 1299 1243 1584 2181 8186 8185 8185 8185 8185 8186 
1337 1358 5739 16383 1174 1283 1298 1241 1584 2138 8186 8185 8185 8185 8185 8186 
1322 1273 5727 16383 1174 1282 1295 1240 1584 2163 8187 8186 8186 8186 8186 8187 
1315 1223 5731 16383 1175 1284 1299 1241 1584 8185 8186 8185 8185 8185 8185 8186 
1325 1284 5727 16383 1177 1287 1300 1244 1584 2156 8187 8186 8186 8186 8186 8187 
1323 1283 5733 16383 1177 1285 1298 1242 1584 2151 8186 8185 8185 8185 8185 8186 
1295 1221 5737 16383 1177 1285 1299 1243 1584 8185 8186 8185 8185 8185 8185 8186 
1326 1326 5742 16383 1175 1282 1297 1242 1584 2119 8186 8185 8185 8185 8185 8186 
1343 1223 5739 16383 1174 1283 1299 1241 1585 8185 8186 8185 8185 8185 8185 8186 
1323 1269 5740 16383 1177 1285 1302 1243 1584 2181 8186 8185 8185 8185 8185 8186 
1334 1222 5728 16383 1175 1284 1298 1243 1584 8185 8186 8185 8185 8185 8185 8186 
1321 1279 5735 16383 1175 1285 1299 1242 1584 2158 8186 8185 8185 8185 8185 8186 
1414 1223 5732 16383 1175 1285 1297 1243 1584 8185 8186 8185 8185 8185 8185 8186 
1311 1225 5742 16383 1175 1283 1300 1242 1585 8184 8185 8184 8184 8184 8184 8185 
1333 1229 5727 16383 1174 1283 1298 1243 1585 8185 8186 8185 8185 8185 8185 8186 
1334 1270 5737 16383 1177 1285 1301 1245 1584 2200 8186 8185 8185 8185 8185 8186 
1317 1226 5724 16383 1173 1283 1298 1241 1584 8185 8186 8185 8185 8185 8185 8186 
1349 1291 5727 16383 1175 1283 1298 1241 1585 2173 8186 8185 8185 8185 8185 8186 
1325 1263 5740 16383 1177 1283 1301 1243 1584 8185 8186 8185 8185 8185 8185 8186 
1329 1223 5729 16383 1175 1285 1301 1243 1584 8185 8186 8185 8185 8185 8185 8186 
1325 1263 5737 16383 1177 1283 1301 1243 1584 2180 8187 8186 8186 8186 8186 8187 
1329 1291 5737 16383 1177 1284 1301 1243 1584 2139 8186 8185 8185 8185 8185 8186 
1323 1267 5726 16383 1173 1282 1297 1241 1584 2175 8187 8186 8186 8186 8186 8187 
1318 1221 5738 16383 1175 1284 1299 1241 1584 8185 8186 8185 8186 8185 8185 8186 
1331 1227 5730 16383 1175 1287 1301 1243 1585 8185 8186 8185 8186 8185 8185 8186 
1318 1300 5727 16383 1177 1285 1301 1242 1585 2139 8186 8185 8185 8185 8185 8186 
1335 1227 5726 16383 1174 1281 1295 1239 1584 8185 8186 8185 8185 8185 8185 8186 
1330 1279 5731 16383 1177 1286 1302 1244 1585 2175 8186 8185 8185 8185 8185 8186 
1335 1223 5734 16383 1179 1287 1302 1245 1584 8185 8186 8185 8185 8185 8185 8186 
1322 1229 5737 16383 1178 1284 1299 1243 1584 8186 8187 8186 8186 8186 8186 8187 
1337 1283 5729 16383 1175 1285 1301 1242 1584 2172 8186 8185 8185 8185 8185 8186 
1300 1233 5738 16383 1175 1285 1301 1242 1584 8185 8186 8185 8185 8185 8185 8186 
1327 1290 5739 16383 1175 1284 1300 1241 1584 2156 8186 8185 8185 8185 8185 8186 
1349 1279 5725 16383 1175 1283 1299 1241 1584 2169 8186 8185 8185 8185 8185 8186 
1316 1223 5740 16383 1177 1285 1299 1242 1584 8185 8186 8185 8186 8185 8185 8186 
1323 1223 5727 16383 1174 1284 1297 1239 1584 8185 8186 8185 8185 8185 8185 8186 
1535 1783 5739 16383 1175 1283 1299 1241 1584 2142 8186 8185 8185 8185 8185 8186 
1313 1219 5727 16383 1174 1283 1299 1243 1585 8185 8186 8185 8185 8185 8185 8186 
1319 1222 5733 16383 1175 1285 1299 1241 1584 8185 8186 8185 8185 8185 8185 8186 
1309 1223 5738 16383 1177 1285 1299 1244 1584 8185 8186 8185 8185 8185 8185 8186 
1353 1229 5729 16383 1175 1285 1300 1243 1583 8185 8186 8185 8185 8185 8185 8186 
1327 1263 5735 16383 1177 1284 1301 1242 1584 2178 8186 8185 8185 8185 8185 8186 
1356 1252 5739 16383 1175 1285 1298 1242 1584 2127 8187 8186 8186 8186 8186 8187 
1359 1283 5732 16383 1178 1285 1301 1243 1584 2180 8186 8185 8185 8185 8185 8186 
1325 1225 5727 16383 1177 1285 1299 1243 1584 8185 8186 8185 8185 8185 8185 8186 
1322 1276 5736 16383 1177 1283 1298 1242 1584 2154 8187 8186 8186 8186 8186 8187 
1367 1223 5739 16383 1178 1286 1299 1242 1584 8186 8187 8186 8186 8186 8186 8187 
1364 1291 5727 16383 1173 1282 1295 1241 1584 2168 8186 8185 8185 8185 8185 8186 
1322 1231 5730 16383 1177 1287 1302 1245 1585 8185 8186 8185 8185 8185 8185 8186 
1312 1227 5726 16383 1177 1286 1303 1243 1584 8185 8186 8185 8185 8185 8185 8186 
1317 1220 5727 16383 1174 1283 1295 1241 1584 8185 8186 8185 8185 8185 8185 8186 
1319 1227 5737 16383 1174 1285 1299 1243 1584 8185 8186 8185 8185 8185 8185 8186 
1331 1274 5733 16383 1178 1285 1299 1245 1584 2181 8187 8186 8187 8186 8186 8187 
1297 1221 5734 16383 1173 1282 1299 1241 1584 8185 8186 8185 8185 8185 8185 8186 
1351 1266 5729 16383 1174 1283 1300 1242 1584 2209 8186 8185 8185 8185 8185 8186 
1312 1223 5728 16383 1177 1283 1300 1243 1584 8185 8186 8185 8185 8185 8185 8186 
1325 1258 5725 16383 1177 1285 1300 1243 1583 2220 8186 8185 8185 8185 8185 8186 
1357 1273 5728 16383 1175 1285 1299 1243 1584 2210 8187 8186 8186 8186 8186 8187 
1325 1225 5734 16383 1177 1286 1301 1243 1584 8185 8186 8185 8186 8185 8185 8186 
1322 1223 5733 16383 1174 1283 1298 1242 1584 8185 8186 8185 8185 8185 8185 8186 
1348 1225 5729 16383 1175 1285 1299 1243 1584 8185 8186 8185 8185 8185 8185 8186 
1327 1285 5727 16383 1174 1285 1299 1242 1584 2150 8187 8186 8186 8186 8186 8187 
1325 1263 5735 16383 1175 1285 1299 1241 1583 2189 8186 8185 8186 8185 8185 8186 
1329 1223 5735 16383 1174 1283 1299 1242 1585 8185 8186 8185 8185 8185 8185 8186 
1315 1225 5739 16383 1175 1285 1298 1241 1584 8185 8186 8185 8185 8185 8185 8186 
1328 1223 5726 16383 1177 1285 1299 1242 1584 8186 8187 8186 8186 8186 8186 8187 
1306 1223 5731 16383 1175 1285 1299 1242 1583 8185 8186 8185 8186 8185 8185 8186 
1317 1227 5727 16383 1175 1283 1299 1244 1583 8185 8186 8185 8185 8185 8185 8186 
1320 1298 5729 16383 1175 1283 1298 1241 1584 2128 8186 8185 8185 8185 8185 8186 
1365 1244 5739 16383 1175 1286 1301 1245 1584 8186 8187 8186 8186 8186 8186 8187 
1342 1226 5730 16383 1177 1284 1301 1245 1584 8185 8186 8185 8185 8185 8185 8186 
1311 1227 5731 16383 1175 1283 1299 1243 1584 8186 8187 8186 8186 8186 8186 8187 
1320 1266 5739 16383 1175 1287 1299 1242 1584 2202 8185 8184 8184 8184 8184 8185 
1314 1226 5738 16383 1175 1285 1299 1242 1584 8186 8187 8186 8186 8186 8186 8187 
1314 1222 5727 16383 1174 1283 1297 1240 1584 8183 8184 8183 8184 8183 8183 8184 
1321 1223 5739 16383 1175 1285 1299 1242 1584 8185 8186 8185 8185 8185 8185 8186 
1294 1299 5726 16383 1175 1282 1299 1241 1584 2177 8186 8185 8185 8185 8185 8186 
1319 1225 5733 16383 1175 1284 1301 1243 1585 8185 8186 8185 8185 8185 8185 8186 
1377 1230 5739 16383 1174 1285 1298 1243 1584 8185 8187 8186 8186 8186 8186 8187 
1303 1225 5734 16383 1175 1283 1299 1243 1584 8186 8187 8186 8186 8186 8186 8187 
1339 1228 5738 16383 1177 1285 1300 1244 1584 8185 8186 8185 8185 8185 8185 8186 
1316 1220 5739 16383 1174 1284 1299 1242 1584 8185 8186 8185 8186 8185 8185 8186 
1371 1346 5739 16383 1177 1285 1299 1242 1584 2166 8186 8185 8185 8185 8185 8186 
1353 1263 5739 16383 1174 1282 1299 1241 1584 2221 8186 8185 8185 8185 8185 8186 
1315 1270 5724 16383 1174 1285 1298 1241 1584 2143 8187 8186 8186 8186 8186 8187 
1307 1233 5741 16383 1175 1285 1300 1242 1584 8185 8186 8185 8185 8185 8185 8186 
1311 1222 5731 16383 1174 1284 1295 1241 1584 8186 8187 8186 8187 8186 8186 8187 
1327 1226 5735 16383 1175 1283 1298 1242 1584 8185 8186 8185 8185 8185 8185 8186 
1349 1274 5728 16383 1176 1285 1298 1243 1584 2176 8186 8185 8185 8185 8185 8186 
1313 1230 5729 16383 1175 1285 1301 1243 1584 8186 8187 8186 8186 8186 8186 8187 
1317 1225 5738 16383 1175 1283 1298 1241 1584 8185 8186 8185 8185 8185 8185 8186 
1331 1225 5733 16383 1175 1285 1298 1241 1583 8185 8186 8185 8185 8185 8185 8186 
1393 1265 5729 16383 1175 1285 1299 1242 1583 2224 8186 8185 8185 8185 8185 8186 
1298 1235 5730 16383 1177 1285 1299 1243 1585 8185 8186 8185 8185 8185 8185 8186 
1319 1226 5733 16383 1175 1283 1301 1243 1584 8185 8186 8185 8185 8185 8185 8186 
1345 1221 5728 16383 1175 1284 1298 1242 1584 8185 8186 8185 8185 8185 8185 8186 
1311 1223 5737 16383 1177 1285 1299 1243 1584 8184 8185 8184 8184 8184 8184 8185 
1357 1225 5726 16383 1175 1284 1299 1243 1584 8185 8186 8185 8185 8185 8185 8186 
1318 1224 5727 16383 1172 1283 1298 1241 1585 8185 8186 8185 8185 8185 8185 8186 
1319 1225 5732 16383 1175 1285 1299 1241 1584 8185 8186 8185 8185 8185 8185 8186 
1335 1226 5738 16383 1176 1285 1298 1243 1584 8185 8186 8185 8185 8185 8185 8186 
1319 1277 5733 16383 1176 1285 1298 1243 1584 2154 8187 8186 8186 8186 8186 8187 
1359 1253 5728 16383 1175 1283 1297 1241 1584 8185 8186 8185 8185 8185 8185 8186 
1297 1223 5731 16383 1175 1285 1297 1241 1584 8185 8186 8185 8186 8185 8185 8186 
1303 1225 5737 16383 1177 1283 1300 1243 1584 8185 8186 8185 8185 8185 8185 8186 
1339 1283 5731 16383 1174 1283 1299 1243 1584 2180 8187 8186 8186 8186 8186 8187 
1313 1225 5730 16383 1175 1285 1299 1243 1584 8185 8186 8185 8186 8185 8186 8186 
1327 1223 5733 16383 1175 1283 1299 1242 1584 8186 8187 8186 8186 8186 8186 8187 
1327 1225 5741 16383 1175 1287 1299 1243 1584 8185 8186 8185 8185 8185 8185 8186 
1315 1226 5734 16383 1175 1283 1299 1241 1584 8185 8186 8185 8185 8185 8185 8186 
1311 1273 5724 16383 1177 1285 1299 1241 1584 2136 8187 8186 8186 8186 8186 8187 
