1269 1217 8731 16383 1189 1280 1295 1235 653 467 8189 8188 8188 8188 8188 8189 
1255 1178 8751 16383 1307 1503 1295 1241 653 468 8190 8189 8189 8190 8189 8190 
1283 1251 8772 16383 1189 1279 1295 1237 654 511 8188 8187 8187 8188 8187 8188 
1255 1179 8751 16383 1351 1406 1297 1237 653 476 8186 8185 8186 8186 8185 8186 
1253 1175 8750 16383 1327 1543 1294 1236 653 473 8191 8190 8190 8190 8190 8191 
1285 1302 8773 16383 1187 1282 1295 1238 653 514 8177 8176 8177 8177 8176 8177 
1310 1383 8753 16383 1189 1289 1295 1239 653 420 8191 8190 8190 8190 8190 8191 
1295 1302 8769 16383 1187 1283 1295 1239 8191 8191 794 660 8191 8191 8191 4096 
1306 1336 8747 16383 1185 1275 1293 1235 653 513 8188 8187 8187 8188 8187 8188 
1302 1268 8767 16383 1186 1279 1295 1237 653 470 8188 8187 8187 8187 8187 8188 
1287 1287 8739 16383 1194 1291 1295 1237 653 470 4097 4096 4096 4096 4096 4097 
1272 1227 8751 16383 1191 1287 1295 1239 652 365 4096 8191 8191 8191 8191 4096 
1385 1801 8767 16383 1187 1286 1295 1239 652 435 4096 8191 8191 8191 8191 4096 
1282 1300 8759 16383 1185 1279 1294 1239 653 476 4097 4096 4096 4096 4096 4097 
1251 1179 8769 16383 1291 1359 1295 1239 4096 4096 2384 688 4096 4096 4096 4097 
1299 1290 8747 16383 1181 1290 1295 1238 653 514 4097 4096 4096 4096 4096 4097 
1275 1289 8749 16383 1185 1286 1295 1238 652 468 8191 8190 8190 8190 8190 8191 
1256 1187 8771 16383 1297 1323 1294 1235 8185 8185 671 670 8186 8186 8185 8186 
1280 1289 8741 16383 1189 1277 1293 1236 652 468 4097 4096 4096 4096 4096 4097 
1330 1386 8779 16383 1186 1278 1295 1238 444 996 8190 8189 8189 8189 8189 8190 
1305 1382 8745 16383 1186 1281 1294 1237 653 473 4097 4096 4096 4096 4096 4097 
1315 1398 8770 16383 1186 1280 1297 1238 653 513 4097 4096 4096 4096 4096 4097 
1324 1391 8747 16383 1184 1278 1294 1238 8188 8188 581 2213 8188 8188 8188 8189 
1294 1301 8758 16383 1187 1278 1294 1238 653 469 4096 8191 8191 8191 8191 4096 
1276 1280 8758 16383 1191 1287 1293 1237 8187 8187 792 637 8187 8187 8187 8188 
1251 1173 8766 16383 1210 1330 1295 1238 652 582 8186 8185 8186 8186 8185 8186 
1299 1334 8764 16383 1190 1297 1295 1239 653 1958 4097 4096 4096 4096 4096 4097 
1311 1343 8738 16383 1185 1283 1294 1237 652 519 8191 8190 8190 8190 8190 8191 
1283 1261 8773 16383 1189 1286 1294 1238 8188 8188 703 689 8188 8189 8188 8189 
1249 1183 8735 16383 1203 1284 1293 1235 8191 8191 103 689 8191 8191 8191 4096 
1314 1353 8772 16383 1194 1283 1297 1238 653 467 8188 8187 8188 8188 8187 8188 
1306 1413 8749 16383 1193 1290 1295 1237 653 470 4097 4096 4096 4096 4096 4097 
1315 1319 8751 16383 1187 1285 1295 1238 653 493 8191 8190 8190 8190 8190 8191 
1320 1351 8774 16383 1189 1287 1297 1238 652 479 8178 8177 8178 8178 8177 8178 
1255 1179 8756 16383 1218 1309 1294 1239 8190 8190 583 688 8190 8190 8190 8191 
1262 1197 8774 16383 1183 1293 1295 1239 8188 8188 633 688 8189 8189 8188 8189 
1284 1315 8739 16383 1185 1295 1294 1237 653 471 4096 8191 8191 8191 8191 4096 
1291 1271 8758 16383 1179 1283 1295 1237 653 470 4097 4096 4096 4096 4096 4097 
1291 1242 8747 16383 1193 1277 1295 1239 652 521 4096 8191 8191 8191 8191 4096 
1314 1354 8745 16383 1194 1277 1295 1237 653 472 8191 8190 8190 8190 8190 8191 
1306 1326 8759 16383 1191 1279 1294 1238 8166 8166 765 687 8167 8167 8166 8167 
1281 1255 8762 16383 1185 1285 1295 1239 653 466 4098 4097 4097 4097 4097 4098 
1253 1173 8777 16383 1207 1348 1295 1238 653 516 8188 8187 8187 8188 8187 8188 
1280 1227 8770 16383 1190 1286 1295 1238 8188 8188 579 688 8188 8188 8188 8189 
1267 1205 8770 16383 1186 1294 1295 1239 653 469 8188 8187 8187 8187 8187 8188 
1282 1249 8745 16383 1182 1295 1295 1237 653 475 4096 8191 8191 8191 8191 4096 
1288 1291 8755 16383 1193 1279 1295 1237 652 464 8184 8183 8184 8184 8183 8184 
1268 1236 8741 16383 1185 1277 1295 1237 653 421 4096 8191 8191 8191 8191 4096 
1249 1173 8747 16383 1238 1311 1293 1237 4096 4096 515 688 4096 4096 4096 4097 
1325 1411 8746 16383 1189 1281 1295 1236 653 514 4097 4096 4096 4096 4096 4097 
1272 1211 8777 16383 1187 1284 1293 1237 8190 8190 620 2088 8190 8190 8190 8191 
1297 1317 8769 16383 1191 1286 1294 1238 653 514 8171 8170 8171 8171 8170 8171 
1255 1185 8751 16383 1207 1309 1297 1239 653 472 4096 8191 8191 8191 8191 4096 
1314 1324 8756 16383 1189 1289 1294 1238 653 515 4096 8191 8191 8191 8191 4096 
1283 1286 8759 16383 1183 1287 1295 1237 653 471 8191 8190 8190 8190 8190 8191 
1309 1332 8763 16383 1184 1299 1295 1238 653 535 4096 8191 8191 8191 8191 4096 
1306 1337 8764 16383 1183 1293 1295 1236 653 513 8191 8190 8190 8190 8190 8191 
1287 1287 8746 16383 1186 1285 1295 1239 653 474 8188 8187 8187 8187 8187 8188 
1297 1343 8745 16383 1191 1279 1295 1239 653 477 8191 8190 8190 8190 8190 8191 
1295 1301 8771 16383 1191 1287 1295 1237 652 473 8190 8189 8189 8189 8189 8190 
1273 1231 8761 16383 1190 1286 1294 1237 8185 8185 667 687 8186 8186 8185 8186 
1280 1318 8751 16383 1187 1281 1295 1238 841 620 709 2287 8183 8183 8182 8183 
1287 1285 8771 16383 1187 1283 1295 1237 653 471 4097 4096 4096 4096 4096 4097 
1253 1175 8769 16383 1205 1299 1295 1236 4096 4096 579 688 4096 4096 4096 4097 
1313 1376 8759 16383 1187 1293 1295 1239 653 514 4097 4096 4096 4096 4096 4097 
1273 1260 8754 16383 1186 1290 1295 1236 653 466 4097 4096 4096 4096 4096 4097 
1305 1332 8773 16383 1189 1275 1295 1239 654 495 8191 8190 8190 8190 8190 8191 
1263 1202 8771 16383 1187 1281 1294 1238 653 469 4097 4096 4096 4096 4096 4097 
1276 1210 8774 16383 1186 1287 1295 1235 653 514 8191 8190 8190 8190 8190 8191 
1278 1222 8754 16383 1186 1283 1295 1241 653 470 4096 8191 8191 8191 8191 4096 
1254 1185 8766 16383 1277 1403 1298 1239 8191 8191 704 690 8191 8191 8191 4096 
1250 1171 8765 16383 1267 1418 1295 1237 8190 8190 793 669 8190 8190 8190 8191 
1275 1238 8747 16383 1181 1282 1294 1237 653 468 4096 8191 8191 8191 8191 4096 
1274 1213 8773 16383 1181 1295 1295 1238 8188 8188 791 632 8188 8189 8188 8189 
1290 1327 8743 16383 1181 1291 1297 1239 653 510 8191 8190 8190 8190 8190 8191 
1299 1321 8757 16383 1193 1273 1294 1235 654 503 8191 8190 8190 8190 8190 8191 
1258 1191 8747 16383 1230 1303 1295 1238 8191 8191 739 688 8191 8191 8191 4096 
1290 1263 8765 16383 1190 1282 1295 1239 653 367 8183 8182 8183 8183 8182 8183 
1257 1179 8742 16383 1239 1333 1295 1239 8190 8190 662 689 8190 8190 8190 8191 
1270 1250 8760 16383 1185 1278 1295 1237 653 471 8191 8190 8190 8190 8190 8191 
1271 1239 8752 16383 1186 1281 1295 1239 652 466 8191 8190 8190 8190 8190 8191 
1282 1243 8753 16383 1188 1282 1297 1239 652 469 8189 8188 8188 8188 8188 8189 
1295 1359 8776 16383 1185 1279 1295 1237 652 2182 4096 8191 8191 8191 8191 4096 
1269 1207 8769 16383 1193 1291 1294 1236 653 466 4097 4096 4096 4096 4096 4097 
1248 1176 8762 16383 1244 1371 1293 1235 653 512 8188 8187 8187 8187 8187 8188 
1251 1175 8746 16383 1274 1458 1295 1239 653 472 8190 8189 8189 8189 8189 8190 
1251 1167 8747 16383 1195 1279 1293 1238 653 517 8182 8181 8182 8182 8181 8182 
1241 1154 11505 16383 1999 2065 1290 1231 8191 8191 2317 2281 8191 8191 8191 4096 
1269 1243 8739 16383 1185 1275 1295 1238 653 470 4096 8191 8191 8191 8191 4096 
1256 1194 8757 16383 1223 1327 1295 1238 653 475 8189 8188 8189 8188 8188 8189 
1295 1313 8765 16383 1195 1291 1295 1237 652 473 4097 4096 4096 4096 4096 4097 
1277 1242 8747 16383 1188 1289 1297 1239 8188 8188 2425 664 8188 8188 8188 8189 
1267 1207 8755 16383 1185 1279 1293 1237 653 517 4097 4096 4096 4096 4096 4097 
1253 1178 8761 16383 1199 1379 1295 1239 8191 8191 792 2140 8191 8191 8191 4096 
1287 1271 8763 16383 1187 1286 1294 1237 653 469 4096 8191 8191 8191 8191 4096 
1246 1171 8771 16383 1254 1318 1294 1237 652 474 8187 8186 8186 8187 8186 8187 
1315 1347 8751 16383 1190 1273 1295 1237 654 511 4098 4097 4097 4097 4097 4098 
1256 1183 8774 16383 1215 1303 1295 1237 653 515 8179 8178 8179 8179 8178 8179 
1277 1251 8743 16383 1183 1279 1295 1238 653 468 4097 4096 4096 4096 4096 4097 
1283 1274 8753 16383 1186 1285 1295 1239 8186 8186 354 688 8186 8186 8186 8187 
1326 1380 8761 16383 1183 1283 1294 1239 652 517 8191 8190 8190 8190 8190 8191 
1279 1235 8773 16383 1190 1285 1295 1237 8187 8187 793 671 8188 8188 8187 8188 
1290 1341 8743 16383 1188 1285 1294 1236 653 472 4096 8191 8191 8191 8191 4096 
1277 1226 8755 16383 1189 1290 1295 1237 652 468 8189 8188 8188 8188 8188 8189 
1295 1376 8773 16383 1187 1293 1295 1238 653 470 8190 8189 8189 8189 8189 8190 
1275 1237 8736 16383 1186 1295 1295 1237 652 424 4097 4096 4096 4096 4096 4097 
1285 1283 8750 16383 1187 1269 1295 1238 653 512 4097 4096 4096 4096 4096 4097 
1270 1230 8763 16383 1187 1276 1295 1238 653 2010 8190 8189 8189 8189 8189 8190 
1295 1260 8766 16383 1188 1287 1297 1241 653 515 4096 8191 8191 8191 8191 4096 
1287 1273 8763 16383 1189 1285 1295 1237 652 471 8191 8190 8190 8190 8190 8191 
1337 1290 8745 16383 1186 1278 1294 1237 2137 2328 4096 8191 8191 8191 8191 4096 
1252 1181 8751 16383 1210 1303 1295 1238 8191 8191 690 689 8191 8191 8191 4096 
1252 1183 8763 16383 1233 1355 1295 1237 8190 8190 792 627 8190 8190 8190 8191 
1280 1211 8768 16383 1191 1288 1297 1239 653 515 8191 8190 8190 8190 8190 8191 
1285 1306 8762 16383 1187 1285 1295 1239 652 418 8191 8190 8190 8190 8190 8191 
1299 1309 8764 16383 1186 1286 1295 1237 652 479 8181 8180 8181 8181 8180 8181 
1239 1159 12201 16383 1329 1519 1288 1231 8189 8189 759 688 8189 8189 8189 8190 
1277 1239 8768 16383 1182 1286 1295 1239 653 469 4096 8191 8191 8191 8191 4096 
1254 1181 8762 16383 1213 1324 1295 1237 8191 8191 622 688 8191 8191 8191 4096 
1258 1183 8747 16383 1266 1352 1297 1238 8191 8191 794 668 8191 8191 8191 4096 
1270 1258 8743 16383 1188 1275 1295 1239 653 420 8191 8190 8191 8190 8191 4096 
1280 1280 8765 16383 1187 1279 1295 1237 653 472 4096 8191 8191 8191 8191 4096 
1293 1303 8763 16383 1183 1277 1295 1238 653 417 8190 8189 8189 8189 8189 8190 
1297 1308 8770 16383 1186 1277 1295 1238 8189 8189 715 688 8189 8189 8189 8190 
1253 1172 8742 16383 1389 1525 1294 1238 4096 4096 722 2144 4096 4096 4096 4097 
1282 1265 8755 16383 1190 1287 1295 1237 654 510 8180 8179 8180 8180 8179 8180 
1294 1311 8757 16383 1186 1293 1295 1239 653 475 4097 4096 4096 4096 4096 4097 
1280 1253 8742 16383 1184 1287 1295 1237 653 475 4097 4096 4096 4096 4096 4097 
1284 1250 8735 16383 1185 1282 1294 1238 652 468 4097 4096 4096 4096 4096 4097 
1290 1250 8770 16383 1187 1282 1295 1237 8190 8190 772 689 8190 8190 8190 8191 
1318 1369 8759 16383 1191 1292 1294 1238 653 513 8191 8190 8190 8190 8190 8191 
1293 1305 8770 16383 1187 1283 1294 1237 653 473 8188 8187 8187 8187 8187 8188 
1280 1303 8773 16383 1183 1278 1294 1237 8188 8188 678 688 8189 8189 8188 8189 
1283 1302 8763 16383 1182 1279 1294 1237 653 472 8191 8190 8190 8190 8190 8191 
1275 1287 8761 16383 1188 1287 1294 1239 8188 8188 758 3314 8188 8188 8188 8189 
1249 1171 8747 16383 1259 1459 1295 1239 8190 8190 725 687 8190 8190 8190 8191 
1267 1230 8751 16383 1187 1299 1295 1239 652 518 8190 8189 8189 8189 8189 8190 
1297 1316 8760 16383 1183 1290 1295 1238 652 472 8190 8189 8189 8189 8189 8190 
1271 1246 8741 16383 1185 1287 1293 1235 652 424 4096 8191 8191 8191 8191 4096 
1293 1303 8770 16383 1189 1266 1294 1235 590 408 8188 8187 8187 8187 8187 8188 
1316 1295 8765 16383 1195 1283 1295 1239 653 515 8191 8190 8190 8190 8190 8191 
1282 1335 8751 16383 1189 1280 1293 1237 653 471 8188 8187 8187 8188 8187 8188 
1313 1331 8769 16383 1185 1283 1295 1237 653 515 4096 8191 8191 8191 8191 4096 
1270 1211 8751 16383 1193 1295 1295 1237 652 468 4096 8191 8191 8191 8191 4096 
1301 1313 8781 16383 1184 1282 1294 1239 653 475 8191 8190 8190 8190 8190 8191 
1289 1213 8773 16383 1187 1287 1294 1238 653 513 8190 8189 8189 8189 8189 8190 
1285 1268 8740 16383 1185 1285 1294 1238 653 471 4097 4096 4096 4096 4096 4097 
1303 1338 8774 16383 1186 1291 1295 1239 651 463 8188 8187 8187 8187 8187 8188 
1273 1282 8771 16383 1185 1289 1295 1239 8181 8181 746 688 8182 8182 8181 8182 
1271 1263 8755 16383 1184 1278 1295 1238 653 385 4097 4096 4096 4096 4096 4097 
1287 1289 8757 16383 1182 1275 1295 1239 653 471 8191 8190 8190 8190 8190 8191 
1295 1332 8743 16383 1184 1277 1293 1238 653 472 4096 8191 8191 8191 8191 4096 
1283 1261 8751 16383 1190 1279 1294 1239 652 423 8189 8188 8189 8189 8188 8189 
1255 1177 8773 16383 1370 1487 1295 1237 652 520 8191 8190 8190 8190 8190 8191 
1271 1243 8739 16383 1185 1283 1294 1236 653 362 4096 8191 8191 8191 8191 4096 
1254 1189 8745 16383 1212 1314 1297 1241 8189 8189 792 640 8189 8189 8189 8190 
1326 1373 8763 16383 1189 1285 1295 1237 8187 8187 751 688 8187 8187 8187 8188 
1310 1374 8739 16383 1187 1282 1295 1238 653 512 4096 8191 8191 8191 8191 4096 
1271 1268 8751 16383 1185 1295 1297 1239 653 513 8191 8190 8190 8190 8190 8191 
1285 1294 8762 16383 1181 1294 1295 1239 652 512 4096 8191 8191 8191 8191 4096 
1267 1210 8739 16383 1183 1290 1295 1237 587 400 8191 8190 8190 8190 8190 8191 
1288 1302 8763 16383 1191 1275 1295 1239 653 469 4096 8191 8191 8191 8191 4096 
1258 1181 8768 16383 1205 1303 1295 1238 653 471 8191 8190 8190 8190 8190 8191 
1256 1185 8763 16383 1342 1442 1295 1237 653 513 8186 8185 8186 8186 8185 8186 
1252 1173 8754 16383 1222 1302 1295 1239 653 468 8184 8183 8184 8184 8183 8184 
1305 1283 8768 16383 1189 1290 1293 1237 653 516 4097 4096 4096 4096 4096 4097 
1250 1173 8771 16383 1230 1329 1294 1238 653 471 8190 8189 8189 8189 8189 8190 
1253 1171 8751 16383 1279 1442 1295 1238 8191 8191 632 688 8191 8191 8191 4096 
1254 1177 8749 16383 1427 1673 1295 1239 8191 8191 764 690 8191 8191 8191 4096 
1274 1249 8771 16383 1186 1292 1295 1238 648 470 8191 8190 8190 8190 8190 8191 
1269 1234 8755 16383 1184 1289 1293 1235 653 511 8185 8184 8185 8185 8184 8185 
1250 1179 8758 16383 1227 1383 1295 1237 653 421 8189 8188 8188 8188 8188 8189 
1309 1391 8779 16383 1194 1281 1299 1243 653 515 4096 8191 8191 8191 8191 4096 
1282 1275 8769 16383 1183 1275 1295 1237 652 516 8189 8188 8188 8188 8188 8189 
1283 1270 8763 16383 1187 1279 1298 1239 653 470 4096 8191 8191 8191 8191 4096 
1306 1345 8757 16383 1186 1279 1295 1238 653 468 4097 4096 4096 4096 4096 4097 
1434 1412 8756 16383 1189 1287 1294 1238 2106 640 4096 8191 8191 8191 8191 4096 
1288 1277 8768 16383 1189 1281 1297 1239 652 516 4096 8191 8191 8191 8191 4096 
1308 1295 8766 16383 1189 1287 1295 1239 652 574 4097 4096 4096 4096 4096 4097 
1277 1242 8747 16383 1186 1282 1295 1239 652 467 8181 8180 8181 8181 8180 8181 
1305 1345 8771 16383 1187 1295 1295 1236 652 473 8190 8189 8189 8189 8189 8190 
1275 1241 8747 16383 1181 1293 1295 1239 652 472 4096 8191 8191 8191 8191 4096 
1290 1306 8761 16383 1184 1291 1297 1239 653 474 8191 8190 8190 8190 8190 8191 
1285 1255 8753 16383 1191 1284 1291 1236 653 471 4097 4096 4096 4096 4096 4097 
1252 1178 8746 16383 1220 1311 1294 1238 4096 4096 712 688 4096 4096 4096 4097 
1311 1351 8743 16383 1183 1283 1292 1235 653 551 8183 8182 8183 8183 8182 8183 
1302 1411 8763 16383 1185 1281 1295 1238 653 514 4097 4096 4096 4096 4096 4097 
1302 1342 8765 16383 1189 1286 1295 1239 653 470 4096 8191 8191 8191 8191 4096 
1253 1175 8763 16383 1205 1333 1294 1237 8189 8189 625 688 8189 8189 8189 8190 
1271 1280 8749 16383 1187 1295 1295 1239 581 354 4097 4096 4096 4096 4096 4097 
1274 1252 8747 16383 1184 1293 1295 1238 653 466 4096 8191 8191 8191 8191 4096 
1250 1175 8746 16383 1212 1308 1294 1237 8185 8185 666 688 8186 8186 8185 8186 
1281 1281 8763 16383 1188 1281 1293 1235 652 432 4097 4096 4096 4096 4096 4097 
1273 1247 8767 16383 1186 1287 1295 1237 653 468 4097 4096 4096 4096 4096 4097 
1267 1213 8754 16383 1189 1281 1297 1239 652 515 8188 8187 8187 8188 8187 8188 
1251 1178 11385 16383 1537 1571 1292 1233 653 471 8191 8190 8190 8190 8190 8191 
1251 1175 8771 16383 1238 1359 1293 1238 4096 4096 792 640 4096 4096 4096 4097 
1274 1263 8745 16383 1184 1279 1295 1239 653 468 4096 8191 8191 8191 8191 4096 
1253 1179 8773 16383 1199 1295 1295 1239 653 472 8190 8189 8189 8189 8189 8190 
1281 1309 8755 16383 1183 1297 1294 1237 652 467 8191 8190 8190 8190 8190 8191 
1279 1261 8742 16383 1185 1299 1294 1239 652 473 4097 4096 4096 4096 4096 4097 
1285 1292 8735 16383 1190 1286 1295 1237 653 422 4096 8191 8191 8191 8191 4096 
1303 1340 8767 16383 1189 1277 1295 1238 653 474 8190 8189 8189 8189 8189 8190 
1253 1174 8759 16383 1209 1291 1295 1237 8191 8191 728 687 8191 8191 8191 4096 
1252 1171 8735 16383 1483 1570 1293 1237 8191 8191 688 2103 8191 8191 8191 4096 
1270 1219 8759 16383 1189 1284 1294 1238 653 469 8191 8190 8190 8190 8190 8191 
1252 1177 8759 16383 1250 1375 1295 1239 4096 4096 703 690 4096 4096 4096 4097 
1287 1322 8751 16383 1183 1279 1291 1233 653 476 8190 8189 8189 8189 8189 8190 
1317 1372 8767 16383 1193 1287 1295 1239 653 472 4097 4096 4096 4096 4096 4097 
1315 1411 8747 16383 1183 1287 1294 1235 654 510 8191 8190 8190 8190 8190 8191 
1247 1187 11390 16383 1368 1589 1289 1231 653 472 8190 8189 8189 8189 8189 8190 
1283 1277 8766 16383 1191 1273 1295 1237 653 518 4096 8191 8191 8191 8191 4096 
1309 1363 8786 16383 1193 1277 1295 1239 8188 8188 731 687 8188 8188 8188 8189 
1248 1171 8748 16383 1294 1453 1295 1238 652 519 8190 8189 8189 8189 8189 8190 
1313 1353 8767 16383 1190 1280 1294 1237 653 515 4097 4096 4096 4096 4096 4097 
1303 1325 8774 16383 1191 1287 1295 1238 443 257 8190 8189 8189 8189 8189 8190 
1251 1183 8761 16383 1218 1312 1293 1237 652 469 8190 8189 8189 8189 8189 8190 
1269 1233 8754 16383 1186 1279 1295 1237 583 446 4096 8191 8191 8191 8191 4096 
1319 1342 8768 16383 1186 1281 1294 1235 652 468 8190 8189 8189 8189 8189 8190 
1273 1229 8749 16383 1185 1289 1297 1239 652 468 4096 8191 8191 8191 8191 4096 
1275 1233 8745 16383 1187 1295 1297 1239 652 467 8190 8189 8189 8189 8189 8190 
1280 1269 8759 16383 1186 1290 1297 1239 653 471 8191 8190 8190 8190 8190 8191 
1317 1331 8761 16383 1193 1273 1295 1237 653 514 4097 4096 4096 4096 4096 4097 
1252 1177 8743 16383 1211 1309 1293 1238 8191 8191 679 689 8191 8191 8191 4096 
1249 1180 8771 16383 1198 1301 1295 1239 653 514 8173 8172 8173 8173 8172 8173 
1255 1175 8759 16383 1230 1383 1297 1239 4096 4096 767 690 4096 4096 4096 4097 
1279 1273 8769 16383 1188 1282 1295 1239 652 474 8189 8188 8188 8188 8188 8189 
1255 1181 8743 16383 1239 1351 1294 1237 634 639 8183 8182 8183 8183 8182 8183 
1253 1169 8768 16383 1310 1527 1295 1239 653 516 8189 8188 8188 8189 8188 8189 
1285 1321 8775 16383 1183 1295 1295 1237 652 516 8188 8187 8187 8187 8187 8188 
1311 1396 8767 16383 1191 1293 1295 1237 653 469 8191 8190 8190 8190 8190 8191 
1253 1190 8749 16383 1241 1338 1294 1238 8191 8191 627 688 8191 8191 8191 4096 
1275 1246 8747 16383 1188 1283 1295 1237 8190 8190 2117 2112 8190 8190 8190 8191 
1249 1172 8743 16383 1239 1327 1294 1237 8191 8191 584 688 8191 8191 8191 4096 
1316 1309 8773 16383 1191 1289 1295 1237 655 503 8190 8189 8189 8189 8189 8190 
1283 1263 8743 16383 1190 1285 1295 1238 650 459 8191 8190 8190 8190 8190 8191 
1251 1170 8749 16383 1237 1339 1294 1237 653 510 8189 8188 8189 8188 8188 8189 
1281 1332 8749 16383 1191 1290 1294 1237 652 469 4096 8191 8191 8191 8191 4096 
1293 1308 8772 16383 1184 1283 1294 1238 649 462 8189 8188 8188 8188 8188 8189 
1320 1363 8762 16383 1186 1286 1295 1237 653 420 8188 8187 8187 8187 8187 8188 
1249 1167 8755 16383 1195 1314 1294 1238 8191 8191 793 592 8191 8191 8191 4096 
1265 1275 8753 16383 1182 1291 1293 1236 8181 8181 793 673 8182 8182 8181 8182 
1295 1325 8747 16383 1181 1291 1294 1237 653 514 8175 8174 8175 8175 8174 8175 
1271 1217 8757 16383 1189 1266 1295 1238 618 476 4096 8191 8191 8191 8191 4096 
1257 1180 8763 16383 1305 1516 1297 1239 653 475 8191 8190 8190 8190 8190 8191 
1261 1191 8750 16383 1180 1278 1293 1237 8187 8187 792 2081 8187 8187 8187 8188 
1253 1176 8772 16383 1221 1335 1292 1238 4096 4096 792 628 4096 4096 4096 4097 
1269 1237 8751 16383 1185 1277 1295 1238 653 1871 8191 8190 8190 8190 8190 8191 
1301 1357 8751 16383 1191 1285 1295 1238 653 474 4096 8191 8191 8191 8191 4096 
1285 1258 8751 16383 1186 1294 1299 1239 653 469 8191 8190 8190 8190 8190 8191 
1283 1254 8755 16383 1184 1294 1295 1241 8189 8189 552 689 8189 8189 8189 8190 
1295 1285 8752 16383 1188 1288 1295 1241 652 467 8186 8185 8186 8186 8185 8186 
1254 1180 8765 16383 1226 1317 1295 1237 4096 4096 769 689 4096 4096 4096 4097 
1287 1313 8751 16383 1183 1275 1295 1237 653 473 4097 4096 4096 4096 4096 4097 
1252 1185 8763 16383 1205 1303 1295 1236 8191 8191 578 2095 8191 8191 8191 4096 
1252 1173 8762 16383 1210 1333 1295 1238 653 514 8190 8189 8189 8189 8189 8190 
1274 1226 8767 16383 1187 1286 1295 1239 653 471 8189 8188 8188 8188 8188 8189 
1290 1279 8767 16383 1190 1284 1295 1239 653 516 4096 8191 8191 8191 8191 4096 
1275 1295 8751 16383 1190 1290 1297 1239 652 469 8191 8190 8190 8190 8190 8191 
1253 1179 8767 16383 1249 1337 1295 1239 653 475 8188 8187 8188 8188 8187 8188 
1249 1175 8775 16383 1205 1297 1295 1238 652 474 8189 8188 8189 8188 8188 8189 
1275 1234 8751 16383 1190 1295 1295 1238 652 390 8190 8189 8189 8189 8189 8190 
1307 1366 8765 16383 1182 1286 1295 1239 653 477 8191 8190 8190 8190 8190 8191 
1305 1295 8757 16383 1188 1287 1294 1237 653 473 8186 8185 8186 8186 8185 8186 
1257 1183 8747 16383 1253 1333 1295 1239 4096 4096 634 689 4096 4096 4096 4097 
1285 1255 8743 16383 1191 1284 1293 1235 653 470 4096 8191 8191 8191 8191 4096 
1297 1285 8751 16383 1187 1281 1295 1237 653 518 8191 8190 8190 8190 8190 8191 
1283 1330 8763 16383 1187 1285 1295 1238 653 472 8191 8190 8190 8190 8190 8191 
1270 1222 8751 16383 1187 1287 1294 1237 8190 8190 678 688 8190 8190 8190 8191 
1282 1249 8777 16383 1190 1289 1295 1238 652 512 8188 8187 8187 8188 8187 8188 
1279 1245 8759 16383 1185 1283 1293 1237 607 419 4096 8191 8191 8191 8191 4096 
1265 1211 8746 16383 1189 1289 1294 1236 652 516 8189 8188 8188 8188 8188 8189 
1265 1242 8767 16383 1185 1295 1295 1237 654 506 8186 8185 8186 8186 8185 8186 
1291 1287 8755 16383 1186 1290 1295 1239 652 467 8187 8186 8187 8186 8186 8187 
1249 1175 8771 16383 1203 1334 1295 1238 652 634 8179 8178 8179 8179 8178 8179 
1278 1255 8759 16383 1189 1279 1295 1239 652 575 8190 8189 8189 8189 8189 8190 
1252 1181 8763 16383 1259 1387 1295 1238 8191 8191 794 660 8191 8191 8191 4096 
1270 1219 8746 16383 1187 1280 1293 1236 652 425 4096 8191 8191 8191 8191 4096 
1275 1236 8755 16383 1187 1279 1294 1237 651 0 8190 8189 8189 8189 8189 8190 
1300 1295 8766 16383 1183 1282 1295 1237 8189 8189 791 415 8189 8189 8189 8190 
1298 1300 8745 16383 1191 1291 1295 1238 653 513 8180 8179 8180 8180 8179 8180 
1291 1310 8742 16383 1188 1287 1294 1238 653 475 4096 8191 8191 8191 8191 4096 
1293 1285 8743 16383 1187 1283 1297 1239 652 517 8191 8190 8190 8190 8190 8191 
1268 1195 8737 16383 1183 1291 1295 1237 653 466 4096 8191 8191 8191 8191 4096 
1265 1261 8767 16383 1182 1297 1293 1238 652 516 8180 8179 8180 8180 8179 8180 
1330 1355 8750 16383 1181 1287 1293 1237 653 514 8191 8190 8190 8190 8190 8191 
1273 1267 8767 16383 1195 1271 1295 1237 653 529 8188 8187 8187 8187 8187 8188 
1269 1223 8770 16383 1293 1355 1295 1239 652 468 8189 8188 8188 8188 8188 8189 
1255 1177 8763 16383 1243 1391 1295 1239 653 475 8187 8186 8186 8186 8186 8187 
1256 1186 8736 16383 1341 1523 1293 1235 8191 8191 768 689 8191 8191 8191 4096 
1273 1250 8762 16383 1182 1279 1295 1239 652 573 8181 8180 8181 8181 8180 8181 
1317 1357 8775 16383 1186 1282 1295 1237 653 511 8175 8174 8175 8175 8174 8175 
1283 1210 8757 16383 1185 1280 1293 1235 655 506 8191 8190 8190 8190 8190 8191 
1310 1359 8739 16383 1187 1285 1295 1241 653 515 4096 8191 8191 8191 8191 4096 
1269 1235 8771 16383 1185 1279 1294 1235 653 424 8191 8190 8190 8190 8190 8191 
1295 1269 8770 16383 1185 1295 1295 1237 652 470 8187 8186 8187 8186 8186 8187 
1251 1179 8769 16383 1199 1332 1294 1238 653 511 8186 8185 8186 8186 8185 8186 
1249 1173 8738 16383 1199 1309 1295 1239 8191 8191 793 682 8191 8191 8191 4096 
1255 1183 8741 16383 1309 1458 1295 1239 652 469 8189 8188 8188 8189 8188 8189 
1287 1327 8757 16383 1188 1278 1295 1239 652 469 8191 8190 8190 8190 8190 8191 
1252 1178 8773 16383 1204 1291 1295 1237 653 473 8191 8190 8190 8190 8190 8191 
1256 1186 8765 16383 1211 1323 1295 1238 4096 4096 794 558 4096 4096 4096 4097 
1252 1195 8739 16383 1239 1327 1293 1235 8191 603 628 688 8191 8191 8191 4096 
1275 1269 8737 16383 1182 1279 1295 1237 653 468 4096 8191 8191 8191 8191 4096 
1286 1238 8749 16383 1189 1283 1295 1236 652 588 4096 8191 8191 8191 8191 4096 
1300 1306 8769 16383 1184 1286 1294 1237 653 470 8191 8190 8190 8190 8190 8191 
1302 1302 8757 16383 1186 1286 1295 1239 653 470 8191 8190 8190 8190 8190 8191 
1278 1247 8751 16383 1187 1294 1295 1237 653 469 8190 8189 8189 8189 8189 8190 
1283 1270 8749 16383 1183 1287 1295 1238 652 367 8189 8188 8188 8188 8188 8189 
1250 1183 8760 16383 1214 1345 1295 1239 8190 8190 676 688 8190 8190 8190 8191 
1260 1191 8758 16383 1319 1382 1295 1238 4096 4096 696 2130 4096 4096 4096 4097 
1285 1303 8747 16383 1189 1275 1295 1238 653 475 8186 8185 8185 8185 8185 8186 
1251 1175 8747 16383 1317 1569 1293 1239 4096 4096 735 688 4096 4096 4096 4097 
1253 1174 8757 16383 1306 1413 1298 1239 652 470 8187 8186 8186 8186 8186 8187 
1252 1174 8751 16383 1201 1313 1294 1237 653 471 8189 8188 8189 8188 8188 8189 
1300 1309 8763 16383 1191 1287 1295 1238 652 430 8188 8187 8187 8187 8187 8188 
1278 1276 8759 16383 1183 1280 1295 1237 653 512 4096 8191 8191 8191 8191 4096 
1279 1253 8756 16383 1187 1298 1294 1238 655 507 4096 8191 8191 8191 8191 4096 
1271 1250 8768 16383 1189 1299 1295 1238 653 516 8181 8180 8181 8181 8180 8181 
1291 1310 8767 16383 1189 1275 1297 1237 652 425 4098 4097 4097 4097 4097 4098 
1308 1319 8735 16383 1187 1275 1295 1239 653 513 4096 8191 8191 8191 8191 4096 
1299 1285 8751 16383 1186 1287 1295 1237 651 472 8190 8189 8189 8189 8189 8190 
1301 1365 8762 16383 1188 1283 1294 1237 653 516 4096 8191 8191 8191 8191 4096 
1280 1245 8766 16383 1186 1285 1294 1238 653 468 4097 4096 4096 4096 4096 4097 
1252 1179 8765 16383 1223 1370 1295 1238 8191 8191 745 689 8191 8191 8191 4096 
1323 1385 8759 16383 1183 1272 1294 1237 653 474 4096 8191 8191 8191 8191 4096 
1271 1262 8743 16383 1185 1278 1294 1239 653 468 8191 8190 8190 8190 8190 8191 
1305 1285 8757 16383 1186 1291 1295 1239 653 518 4097 4096 4096 4096 4096 4097 
1304 1349 8763 16383 1181 1287 1295 1238 653 476 4096 8191 8191 8191 8191 4096 
1321 1337 8755 16383 1193 1277 1294 1237 8182 8182 459 524 8183 8183 8182 8183 
1303 1319 8774 16383 1190 1274 1294 1238 653 516 8191 8190 8190 8190 8190 8191 
1295 1287 8765 16383 1191 1278 1295 1238 8184 8184 723 687 8185 8185 8184 8185 
1253 1175 8769 16383 1290 1345 1293 1237 4096 4096 628 688 4096 4096 4096 4097 
1285 1284 8753 16383 1187 1281 1295 1239 653 471 4096 8191 8191 8191 8191 4096 
1275 1247 8771 16383 1187 1281 1295 1237 652 471 8189 8188 8188 8188 8188 8189 
1287 1253 8750 16383 1186 1283 1295 1239 652 469 8191 8190 8190 8190 8190 8191 
1307 1317 8746 16383 1189 1281 1295 1239 653 470 4096 8191 8191 8191 8191 4096 
1294 1333 8757 16383 1184 1291 1293 1237 653 476 8191 8190 8190 8190 8190 8191 
1283 1293 8751 16383 1184 1289 1297 1238 653 540 8190 8189 8189 8189 8189 8190 
1287 1290 8769 16383 1189 1283 1295 1237 652 627 8190 8189 8189 8189 8189 8190 
1281 1253 8754 16383 1187 1278 1295 1237 653 515 4097 4096 4096 4096 4096 4097 
1295 1325 8742 16383 1183 1281 1295 1238 653 516 4096 8191 8191 8191 8191 4096 
1266 1217 8747 16383 1188 1279 1295 1237 653 469 8191 8190 8190 8190 8190 8191 
1283 1285 8749 16383 1189 1285 1295 1235 653 472 4097 4096 4096 4096 4096 4097 
1321 1354 8778 16383 1189 1279 1295 1238 8185 8185 770 688 8185 8185 8185 8186 
1429 1635 8755 16383 1187 1280 1295 1239 653 521 4096 8191 8191 8191 8191 4096 
1301 1357 8762 16383 1186 1279 1295 1238 653 476 4096 8191 8191 8191 8191 4096 
1299 1354 8765 16383 1186 1291 1295 1239 8190 8190 669 688 8190 8190 8190 8191 
1275 1223 8761 16383 1184 1293 1295 1238 652 0 8188 8187 8188 8187 8187 8188 
1291 1270 8773 16383 1185 1291 1294 1237 8190 8190 774 687 8190 8190 8190 8191 
1290 1254 8738 16383 1189 1280 1294 1237 653 471 4096 8191 8191 8191 8191 4096 
1280 1207 8741 16383 1191 1281 1295 1237 255 1004 4096 8191 8191 8191 8191 4096 
1305 1313 8753 16383 1192 1282 1295 1237 653 472 4096 8191 8191 8191 8191 4096 
1288 1307 8751 16383 1183 1274 1295 1238 653 470 4097 4096 4096 4096 4096 4097 
1283 1290 8759 16383 1185 1280 1293 1235 653 516 8191 8190 8190 8190 8190 8191 
1290 1301 8767 16383 1190 1283 1295 1239 653 472 4096 8191 8191 8191 8191 4096 
1272 1209 8750 16383 1187 1282 1294 1235 653 511 8189 8188 8188 8188 8188 8189 
1309 1334 8769 16383 1187 1284 1295 1238 653 469 8188 8187 8187 8187 8187 8188 
1313 1363 8745 16383 1191 1294 1295 1237 653 476 4097 4096 4096 4096 4096 4097 
1297 1323 8763 16383 1183 1289 1295 1238 653 470 4096 8191 8191 8191 8191 4096 
1295 1317 8736 16383 1189 1289 1295 1239 653 471 4097 4096 4096 4096 4096 4097 
1312 1323 8761 16383 1191 1281 1295 1239 652 430 8187 8186 8186 8186 8186 8187 
1284 1317 8753 16383 1185 1283 1295 1237 652 469 8189 8188 8189 8189 8188 8189 
1275 1221 8773 16383 1181 1279 1293 1235 653 471 8180 8179 8180 8180 8179 8180 
1280 1315 8742 16383 1181 1281 1295 1237 653 469 4097 4096 4096 4096 4096 4097 
1320 1397 8750 16383 1186 1283 1293 1239 653 514 4096 8191 8191 8191 8191 4096 
1312 1359 8762 16383 1187 1291 1294 1237 653 513 4096 8191 8191 8191 8191 4096 
1311 1262 8747 16383 1183 1295 1293 1237 652 593 4096 8191 8191 8191 8191 4096 
1296 1323 8744 16383 1184 1287 1294 1237 8186 8186 707 688 8186 8186 8186 8187 
1259 1183 8755 16383 1215 1334 1295 1237 652 336 8177 8176 8177 8177 8176 8177 
1303 1349 8761 16383 1189 1283 1295 1239 653 475 4097 4096 4096 4096 4096 4097 
1285 1246 8769 16383 1182 1279 1294 1235 652 290 8189 8188 8188 8188 8188 8189 
1271 1234 8754 16383 1186 1281 1295 1239 653 465 4097 4096 4096 4096 4096 4097 
1293 1281 8747 16383 1187 1287 1295 1239 651 474 8191 8190 8190 8190 8190 8191 
1283 1291 8751 16383 1191 1290 1295 1237 653 474 4097 4096 4096 4096 4096 4097 
1252 1174 8751 16383 1238 1322 1295 1237 653 515 8185 8184 8185 8185 8184 8185 
1267 1223 8756 16383 1185 1300 1294 1237 653 514 8190 8189 8189 8189 8189 8190 
1286 1280 8755 16383 1188 1275 1295 1237 652 471 8187 8186 8186 8186 8186 8187 
1251 1175 8754 16383 1297 1391 1294 1237 4096 4096 744 688 4096 4096 4096 4097 
1303 1316 8765 16383 1193 1283 1294 1239 653 472 8190 8189 8189 8189 8189 8190 
1309 1283 8773 16383 1191 1291 1295 1236 653 471 8187 8186 8186 8186 8186 8187 
1251 1174 8767 16383 1346 1421 1295 1239 653 473 8190 8189 8189 8189 8189 8190 
1281 1213 8741 16383 1185 1282 1293 1237 652 518 8191 8190 8190 8190 8190 8191 
1255 1179 8743 16383 1327 1413 1297 1241 8190 8190 625 688 8190 8190 8190 8191 
1283 1253 8747 16383 1187 1280 1294 1235 653 472 4096 8191 8191 8191 8191 4096 
1290 1278 8739 16383 1187 1292 1297 1239 652 472 8191 8190 8190 8190 8190 8191 
1290 1271 8747 16383 1183 1297 1295 1238 8186 8186 713 687 8187 8186 8186 8187 
1278 1273 8739 16383 1184 1293 1293 1238 651 469 4096 8191 8191 8191 8191 4096 
1316 1381 8754 16383 1187 1283 1295 1238 653 473 8191 8190 8190 8190 8190 8191 
1282 1266 8757 16383 1193 1283 1295 1239 653 380 4097 4096 4096 4096 4096 4097 
1255 1176 8769 16383 1217 1317 1293 1238 8190 8190 792 568 8190 8190 8190 8191 
1273 1223 8735 16383 1187 1286 1295 1237 653 469 4096 8191 8191 8191 8191 4096 
1273 1203 8746 16383 1189 1287 1295 1239 653 370 8189 8188 8188 8188 8188 8189 
1297 1293 8758 16383 1188 1282 1293 1237 653 470 4096 8191 8191 8191 8191 4096 
1283 1271 8751 16383 1188 1281 1293 1237 653 471 4096 8191 8191 8191 8191 4096 
1279 1224 8762 16383 1187 1286 1295 1238 653 467 8191 8190 8190 8190 8190 8191 
1279 1254 8771 16383 1187 1289 1295 1235 653 472 8191 8190 8190 8190 8190 8191 
1273 1258 8765 16383 1187 1295 1295 1238 653 417 8191 8190 8190 8190 8190 8191 
1291 1257 8751 16383 1183 1297 1294 1237 653 526 4096 8191 8191 8191 8191 4096 
1309 1307 8743 16383 1187 1283 1295 1237 653 474 4097 4096 4096 4096 4096 4097 
1296 1314 8742 16383 1185 1269 1294 1237 653 472 4097 4096 4096 4096 4096 4097 
1250 1175 8771 16383 1201 1295 1295 1237 653 474 8191 8190 8190 8190 8190 8191 
1293 1275 8747 16383 1185 1280 1295 1237 653 511 8184 8183 8184 8184 8183 8184 
1302 1279 8754 16383 1190 1284 1297 1239 652 468 8191 8190 8190 8190 8190 8191 
1287 1438 8749 16383 1189 1279 1298 1239 653 364 4097 4096 4096 4096 4096 4097 
1251 1179 8738 16383 1563 1629 1295 1237 4096 4096 634 2264 4096 4096 4096 4097 
1294 1379 8768 16383 1186 1293 1295 1239 652 470 4097 4096 4096 4096 4096 4097 
1301 1310 8741 16383 1185 1285 1297 1239 652 515 8182 8181 8182 8182 8181 8182 
1308 1374 8747 16383 1190 1270 1294 1237 653 516 8190 8189 8189 8189 8189 8190 
1291 1222 8769 16383 1189 1279 1294 1237 653 515 8190 8189 8189 8189 8189 8190 
1277 1222 8760 16383 1189 1283 1295 1239 653 471 8190 8189 8189 8189 8189 8190 
1293 1311 8746 16383 1185 1274 1295 1239 652 480 8189 8188 8189 8189 8189 8190 
1277 1285 8755 16383 1185 1275 1297 1238 653 469 4097 4096 4096 4096 4096 4097 
1285 1239 8751 16383 1191 1291 1293 1236 8189 8189 2591 2123 8189 8189 8189 8190 
1295 1293 8751 16383 1186 1279 1295 1238 653 470 8190 8189 8189 8189 8189 8190 
1316 1381 8745 16383 1185 1279 1295 1239 653 513 4096 8191 8191 8191 8191 4096 
1309 1414 8751 16383 1187 1298 1293 1235 653 471 8190 8189 8189 8189 8189 8190 
1282 1279 8769 16383 1188 1289 1295 1239 8190 8190 793 675 8190 8190 8190 8191 
1275 1281 8769 16383 1186 1273 1295 1236 653 472 4097 4096 4096 4096 4096 4097 
1294 1349 8758 16383 1185 1283 1295 1237 8188 8188 576 689 8188 8188 8188 8189 
1273 1231 8759 16383 1188 1282 1295 1237 653 475 4096 8191 8191 8191 8191 4096 
1279 1280 8754 16383 1186 1282 1295 1237 653 475 4097 4096 4096 4096 4096 4097 
1303 1306 8755 16383 1191 1287 1297 1241 653 513 8189 8188 8189 8188 8188 8189 
1253 1183 8739 16383 1214 1327 1295 1238 8191 8191 694 690 8191 8191 8191 4096 
1275 1249 8759 16383 1187 1283 1295 1238 653 513 8191 8190 8190 8190 8190 8191 
1279 1281 8747 16383 1189 1301 1295 1238 653 475 8191 8190 8190 8190 8190 8191 
1271 1238 8761 16383 1182 1291 1295 1237 653 470 4096 8191 8191 8191 8191 4096 
1287 1333 8771 16383 1179 1289 1295 1237 652 517 8190 8189 8189 8189 8189 8190 
1285 1319 8759 16383 1191 1286 1293 1237 653 475 4096 8191 8191 8191 8191 4096 
1259 1183 8737 16383 1226 1322 1297 1239 8191 8191 690 690 8191 8191 8191 4096 
1283 1293 8750 16383 1191 1281 1295 1239 653 420 4097 4096 4096 4096 4096 4097 
1253 1173 8745 16383 1194 1306 1295 1237 652 465 8189 8188 8188 8188 8188 8189 
1307 1425 8750 16383 1191 1285 1297 1239 654 500 4097 4096 4096 4096 4096 4097 
1318 1342 8771 16383 1193 1289 1295 1239 654 509 8189 8188 8188 8188 8188 8189 
1280 1251 8766 16383 1186 1287 1294 1238 653 473 4097 4096 4096 4096 4096 4097 
1252 1173 8746 16383 1205 1313 1293 1235 8190 8190 768 689 8190 8190 8190 8191 
1273 1274 8779 16383 1185 1293 1295 1238 8189 8189 685 689 8189 8189 8189 8190 
1319 1355 8771 16383 1188 1292 1295 1239 653 513 4096 8191 8191 8191 8191 4096 
1307 1379 8751 16383 1187 1277 1295 1237 653 514 4097 4096 4096 4096 4096 4097 
1285 1254 8774 16383 1193 1282 1299 1239 653 2026 8189 8188 8188 8188 8188 8189 
1291 1323 8746 16383 1186 1275 1295 1236 652 469 8191 8190 8190 8190 8190 8191 
1275 1270 8747 16383 1189 1283 1294 1237 653 472 8191 8190 8190 8190 8190 8191 
1282 1252 8775 16383 1190 1290 1293 1238 8189 526 459 689 8189 8189 8189 8190 
1268 1237 8743 16383 1193 1289 1295 1241 653 476 8188 8187 8187 8187 8187 8188 
1281 1299 8746 16383 1187 1287 1295 1238 653 469 4096 8191 8191 8191 8191 4096 
1281 1259 8776 16383 1186 1278 1295 1237 653 470 8190 8189 8189 8189 8189 8190 
1275 1251 8770 16383 1184 1285 1295 1237 609 419 4097 4096 4096 4096 4096 4097 
1271 1249 8769 16383 1189 1294 1295 1239 652 428 4096 8191 8191 8191 8191 4096 
1277 1281 8780 16383 1182 1294 1294 1238 8187 8187 792 673 8187 8187 8187 8188 
1298 1337 8732 16383 1178 1290 1295 1236 653 514 4096 8191 8191 8191 8191 4096 
1273 1242 8761 16383 1185 1284 1295 1239 643 472 8189 8188 8188 8188 8188 8189 
1254 1186 8773 16383 1206 1283 1295 1238 653 474 8190 8189 8189 8189 8189 8190 
1378 1344 8754 16383 1191 1279 1297 1239 653 512 8190 8189 8189 8189 8189 8190 
1268 1217 8769 16383 1191 1275 1295 1238 8190 8190 668 688 8190 8190 8190 8191 
1299 1299 8774 16383 1183 1273 1294 1238 8186 8186 763 689 8186 8187 8186 8187 
1297 1312 8759 16383 1187 1283 1295 1240 653 477 8190 8189 8189 8189 8189 8190 
1274 1213 8758 16383 1189 1287 1295 1236 651 465 2209 8190 8190 8190 8190 8191 
1321 1336 8739 16383 1191 1289 1295 1239 653 513 4096 8191 8191 8191 8191 4096 
1275 1259 8765 16383 1183 1291 1295 1238 652 469 4096 8191 8191 8191 8191 4096 
1302 1294 8751 16383 1190 1291 1295 1239 653 551 8191 8190 8190 8190 8190 8191 
1284 1303 8737 16383 1187 1282 1294 1235 653 474 4097 4096 4096 4096 4096 4097 
1277 1231 8755 16383 1186 1282 1295 1239 652 468 8190 8189 8189 8189 8189 8190 
1313 1307 8753 16383 1186 1286 1295 1239 653 515 4096 8191 8191 8191 8191 4096 
1278 1250 8775 16383 1191 1282 1295 1238 652 470 8189 8188 8188 8188 8188 8189 
1253 1177 8742 16383 1375 1575 1293 1236 4096 4096 728 688 4096 4096 4096 4097 
1275 1263 8763 16383 1189 1282 1295 1235 653 470 8191 8190 8190 8190 8190 8191 
1247 1179 11863 16383 1619 1691 1290 1230 653 508 8183 8182 8183 8183 8182 8183 
1286 1253 8749 16383 1191 1287 1295 1237 652 468 8190 8189 8189 8189 8189 8190 
1298 1307 8747 16383 1179 1279 1295 1239 653 471 4096 8191 8191 8191 8191 4096 
1287 1275 8737 16383 1186 1285 1295 1238 652 472 8191 8190 8190 8190 8190 8191 
1309 1327 8758 16383 1181 1298 1297 1237 653 514 4096 8191 8191 8191 8191 4096 
1289 1252 8746 16383 1181 1293 1295 1235 652 515 8190 8189 8189 8189 8189 8190 
1297 1342 8755 16383 1186 1289 1295 1235 652 469 4096 8191 8191 8191 8191 4096 
1257 1175 8760 16383 1226 1326 1295 1238 8191 8191 705 689 8191 8191 8191 4096 
1302 1323 8742 16383 1195 1283 1295 1239 650 476 8189 8188 8189 8188 8188 8189 
1271 1226 8737 16383 1189 1278 1295 1238 527 343 4096 8191 8191 8191 8191 4096 
1291 1317 8751 16383 1189 1282 1297 1238 653 470 4096 8191 8191 8191 8191 4096 
1270 1237 8765 16383 1190 1279 1295 1237 653 515 4096 8191 8191 8191 8191 4096 
1252 1177 8775 16383 1271 1339 1295 1239 652 471 8191 8190 8190 8190 8190 8191 
1286 1316 8775 16383 1191 1291 1295 1239 653 475 8190 8189 8189 8189 8189 8190 
1275 1229 8772 16383 1186 1285 1295 1239 8190 8190 504 688 8190 8190 8190 8191 
1307 1385 8747 16383 1181 1287 1294 1237 656 502 8188 8187 8187 8187 8187 8188 
1255 1187 8749 16383 1282 1417 1299 1242 653 515 8188 8187 8187 8187 8187 8188 
1287 1282 8751 16383 1191 1277 1295 1237 652 428 4096 8191 8191 8191 8191 4096 
1270 1217 8743 16383 1189 1273 1298 1239 652 470 8191 8190 8190 8190 8190 8191 
1321 1339 8758 16383 1186 1283 1298 1239 654 506 4097 4096 4096 4096 4096 4097 
1280 1263 8775 16383 1191 1285 1297 1239 8188 8188 619 2197 8188 8188 8188 8189 
1271 1234 8768 16383 1187 1283 1295 1238 653 472 8190 8189 8189 8189 8189 8190 
1302 1282 8741 16383 1184 1277 1294 1238 653 513 4096 8191 8191 8191 8191 4096 
1319 1355 8747 16383 1181 1280 1293 1236 653 508 4097 4096 4096 4096 4096 4097 
1267 1226 8745 16383 1183 1290 1298 1239 652 467 4096 8191 8191 8191 8191 4096 
1255 1195 8770 16383 1182 1295 1295 1238 652 472 4096 8191 8191 8191 8191 4096 
1262 1219 8741 16383 1177 1283 1295 1237 8186 8186 767 688 8186 8186 8186 8187 
1273 1295 8735 16383 1183 1287 1294 1239 652 472 4096 8191 8191 8191 8191 4096 
1254 1180 10817 16383 1274 1318 1290 1231 8191 8191 1996 689 8191 8191 8191 4096 
1330 1251 8754 16383 1190 1287 1294 1239 653 516 8189 8188 8188 8188 8188 8189 
1266 1209 8778 16383 1185 1283 1294 1237 8188 8188 668 688 8188 8188 8188 8189 
1254 1179 8767 16383 1277 1359 1297 1239 8191 8191 624 688 8191 8191 8191 4096 
1290 1301 8756 16383 1185 1278 1293 1237 653 472 4097 4096 4096 4096 4096 4097 
1313 1367 8743 16383 1191 1290 1295 1237 8187 8187 777 687 8187 8187 8187 8188 
1283 1244 8743 16383 1186 1287 1295 1239 601 417 4096 8191 8191 8191 8191 4096 
1289 1335 8750 16383 1183 1289 1293 1237 653 470 8191 8190 8190 8190 8190 8191 
1271 1227 8777 16383 1183 1287 1295 1239 653 470 8190 8189 8189 8189 8189 8190 
1323 1405 8755 16383 1493 1667 1294 1237 787 654 700 689 4096 4096 4096 4097 
1279 1281 8743 16383 1184 1281 1294 1238 652 516 8190 8189 8189 8189 8189 8190 
1258 1189 8770 16383 1355 1364 1295 1238 8178 8178 764 689 8179 8179 8178 8179 
1303 1401 8759 16383 1189 1279 1293 1238 653 412 8188 8187 8187 8187 8187 8188 
1303 1281 8765 16383 1189 1287 1295 1239 653 521 4096 8191 8191 8191 8191 4096 
1253 1173 8771 16383 1223 1329 1295 1238 8191 8191 755 690 8191 8191 8191 4096 
1326 1381 8741 16383 1189 1285 1295 1238 653 512 8190 8189 8189 8189 8189 8190 
1323 1403 8749 16383 1186 1285 1295 1238 653 515 4096 8191 8191 8191 8191 4096 
1352 1305 8757 16383 1188 1287 1295 1237 8180 8180 793 652 8181 8181 8180 8181 
1300 1394 8765 16383 1185 1286 1294 1236 653 512 8189 8188 8188 8188 8188 8189 
1308 1358 8747 16383 1186 1289 1295 1238 652 471 8175 8174 8175 8175 8174 8175 
1290 1284 8770 16383 1193 1271 1294 1237 654 509 8191 8190 8190 8190 8190 8191 
1285 1289 8755 16383 1193 1283 1294 1238 653 471 8191 8190 8190 8190 8190 8191 
1274 1223 8755 16383 1189 1278 1295 1239 653 473 8190 8189 8189 8189 8189 8190 
1254 1174 8768 16383 1417 1457 1294 1238 653 467 8190 8189 8189 8189 8189 8190 
1277 1239 8774 16383 1187 1281 1294 1238 652 469 8191 8190 8190 8190 8190 8191 
1287 1390 8773 16383 1187 1286 1295 1237 653 475 8188 8187 8188 8187 8187 8188 
1303 1346 8754 16383 1190 1280 1295 1237 652 466 8185 8184 8185 8185 8184 8185 
1275 1226 8753 16383 1186 1277 1297 1239 652 470 4097 4096 4096 4096 4096 4097 
1283 1267 8751 16383 1189 1291 1295 1238 653 386 8191 8190 8190 8190 8190 8191 
1273 1231 8771 16383 1190 1297 1294 1236 653 547 8189 8188 8188 8188 8188 8189 
1281 1255 8741 16383 1187 1298 1295 1238 653 474 8191 8190 8190 8190 8190 8191 
1253 1181 8758 16383 1246 1503 1295 1239 8191 8191 793 677 8191 8191 8191 4096 
1275 1249 8739 16383 1187 1267 1294 1237 653 514 4096 8191 8191 8191 8191 4096 
1272 1223 8745 16383 1186 1280 1293 1236 531 348 4096 8191 8191 8191 8191 4096 
1293 1295 8745 16383 1187 1283 1294 1238 653 517 4097 4096 4096 4096 4096 4097 
1269 1215 8757 16383 1184 1281 1295 1237 652 470 8191 8190 8190 8190 8190 8191 
1289 1294 8772 16383 1188 1287 1295 1237 652 517 8185 8184 8185 8185 8184 8185 
1253 1175 8745 16383 1318 1410 1295 1239 8191 8191 585 688 8191 8191 8191 4096 
1251 1179 8759 16383 1259 1342 1295 1238 652 466 8188 8187 8187 8187 8187 8188 
1292 1270 8751 16383 1189 1281 1294 1237 537 462 8189 8188 8188 8188 8188 8189 
1382 1411 8764 16383 1179 1289 1295 1238 2135 2127 4097 4096 4096 4096 4096 4097 
1287 1287 8750 16383 1179 1287 1294 1238 652 517 8188 8187 8187 8187 8187 8188 
1290 1307 8745 16383 1189 1289 1295 1241 654 509 4096 8191 8191 8191 8191 4096 
1281 1247 8749 16383 1197 1283 1297 1239 653 468 4096 8191 8191 8191 8191 4096 
1271 1251 8763 16383 1191 1282 1295 1238 653 471 8189 8188 8188 8188 8188 8189 
1271 1226 8765 16383 1184 1279 1295 1237 653 471 4097 4096 4096 4096 4096 4097 
1279 1253 8759 16383 1191 1283 1295 1238 653 465 8190 8189 8189 8189 8189 8190 
1303 1365 8774 16383 1189 1285 1293 1238 652 469 8188 8187 8187 8187 8187 8188 
1303 1331 8761 16383 1190 1287 1295 1238 653 512 4097 4096 4096 4096 4096 4097 
1289 1249 8753 16383 1185 1299 1294 1236 653 473 8190 8189 8189 8189 8189 8190 
1253 1175 8759 16383 1219 1315 1297 1238 653 421 4096 8191 8191 8191 8191 4096 
1274 1258 8751 16383 1181 1275 1293 1235 653 515 8191 8190 8190 8190 8190 8191 
1299 1305 8774 16383 1187 1279 1295 1237 652 467 8188 8187 8187 8187 8187 8188 
1255 1183 8747 16383 1220 1295 1297 1239 8191 8191 564 689 8191 8191 8191 4096 
1308 1386 8750 16383 1189 1283 1294 1237 653 517 8189 8188 8189 8188 8188 8189 
1309 1379 8750 16383 1183 1282 1293 1235 652 473 8189 8188 8188 8188 8188 8189 
1293 1280 8773 16383 1189 1283 1297 1239 652 584 8181 8180 8181 8181 8180 8181 
1295 1307 8743 16383 1186 1285 1293 1235 655 507 8191 8190 8190 8190 8190 8191 
1282 1290 8762 16383 1186 1289 1295 1237 652 519 8189 8188 8188 8188 8188 8189 
1279 1295 8756 16383 1182 1286 1295 1237 652 516 8191 8190 8190 8190 8190 8191 
1300 1367 8749 16383 1182 1289 1295 1238 653 470 4096 8191 8191 8191 8191 4096 
1279 1249 8742 16383 1191 1279 1294 1237 8187 8187 677 688 8187 8187 8187 8188 
1297 1281 8740 16383 1188 1279 1295 1238 652 469 4096 8191 8191 8191 8191 4096 
1258 1181 8779 16383 1248 1306 1295 1239 8190 8190 1984 688 8190 8190 8190 8191 
1282 1217 8767 16383 1188 1281 1299 1239 653 469 4097 4096 4096 4096 4096 4097 
1249 1174 8755 16383 1233 1372 1295 1236 8191 8191 594 689 8191 8191 8191 4096 
1381 1797 8751 16383 1190 1291 1295 1237 652 437 4096 8191 8191 8191 8191 4096 
1299 1369 8771 16383 1189 1287 1294 1238 652 469 8189 8188 8188 8188 8188 8189 
1326 1365 8759 16383 1185 1281 1293 1237 653 517 8191 8190 8190 8190 8190 8191 
1257 1189 8754 16383 1252 1331 1295 1238 8189 8189 792 2179 8189 8189 8189 8190 
1251 1179 8759 16383 1247 1346 1295 1238 609 418 8171 8170 8171 8171 8170 8171 
1281 1235 8755 16383 1183 1287 1293 1239 653 469 8191 8190 8190 8190 8190 8191 
1305 1366 8768 16383 1195 1295 1295 1239 652 1924 8187 8186 8186 8186 8186 8187 
1286 1285 8763 16383 1185 1281 1299 1238 652 470 8189 8188 8188 8188 8188 8189 
1305 1312 8765 16383 1189 1285 1294 1239 654 511 4097 4096 4096 4096 4096 4097 
1296 1295 8770 16383 1185 1279 1295 1238 653 512 8190 8189 8189 8189 8189 8190 
1283 1223 8747 16383 1191 1280 1295 1239 654 544 4096 8191 8191 8191 8191 4096 
1289 1215 8764 16383 1185 1281 1295 1236 622 641 4096 8191 8191 8191 8191 4096 
1267 1218 8774 16383 1187 1282 1295 1237 653 510 8185 8184 8185 8185 8184 8185 
1253 1170 8761 16383 1203 1317 1295 1239 4096 8191 580 688 4096 4096 4096 4097 
1245 1167 8755 16383 1223 1333 1293 1236 653 477 8190 8189 8189 8189 8189 8190 
1340 1394 8763 16383 1185 1289 1297 1239 652 525 8191 8190 8190 8190 8190 8191 
1289 1372 8750 16383 1197 1274 1295 1237 653 381 4097 4096 4096 4096 4096 4097 
1258 1190 8742 16383 1214 1289 1294 1235 653 515 8190 8189 8189 8189 8189 8190 
1253 1183 8746 16383 1269 1451 1295 1238 4096 4096 752 2150 4096 4096 4096 4097 
1277 1258 8743 16383 1187 1284 1295 1237 653 466 4096 8191 8191 8191 8191 4096 
1255 1187 8747 16383 1248 1342 1295 1238 8191 8191 702 690 8191 8191 8191 4096 
1253 1170 8773 16383 1201 1303 1295 1239 8190 8190 576 689 8190 8190 8190 8191 
1294 1343 8747 16383 1193 1284 1294 1237 651 475 4096 8191 8191 8191 8191 4096 
1295 1287 8757 16383 1192 1287 1295 1235 653 559 8189 8188 8188 8188 8188 8189 
1253 1171 8769 16383 1251 1369 1295 1237 8191 8191 662 688 8191 8191 8191 4096 
1300 1312 8775 16383 1189 1299 1295 1238 649 478 8190 8189 8189 8189 8189 8190 
1247 1171 11717 16383 1351 1468 1289 1231 4096 4096 2091 2198 4096 4096 4096 4097 
1285 1271 8739 16383 1188 1282 1295 1236 653 473 4097 4096 4096 4096 4096 4097 
1286 1283 8739 16383 1187 1282 1295 1239 653 469 4096 8191 8191 8191 8191 4096 
1253 1171 8749 16383 1299 1558 1295 1238 8189 8189 554 689 8189 8189 8189 8190 
1275 1251 8769 16383 1184 1278 1294 1237 653 474 8189 8188 8188 8188 8188 8189 
1275 1273 8739 16383 1186 1286 1295 1237 652 468 8191 8190 8190 8190 8190 8191 
1280 1231 8763 16383 1189 1289 1297 1238 652 468 8191 8190 8190 8190 8190 8191 
1291 1291 8764 16383 1186 1287 1295 1239 653 516 8191 8190 8190 8190 8190 8191 
1274 1247 8745 16383 1183 1291 1295 1239 652 467 8189 8188 8188 8188 8188 8189 
1319 1411 8754 16383 1183 1295 1295 1239 654 507 8188 8187 8188 8187 8187 8188 
1303 1378 8750 16383 1179 1283 1295 1237 8186 8186 2156 2229 8186 8186 8186 8187 
1257 1187 8751 16383 1303 1437 1292 1235 8190 8190 590 2221 8190 8190 8190 8191 
1255 1183 8745 16383 1299 1413 1295 1237 8190 8190 685 2120 8190 8190 8190 8191 
1281 1266 8771 16383 1189 1283 1294 1237 8175 8175 792 639 8176 8176 8175 8176 
1301 1342 8743 16383 1188 1282 1295 1237 653 476 8189 8188 8188 8188 8188 8189 
1282 1259 8757 16383 1187 1283 1292 1237 653 511 4096 8191 8191 8191 8191 4096 
1253 1175 8775 16383 1195 1295 1295 1239 653 421 8188 8187 8187 8187 8187 8188 
1301 1303 8743 16383 1189 1279 1295 1238 653 517 4096 8191 8191 8191 8191 4096 
1272 1239 8747 16383 1187 1281 1298 1238 653 464 4097 4096 4096 4096 4096 4097 
1322 1343 8747 16383 1183 1285 1295 1238 653 2021 4096 8191 8191 8191 8191 4096 
1339 1358 8743 16383 1184 1290 1295 1237 652 520 8191 8190 8190 8190 8190 8191 
1271 1243 8753 16383 1191 1293 1297 1239 8188 8188 792 520 8188 8188 8188 8189 
1251 1179 8737 16383 1501 1625 1295 1239 8190 8190 585 2390 8190 8190 8190 8191 
1345 1399 11131 16383 1686 1662 1290 1231 8168 8168 569 2312 8169 8169 8168 8169 
1310 1389 8745 16383 1186 1272 1294 1238 653 515 4096 8191 8191 8191 8191 4096 
1290 1290 8763 16383 1184 1283 1295 1238 622 434 4097 4096 4096 4096 4096 4097 
1283 1287 8763 16383 1187 1279 1295 1237 8188 8188 680 688 8188 8188 8188 8189 
1329 1379 8768 16383 1189 1283 1295 1241 653 477 4097 4096 4096 4096 4096 4097 
1289 1303 8746 16383 1185 1283 1295 1239 542 358 8186 8185 8185 8185 8185 8186 
1291 1290 8761 16383 1185 1299 1295 1239 654 510 4096 8191 8191 8191 8191 4096 
1263 1222 8749 16383 1183 1291 1294 1236 653 516 8190 8189 8189 8189 8189 8190 
1266 1231 8755 16383 1180 1287 1293 1238 653 2211 8190 8189 8189 8189 8189 8190 
1276 1258 8755 16383 1193 1276 1295 1237 653 472 4096 8191 8191 8191 8191 4096 
1283 1273 8757 16383 1193 1282 1294 1237 653 516 8174 8173 8174 8174 8173 8174 
1283 1233 8747 16383 1186 1286 1295 1238 654 545 4096 8191 8191 8191 8191 4096 
1276 1216 8743 16383 1189 1291 1295 1239 653 470 4097 4096 4096 4096 4096 4097 
1315 1339 8754 16383 1193 1293 1295 1238 653 515 8191 8190 8190 8190 8190 8191 
1285 1266 8770 16383 1186 1279 1295 1237 653 470 8190 8189 8189 8189 8189 8190 
1289 1215 8765 16383 1187 1283 1295 1239 652 590 8189 8188 8188 8188 8188 8189 
1303 1403 8760 16383 1183 1291 1293 1237 8184 8184 676 688 8185 8185 8184 8185 
1279 1197 8751 16383 1186 1286 1294 1238 653 468 8191 8190 8190 8190 8190 8191 
1311 1343 8745 16383 1191 1279 1295 1239 653 472 4097 4096 4096 4096 4096 4097 
1287 1276 8767 16383 1186 1277 1293 1237 655 500 8189 8188 8188 8188 8188 8189 
1280 1313 8771 16383 1183 1282 1294 1237 652 590 503 8187 8187 8188 8187 8188 
1280 1244 8762 16383 1187 1283 1295 1237 653 471 4096 8191 8191 8191 8191 4096 
1274 1243 8754 16383 1191 1281 1297 1239 653 512 8191 8190 8190 8190 8190 8191 
1309 1322 8763 16383 1183 1281 1294 1237 653 517 8189 8188 8188 8189 8188 8189 
1277 1263 8763 16383 1185 1278 1293 1236 653 469 4096 8191 8191 8191 8191 4096 
1253 1173 8765 16383 1206 1301 1294 1237 8191 8191 377 689 8191 8191 8191 4096 
1267 1201 8743 16383 1184 1290 1295 1238 652 592 8191 8190 8190 8190 8190 8191 
1253 1191 8775 16383 1207 1310 1294 1237 8191 8191 770 689 8191 8191 8191 4096 
1280 1233 8765 16383 1188 1282 1295 1235 649 501 8190 8189 8189 8189 8189 8190 
1316 1273 8764 16383 1195 1281 1293 1238 652 587 4097 4096 4096 4096 4096 4097 
1297 1327 8777 16383 1180 1280 1294 1238 652 468 8185 8184 8184 8185 8184 8185 
1283 1300 8751 16383 1185 1285 1294 1236 8188 8188 743 688 8188 8188 8188 8189 
1289 1303 8748 16383 1187 1283 1295 1239 653 513 8191 8190 8190 8190 8190 8191 
1298 1346 8741 16383 1188 1287 1294 1237 648 469 8191 8190 8190 8190 8190 8191 
1300 1324 8765 16383 1186 1293 1295 1237 653 474 8186 8185 8186 8186 8185 8186 
1356 1459 14715 16383 1703 1880 1286 1227 653 546 8181 8180 8181 8181 8180 8181 
1273 1250 8751 16383 1191 1294 1294 1236 8189 8189 760 2117 8189 8189 8189 8190 
1277 1238 8745 16383 1186 1283 1295 1238 653 2109 4097 4096 4096 4096 4096 4097 
1253 1187 8767 16383 1217 1329 1295 1237 652 427 8189 8188 8188 8188 8188 8189 
1251 1179 8749 16383 1286 1350 1293 1237 8191 8191 627 689 8191 8191 8191 4096 
1272 1257 8772 16383 1189 1281 1295 1238 653 472 8187 8186 8186 8186 8186 8187 
1279 1276 8761 16383 1184 1279 1295 1238 653 475 4096 8191 8191 8191 8191 4096 
1355 1428 11567 16383 1711 1862 1291 1231 674 614 4097 3465 4096 4096 4096 4097 
1281 1270 8741 16383 1188 1283 1295 1237 654 557 4098 4097 4097 4097 4097 4098 
1257 1175 8773 16383 1359 1557 1294 1238 652 516 8170 8169 8169 8170 8169 8170 
1287 1317 8751 16383 1190 1279 1295 1237 653 476 4096 8191 8191 8191 8191 4096 
1281 1252 8767 16383 1187 1285 1297 1239 653 514 8190 8189 8189 8189 8189 8190 
1277 1215 8758 16383 1185 1281 1295 1238 652 467 8187 8186 8186 8186 8186 8187 
1335 1351 8751 16383 1186 1283 1294 1235 653 468 8176 8175 8176 8175 8175 8176 
1295 1343 8737 16383 1189 1286 1293 1237 651 475 4096 8191 8191 8191 8191 4096 
1268 1246 8773 16383 1187 1282 1294 1238 653 424 4096 8191 8191 8191 8191 4096 
1292 1323 8757 16383 1183 1297 1297 1238 8190 8190 765 689 8190 8190 8190 8191 
1336 1414 8765 16383 1184 1283 1294 1235 653 517 4097 4096 4096 4096 4096 4097 
1279 1247 8742 16383 1185 1274 1294 1237 652 468 4096 8191 8191 8191 8191 4096 
1291 1295 8747 16383 1183 1279 1294 1238 653 470 4096 8191 8191 8191 8191 4096 
1269 1223 8762 16383 1191 1289 1295 1238 8188 8188 668 688 8188 8188 8188 8189 
1319 1313 8751 16383 1191 1287 1295 1237 653 473 8191 8190 8190 8190 8190 8191 
1281 1245 8771 16383 1187 1280 1295 1237 649 507 4096 8191 8191 8191 8191 4096 
1279 1254 8739 16383 1189 1285 1295 1239 652 466 4096 8191 8191 8191 8191 4096 
1251 1181 8770 16383 1250 1345 1294 1237 8191 8191 707 689 8191 8191 8191 4096 
1291 1289 8773 16383 1193 1285 1295 1241 653 475 4096 8191 8191 8191 8191 4096 
1283 1235 8747 16383 1187 1285 1294 1237 653 476 8189 8188 8188 8188 8188 8189 
1284 1249 8742 16383 1189 1278 1293 1239 653 469 4097 4096 4096 4096 4096 4097 
1307 1385 8773 16383 1187 1283 1297 1239 653 472 4097 4096 4096 4096 4096 4097 
1281 1237 8769 16383 1191 1286 1294 1239 653 593 8191 8190 8190 8190 8190 8191 
1279 1241 8770 16383 1186 1285 1295 1239 653 467 8186 8185 8185 8185 8185 8186 
1275 1247 8767 16383 1184 1283 1294 1237 653 513 8184 8183 8184 8184 8183 8184 
1283 1247 8745 16383 1191 1287 1295 1238 652 518 4096 8191 8191 8191 8191 4096 
1283 1293 8768 16383 1188 1287 1295 1236 653 475 8191 8190 8190 8190 8190 8191 
1248 1181 8771 16383 1248 1331 1293 1237 8189 8189 708 689 8189 8189 8189 8190 
1249 1175 8747 16383 1241 1338 1297 1239 8190 8190 527 689 8190 8190 8190 8191 
1291 1321 8746 16383 1188 1287 1295 1237 653 474 4097 4096 4096 4096 4096 4097 
1381 1349 8761 16383 1191 1270 1295 1239 653 514 8188 8187 8187 8187 8187 8188 
1347 1371 8762 16383 1187 1279 1294 1238 653 516 8188 8187 8187 8187 8187 8188 
1285 1343 8751 16383 1186 1278 1295 1237 653 473 4096 8191 8191 8191 8191 4096 
1299 1325 8745 16383 1189 1282 1297 1237 653 476 4096 8191 8191 8191 8191 4096 
1275 1214 8748 16383 1184 1283 1295 1238 653 468 4097 4096 4096 4096 4096 4097 
1277 1263 8755 16383 1187 1287 1295 1238 653 471 4097 4096 4096 4096 4096 4097 
1287 1254 8751 16383 1186 1282 1295 1238 654 507 4097 4096 4096 4096 4096 4097 
1307 1294 8742 16383 1185 1282 1293 1236 8185 8185 792 2732 8185 8185 8185 8186 
1293 1386 8766 16383 1181 1293 1295 1239 653 475 4097 4096 4096 4096 4096 4097 
1257 1189 8759 16383 1227 1337 1295 1239 652 472 8190 8189 8189 8189 8189 8190 
1302 1343 8745 16383 1194 1274 1295 1237 653 469 8190 8189 8189 8189 8189 8190 
1261 1190 8759 16383 1245 1322 1295 1238 8189 8189 560 689 8189 8189 8189 8190 
1284 1263 8763 16383 1187 1279 1295 1237 653 512 8190 8189 8189 8189 8189 8190 
1275 1212 8743 16383 1191 1285 1295 1239 653 469 4096 8191 8191 8191 8191 4096 
1285 1295 8768 16383 1181 1278 1294 1238 8190 8190 694 690 8190 8190 8190 8191 
1284 1282 8751 16383 1191 1287 1294 1237 653 471 4096 8191 8191 8191 8191 4096 
1289 1295 8759 16383 1189 1283 1295 1239 653 475 4096 8191 8191 8191 8191 4096 
1303 1306 8761 16383 1191 1287 1295 1238 652 470 8190 8189 8189 8189 8189 8190 
1317 1285 8775 16383 1191 1291 1295 1237 654 506 8190 8189 8189 8189 8189 8190 
1308 1475 8753 16383 1189 1311 1295 1239 653 472 8188 8187 8188 8188 8187 8188 
1279 1265 8774 16383 1189 1293 1295 1239 652 424 8190 8189 8189 8189 8189 8190 
1277 1237 8738 16383 1185 1271 1295 1239 652 470 4097 4096 4096 4096 4096 4097 
1261 1226 8758 16383 1185 1279 1295 1238 652 423 8191 8190 8190 8190 8190 8191 
1276 1267 8748 16383 1185 1283 1295 1238 653 473 8191 8190 8190 8190 8190 8191 
1309 1335 8745 16383 1190 1283 1295 1238 8182 8182 792 681 8183 8183 8182 8183 
1269 1230 8750 16383 1189 1289 1295 1239 653 472 8189 8188 8188 8188 8188 8189 
1291 1266 8751 16383 1185 1282 1295 1238 8165 8165 792 674 8165 8166 8165 8166 
1297 1271 8743 16383 1187 1287 1293 1239 652 2082 4096 8191 8191 8191 8191 4096 
1299 1313 8747 16383 1190 1286 1297 1239 652 469 8187 8186 8186 8186 8186 8187 
1285 1245 8758 16383 1182 1297 1295 1239 653 514 4096 8191 8191 8191 8191 4096 
1278 1301 8762 16383 1182 1289 1295 1237 652 471 8190 8189 8189 8189 8189 8190 
1292 1278 8751 16383 1188 1291 1295 1239 652 514 8191 8190 8190 8190 8190 8191 
1256 1175 8749 16383 1203 1319 1295 1236 652 464 8190 8189 8189 8189 8189 8190 
1289 1316 8755 16383 1189 1279 1293 1236 653 471 4096 8191 8191 8191 8191 4096 
1273 1259 8775 16383 1189 1281 1295 1237 653 515 8173 8172 8173 8173 8172 8173 
1265 1219 8759 16383 1185 1283 1293 1235 652 469 8187 8186 8186 8186 8186 8187 
1277 1245 8757 16383 1185 1282 1293 1237 652 467 4097 4096 4096 4096 4096 4097 
1343 1407 8781 16383 1189 1284 1294 1237 653 514 8174 8173 8173 8173 8173 8174 
1252 1175 8773 16383 1205 1302 1295 1237 653 472 8190 8189 8189 8189 8189 8190 
1296 1327 8767 16383 1187 1283 1295 1237 652 472 4096 8191 8191 8191 8191 4096 
1253 1180 8751 16383 1295 1426 1295 1237 8190 8190 662 688 8190 8190 8190 8191 
1269 1250 8773 16383 1183 1291 1295 1239 8187 8187 469 689 8187 8187 8187 8188 
1294 1303 8757 16383 1187 1277 1295 1237 653 468 4097 4096 4096 4096 4096 4097 
1291 1332 8747 16383 1191 1291 1299 1241 653 425 4097 4096 4096 4096 4096 4097 
1258 1180 8749 16383 1221 1293 1298 1240 8191 8191 575 689 8191 8191 8191 4096 
1278 1239 8751 16383 1191 1285 1295 1239 653 466 4097 4096 4096 4096 4096 4097 
1315 1367 8772 16383 1190 1282 1295 1238 653 471 8190 8189 8189 8189 8189 8190 
1254 1175 8743 16383 1209 1319 1295 1237 8191 8191 718 688 8191 8191 8191 4096 
1319 1374 8739 16383 1186 1284 1295 1237 653 516 4096 8191 8191 8191 8191 4096 
1251 1171 8757 16383 1198 1307 1297 1239 8191 8191 792 682 8191 8191 8191 4096 
1268 1188 8772 16383 1178 1287 1294 1236 8185 8185 581 687 8185 8186 8185 8186 
1295 1295 8745 16383 1190 1267 1295 1239 653 514 4097 4096 4096 4096 4096 4097 
1257 1187 8747 16383 1234 1359 1298 1239 4096 4096 659 688 4096 4096 4096 4097 
1241 1170 11712 16383 1354 1614 1287 1231 4096 4096 2454 3432 4096 4096 4096 4097 
1293 1295 8749 16383 1191 1285 1295 1239 653 472 4096 8191 8191 8191 8191 4096 
1297 1278 8742 16383 1190 1285 1295 1238 653 467 8190 8189 8189 8189 8189 8190 
1321 1395 8755 16383 1189 1287 1294 1238 653 516 4096 8191 8191 8191 8191 4096 
1252 1170 8771 16383 1263 1440 1295 1237 8191 8191 785 688 8191 8191 8191 4096 
1251 1175 8742 16383 1501 1650 1295 1236 652 517 8189 8188 8188 8188 8188 8189 
1291 1383 8759 16383 1193 1283 1295 1238 653 476 4097 4096 4096 4096 4096 4097 
1251 1173 8739 16383 1359 1589 1295 1237 8191 8191 793 2140 8191 8191 8191 4096 
1282 1258 8755 16383 1185 1281 1295 1237 653 474 8191 8190 8191 8190 8191 4096 
1263 1210 8751 16383 1185 1277 1295 1237 653 475 4096 8191 8191 8191 8191 4096 
1267 1207 8753 16383 1189 1285 1294 1236 8188 8188 577 688 8188 8188 8188 8189 
1259 1180 8749 16383 1287 1433 1293 1237 4096 4096 626 688 4096 4096 4096 4097 
1254 1187 8768 16383 1211 1329 1295 1237 8190 8190 740 688 8190 8190 8190 8191 
1255 1180 8758 16383 1242 1361 1295 1239 653 515 8190 8189 8189 8189 8189 8190 
1286 1263 8741 16383 1185 1285 1295 1239 653 518 4096 8191 8191 8191 8191 4096 
1247 1167 8769 16383 1219 1327 1295 1238 8191 8191 792 632 8191 8191 8191 4096 
1285 1303 8763 16383 1181 1291 1295 1236 653 464 8188 8187 8187 8188 8187 8188 
1294 1344 8737 16383 1181 1289 1295 1239 653 2171 4096 8191 8191 8191 8191 4096 
1298 1286 8754 16383 1191 1278 1295 1237 653 513 8187 8186 8186 8186 8186 8187 
1325 1391 8751 16383 1189 1283 1294 1237 653 516 8190 8189 8189 8189 8189 8190 
1277 1255 8749 16383 1186 1277 1295 1238 8187 8187 793 664 8187 8188 8187 8188 
1274 1239 8755 16383 1179 1274 1295 1238 653 470 4096 8191 8191 8191 8191 4096 
1307 1348 8742 16383 1189 1287 1295 1239 653 470 8191 8190 8190 8190 8190 8191 
1321 1340 8762 16383 1184 1280 1295 1238 653 513 8191 8190 8190 8190 8190 8191 
1289 1269 8773 16383 1189 1279 1295 1239 654 512 8191 8190 8190 8190 8190 8191 
1276 1251 8754 16383 1186 1285 1294 1238 653 515 4096 8191 8191 8191 8191 4096 
1280 1302 8750 16383 1186 1283 1291 1237 652 423 8178 8177 8178 8178 8177 8178 
1293 1337 8747 16383 1185 1295 1293 1237 653 514 4096 8191 8191 8191 8191 4096 
1302 1354 8771 16383 1189 1295 1295 1239 653 469 8190 8189 8189 8189 8189 8190 
1269 1230 8762 16383 1189 1281 1294 1236 755 691 1989 2321 8187 8187 8187 8188 
1251 1178 8751 16383 1307 1461 1294 1237 8190 8190 579 688 8190 8190 8190 8191 
1326 1423 8765 16383 1187 1280 1295 1238 653 515 8190 8189 8189 8189 8189 8190 
1282 1275 8741 16383 1189 1280 1295 1238 653 472 8178 8177 8178 8178 8177 8178 
1256 1183 8761 16383 1287 1359 1297 1239 4096 4096 626 689 4096 4096 4096 4097 
1251 1178 8771 16383 1539 1910 1293 1235 653 515 8177 8176 8177 8177 8176 8177 
1281 1242 8763 16383 1186 1283 1295 1237 652 522 8188 8187 8187 8187 8187 8188 
1251 1181 8743 16383 1263 1431 1293 1235 8191 8191 625 689 8191 8191 8191 4096 
1285 1307 8759 16383 1186 1285 1295 1237 653 471 8191 8190 8190 8190 8190 8191 
1265 1239 8745 16383 1184 1291 1295 1237 652 361 8191 8190 8190 8190 8190 8191 
1266 1205 8765 16383 1181 1295 1295 1239 8187 8187 2558 2317 8188 8187 8187 8188 
1272 1239 8766 16383 1183 1291 1295 1238 653 469 4097 4096 4096 4096 4096 4097 
1322 1363 8756 16383 1191 1282 1295 1238 8188 8188 508 687 8188 8188 8188 8189 
1255 1178 8749 16383 1203 1326 1294 1237 8191 8191 792 196 8191 8191 8191 4096 
1270 1231 8767 16383 1185 1283 1295 1237 652 474 8190 8189 8189 8189 8189 8190 
1301 1334 8766 16383 1189 1281 1295 1239 652 469 4096 8191 8191 8191 8191 4096 
1295 1308 8747 16383 1188 1287 1295 1236 653 470 8191 8190 8190 8190 8190 8191 
1314 1323 8755 16383 1185 1283 1293 1236 652 429 8189 8188 8188 8188 8188 8189 
1311 1314 8745 16383 1189 1292 1295 1238 653 520 4097 4096 4096 4096 4096 4097 
1295 1313 8755 16383 1182 1297 1293 1236 653 511 8191 8190 8190 8190 8190 8191 
1315 1335 8755 16383 1185 1297 1295 1237 653 515 4096 8191 8191 8191 8191 4096 
1252 1174 8769 16383 1326 1423 1295 1236 8187 8187 624 688 8187 8187 8187 8188 
1319 1347 8763 16383 1189 1283 1298 1239 653 512 4096 8191 8191 8191 8191 4096 
1303 1375 8751 16383 1187 1282 1294 1238 652 468 8187 8186 8186 8186 8186 8187 
1255 1182 8749 16383 1450 1587 1295 1239 653 472 8184 8183 8184 8184 8183 8184 
1277 1243 8755 16383 1189 1285 1294 1237 653 469 4096 8191 8191 8191 8191 4096 
1294 1314 8747 16383 1190 1290 1295 1237 652 517 8190 8189 8189 8189 8189 8190 
1287 1322 8746 16383 1187 1286 1295 1237 653 472 8191 8190 8190 8190 8190 8191 
1272 1231 8770 16383 1183 1281 1295 1239 653 361 8190 8189 8189 8189 8189 8190 
1313 1324 8743 16383 1184 1298 1295 1238 652 515 8191 8190 8190 8190 8190 8191 
1267 1223 8761 16383 1184 1297 1295 1237 652 467 8191 8190 8190 8190 8190 8191 
1281 1255 8742 16383 1184 1293 1293 1236 652 426 8189 8188 8188 8188 8188 8189 
1293 1290 8759 16383 1194 1268 1295 1239 653 471 4097 4096 4096 4096 4096 4097 
1309 1319 8769 16383 1195 1280 1295 1237 653 471 8184 8183 8184 8184 8183 8184 
1279 1244 8758 16383 1188 1287 1295 1238 652 469 8191 8190 8190 8190 8190 8191 
1279 1275 8744 16383 1183 1283 1294 1237 653 513 4097 4096 4096 4096 4096 4097 
1278 1223 8743 16383 1186 1279 1295 1237 653 512 4096 8191 8191 8191 8191 4096 
1313 1307 8768 16383 1189 1282 1295 1239 653 513 4097 4096 4096 4096 4096 4097 
1253 1174 8771 16383 1211 1346 1295 1238 652 574 8180 8179 8180 8180 8179 8180 
1310 1303 8754 16383 1191 1289 1295 1238 8189 8189 552 688 8189 8189 8189 8190 
1252 1177 8739 16383 1324 1341 1295 1235 4096 4096 564 690 4096 4096 4096 4097 
1271 1203 8755 16383 1183 1277 1295 1238 653 515 8190 8189 8189 8189 8189 8190 
1253 1181 8743 16383 1209 1298 1294 1237 4096 4096 794 666 4096 4096 4096 4097 
1275 1215 8751 16383 1189 1285 1294 1239 653 560 4096 8191 8191 8191 8191 4096 
1253 1181 8759 16383 1210 1295 1295 1239 4096 4096 793 517 4096 4096 4096 4097 
1254 1183 8756 16383 1213 1338 1295 1239 652 523 8189 8188 8188 8188 8188 8189 
1253 1174 8762 16383 1235 1359 1293 1237 8191 8191 667 688 8191 8191 8191 4096 
1301 1323 8773 16383 1181 1283 1295 1237 653 472 8186 8185 8186 8185 8185 8186 
1282 1316 8751 16383 1189 1283 1294 1237 652 514 8185 8184 8185 8185 8184 8185 
1293 1243 8742 16383 1184 1293 1295 1239 644 639 4096 8191 8191 8191 8191 4096 
1277 1259 8771 16383 1191 1295 1295 1237 652 466 4097 4096 4096 4096 4096 4097 
1259 1181 8745 16383 1337 1420 1297 1239 8191 8191 561 689 8191 8191 8191 4096 
1287 1275 8755 16383 1191 1278 1293 1235 653 470 4097 4096 4096 4096 4096 4097 
1288 1299 8754 16383 1185 1275 1295 1239 653 519 8189 8188 8188 8188 8188 8189 
1273 1263 8757 16383 1187 1280 1295 1238 653 473 4096 8191 8191 8191 8191 4096 
1306 1299 8761 16383 1191 1287 1297 1239 588 357 8189 8188 8188 8188 8188 8189 
1280 1259 8753 16383 1189 1289 1299 1241 653 467 8185 8184 8185 8185 8184 8185 
1295 1310 8781 16383 1186 1291 1294 1238 653 512 8185 8184 8185 8185 8184 8185 
1262 1223 8778 16383 1186 1302 1297 1239 653 475 8191 8190 8190 8190 8190 8191 
1267 1231 8769 16383 1183 1285 1293 1237 652 465 8183 8182 8183 8183 8182 8183 
1341 1339 8747 16383 1187 1277 1295 1237 652 1865 8187 8186 8186 8186 8186 8187 
1267 1205 8763 16383 1189 1279 1299 1239 653 466 4096 8191 8191 8191 8191 4096 
1270 1227 8737 16383 1181 1276 1293 1235 652 471 4096 8191 8191 8191 8191 4096 
1277 1253 8740 16383 1189 1280 1294 1237 653 467 4096 8191 8191 8191 8191 4096 
1295 1273 8760 16383 1191 1285 1294 1237 653 469 4097 4096 4096 4096 4096 4097 
1251 1173 8770 16383 1262 1437 1293 1237 8187 8187 734 687 8187 8187 8187 8188 
1299 1281 8755 16383 1185 1277 1295 1238 653 473 8190 8189 8189 8189 8189 8190 
1295 1337 8746 16383 1190 1281 1295 1237 653 516 4097 4096 4096 4096 4096 4097 
1295 1302 8742 16383 1186 1286 1294 1239 8189 8189 793 684 8189 8189 8189 8190 
1283 1263 8750 16383 1183 1294 1295 1239 8171 8171 792 522 8172 8172 8171 8172 
1304 1338 8737 16383 1194 1277 1295 1237 653 522 4096 8191 8191 8191 8191 4096 
1297 1263 8767 16383 1191 1279 1295 1238 651 478 8190 8189 8189 8189 8189 8190 
1264 1222 8745 16383 1183 1281 1295 1237 653 413 4096 8191 8191 8191 8191 4096 
1294 1319 8771 16383 1187 1282 1295 1239 653 514 4096 8191 8191 8191 8191 4096 
1306 1321 8767 16383 1183 1283 1295 1236 653 488 4096 8191 8191 8191 8191 4096 
1280 1246 8767 16383 1189 1285 1295 1239 652 472 8189 8188 8188 8188 8188 8189 
1287 1303 8739 16383 1184 1283 1294 1237 653 472 4097 4096 4096 4096 4096 4097 
1290 1309 8775 16383 1187 1301 1294 1237 653 421 8187 8186 8186 8186 8186 8187 
1271 1243 8775 16383 1187 1287 1295 1238 8185 8185 745 2135 8185 8185 8185 8186 
1287 1250 8745 16383 1186 1286 1295 1239 652 428 8190 8189 8189 8189 8189 8190 
1250 1173 8751 16383 1235 1338 1295 1237 653 475 8189 8188 8188 8188 8188 8189 
1264 1211 8745 16383 1187 1278 1295 1236 653 476 8191 8190 8190 8190 8190 8191 
1289 1290 8765 16383 1188 1287 1295 1239 653 472 8188 8187 8187 8187 8187 8188 
1273 1214 8765 16383 1191 1285 1295 1238 652 473 8190 8189 8189 8189 8189 8190 
1251 1167 8769 16383 1214 1325 1295 1238 652 471 8183 8182 8183 8183 8182 8183 
1279 1253 8765 16383 1188 1282 1295 1237 654 543 4096 8191 8191 8191 8191 4096 
1291 1307 8753 16383 1191 1290 1295 1238 653 476 4097 4096 4096 4096 4096 4097 
1282 1251 8763 16383 1181 1291 1295 1239 8184 8184 2391 3525 8185 8185 8184 8185 
1247 1170 8769 16383 1226 1365 1295 1237 8191 8191 733 687 8191 8191 8191 4096 
1285 1275 8739 16383 1191 1279 1295 1238 653 467 4097 4096 4096 4096 4096 4097 
1299 1313 8743 16383 1190 1277 1295 1239 654 509 8191 8190 8190 8190 8190 8191 
1286 1251 8772 16383 1189 1277 1295 1239 653 516 8179 8178 8179 8179 8178 8179 
1295 1311 8747 16383 1185 1274 1295 1237 653 472 4097 4096 4096 4096 4096 4097 
1277 1235 8767 16383 1189 1288 1295 1238 653 564 4096 8191 8191 8191 8191 4096 
1280 1259 8762 16383 1185 1284 1295 1237 652 2061 8191 8190 8190 8190 8190 8191 
1278 1273 8749 16383 1189 1287 1295 1238 653 472 8190 8189 8189 8189 8189 8190 
1293 1339 8760 16383 1190 1282 1295 1239 652 424 4096 8191 8191 8191 8191 4096 
1274 1253 8741 16383 1185 1283 1295 1238 653 470 8191 8190 8190 8190 8190 8191 
1306 1364 8751 16383 1186 1289 1295 1237 652 468 8188 8187 8188 8187 8187 8188 
1303 1339 8743 16383 1183 1295 1295 1239 653 512 4096 8191 8191 8191 8191 4096 
1305 1351 8751 16383 1184 1291 1295 1239 653 470 8191 8190 8190 8190 8190 8191 
1289 1313 8740 16383 1190 1279 1294 1239 653 470 4097 4096 4096 4096 4096 4097 
1290 1327 8746 16383 1187 1271 1295 1239 652 474 8191 8190 8190 8190 8190 8191 
1249 1173 8750 16383 1231 1312 1295 1237 8191 8191 548 689 8191 8191 8191 4096 
1297 1289 8774 16383 1191 1290 1295 1239 652 514 8190 8189 8189 8189 8189 8190 
1285 1259 8755 16383 1193 1289 1298 1239 8189 8189 793 647 8189 8189 8189 8190 
1253 1180 8769 16383 1209 1306 1293 1238 8190 8190 678 688 8190 8190 8190 8191 
1293 1274 8749 16383 1189 1290 1295 1238 653 419 8190 8189 8189 8189 8189 8190 
1266 1249 8748 16383 1188 1282 1295 1238 652 467 4096 8191 8191 8191 8191 4096 
1249 1178 8761 16383 1197 1297 1294 1235 653 472 8190 8189 8189 8189 8189 8190 
1295 1285 8743 16383 1186 1291 1295 1239 653 476 8191 8190 8190 8190 8190 8191 
1249 1174 8765 16383 1210 1321 1295 1239 8186 8186 792 639 8186 8187 8186 8187 
1259 1187 8765 16383 1263 1437 1297 1239 4096 4096 736 688 4096 4096 4096 4097 
1295 1279 8767 16383 1193 1280 1294 1238 8186 8186 731 2388 8186 8186 8186 8187 
1279 1277 8745 16383 1185 1277 1295 1238 653 472 4097 4096 4096 4096 4096 4097 
1312 1358 8763 16383 1186 1280 1295 1237 652 631 8191 8190 8190 8190 8190 8191 
1284 1307 8739 16383 1183 1282 1295 1237 653 472 8190 8189 8189 8189 8189 8190 
1273 1257 8758 16383 1187 1286 1294 1237 653 473 8190 8189 8189 8189 8189 8190 
1271 1227 8743 16383 1185 1278 1293 1236 653 465 4097 4096 4096 4096 4096 4097 
1283 1323 8755 16383 1185 1282 1295 1241 653 472 4096 8191 8191 8191 8191 4096 
1317 1322 8755 16383 1187 1299 1295 1238 653 473 4096 8191 8191 8191 8191 4096 
1293 1295 8761 16383 1181 1287 1292 1235 653 475 4096 8191 8191 8191 8191 4096 
1318 1445 8735 16383 1183 1278 1295 1237 653 1955 4096 8191 8191 8191 8191 4096 
1281 1251 8741 16383 1186 1271 1291 1235 653 512 4096 8191 8191 8191 8191 4096 
1281 1268 8771 16383 1196 1290 1295 1237 652 465 8184 8183 8184 8184 8183 8184 
1284 1289 8769 16383 1187 1283 1293 1238 653 512 8188 8187 8187 8187 8187 8188 
1250 1173 8775 16383 1209 1293 1294 1237 653 476 8188 8187 8187 8187 8187 8188 
1307 1303 8757 16383 1187 1282 1293 1238 653 472 4096 8191 8191 8191 8191 4096 
1275 1251 8753 16383 1190 1283 1295 1237 652 466 4096 8191 8191 8191 8191 4096 
1271 1239 8779 16383 1186 1280 1295 1238 653 468 8191 8190 8190 8190 8190 8191 
1284 1316 8768 16383 1185 1297 1295 1239 652 467 8168 8167 8168 8168 8167 8168 
1277 1231 8742 16383 1185 1282 1295 1238 652 380 8189 8188 8188 8188 8188 8189 
1258 1187 8763 16383 1210 1319 1295 1239 4096 4096 793 600 4096 4096 4096 4097 
1305 1301 8742 16383 1189 1279 1298 1241 654 497 4096 8191 8191 8191 8191 4096 
1275 1259 8764 16383 1187 1285 1294 1237 8189 8189 2025 2063 8189 8189 8189 8190 
1267 1219 8755 16383 1188 1285 1295 1238 653 473 4096 8191 8191 8191 8191 4096 
1265 1204 8770 16383 1185 1279 1294 1237 654 539 4097 4096 4096 4096 4096 4097 
1320 1350 8753 16383 1187 1287 1295 1237 8190 8190 2293 687 8190 8190 8190 8191 
1278 1262 8765 16383 1187 1289 1295 1239 8189 8189 728 687 8189 8189 8189 8190 
1247 1169 8765 16383 1367 1559 1295 1238 4096 4096 765 689 4096 4096 4096 4097 
1293 1325 8751 16383 1187 1289 1294 1238 652 513 8189 8188 8188 8188 8188 8189 
1305 1355 8743 16383 1186 1275 1295 1237 653 515 4096 8191 8191 8191 8191 4096 
1284 1271 8765 16383 1185 1279 1295 1238 653 476 4097 4096 4096 4096 4096 4097 
1276 1241 8756 16383 1187 1281 1293 1236 652 469 4097 4096 4096 4096 4096 4097 
1325 1257 8739 16383 1191 1289 1295 1239 644 639 8191 8190 8190 8190 8190 8191 
1286 1275 8735 16383 1187 1282 1297 1237 652 468 4096 8191 8191 8191 8191 4096 
1250 1171 8758 16383 1355 1379 1294 1237 8189 8189 2423 2160 8189 8189 8189 8190 
1291 1279 8757 16383 1191 1280 1295 1237 653 468 4097 4096 4096 4096 4096 4097 
1303 1308 8769 16383 1187 1288 1297 1239 653 511 8191 8190 8190 8190 8190 8191 
1312 1366 8743 16383 1193 1287 1295 1239 653 472 4096 8191 8191 8191 8191 4096 
1250 1173 8749 16383 1299 1412 1295 1238 8191 8191 757 3071 8191 8191 8191 4096 
1309 1353 8755 16383 1186 1301 1294 1235 653 514 4096 8191 8191 8191 8191 4096 
1275 1284 8769 16383 1181 1287 1295 1239 652 470 4096 8191 8191 8191 8191 4096 
1311 1355 8755 16383 1188 1287 1297 1238 653 511 8191 8190 8190 8190 8190 8191 
1333 1395 8746 16383 1195 1273 1297 1241 652 513 8187 8186 8186 8186 8186 8187 
1254 1172 8751 16383 1242 1349 1295 1239 8191 8191 722 688 8191 8191 8191 4096 
1273 1226 8763 16383 1184 1277 1294 1237 653 468 8187 8186 8188 8187 8186 8187 
1302 1331 8767 16383 1186 1281 1295 1236 653 513 8191 8190 8190 8190 8190 8191 
1256 1182 8771 16383 1218 1303 1295 1239 8188 8188 676 688 8188 8188 8188 8189 
1295 1294 8769 16383 1189 1285 1295 1238 8185 8185 670 687 8185 8186 8185 8186 
1379 1423 8740 16383 1191 1292 1295 1239 653 599 4096 8191 8191 8191 8191 4096 
1311 1359 8759 16383 1190 1289 1294 1237 653 513 4096 8191 8191 8191 8191 4096 
1311 1374 8767 16383 1185 1294 1297 1239 653 478 4097 4096 4096 4096 4096 4097 
1302 1350 8759 16383 1186 1287 1295 1239 652 473 8188 8187 8187 8187 8187 8188 
1254 1181 8773 16383 1229 1331 1295 1239 652 473 8187 8186 8186 8186 8186 8187 
1263 1207 8764 16383 1183 1275 1294 1239 652 467 8188 8187 8187 8187 8187 8188 
1300 1346 8739 16383 1188 1285 1295 1239 652 476 8191 8190 8190 8190 8190 8191 
1281 1262 8765 16383 1191 1279 1293 1236 652 468 4097 4096 4096 4096 4096 4097 
1279 1243 8783 16383 1188 1279 1294 1237 652 467 8189 8188 8188 8188 8188 8189 
1252 1175 8758 16383 1215 1302 1295 1237 654 494 8167 8166 8167 8167 8166 8167 
1250 1174 8746 16383 1203 1313 1295 1238 8191 8191 733 688 8191 8191 8191 4096 
1285 1246 8751 16383 1187 1279 1294 1237 8188 8188 571 689 8188 8188 8188 8189 
1247 1172 8751 16383 1459 1510 1295 1238 652 468 8189 8188 8188 8188 8188 8189 
1249 1173 8757 16383 1463 1571 1295 1239 652 420 8191 8190 8190 8190 8190 8191 
1256 1182 8769 16383 1222 1290 1295 1237 653 422 8190 8189 8189 8189 8189 8190 
1291 1239 8743 16383 1190 1269 1295 1239 653 529 8191 8190 8190 8190 8190 8191 
1343 1410 8759 16383 1190 1283 1295 1238 653 518 4097 4096 4096 4096 4096 4097 
1282 1261 8771 16383 1184 1279 1294 1239 656 505 4097 4096 4096 4096 4096 4097 
1251 1171 8757 16383 1485 1789 1293 1237 8190 8190 2060 3370 8190 8190 8190 8191 
1293 1281 8741 16383 1187 1285 1295 1237 653 519 4096 8191 8191 8191 8191 4096 
1299 1287 8746 16383 1187 1279 1295 1238 8167 8167 671 686 8168 8168 8167 8168 
1311 1281 8751 16383 1189 1287 1293 1238 653 470 4097 4096 4096 4096 4096 4097 
1286 1281 8745 16383 1186 1277 1295 1238 8186 8186 570 689 8186 8186 8186 8187 
1252 1178 8775 16383 1319 1484 1295 1236 631 639 8190 8189 8189 8189 8189 8190 
1249 1187 8762 16383 1299 1403 1295 1239 8190 8190 710 689 8190 8190 8190 8191 
1290 1295 8755 16383 1183 1287 1293 1237 653 470 4096 8191 8191 8191 8191 4096 
1264 1234 8763 16383 1184 1281 1294 1236 652 430 8191 8190 8190 8190 8190 8191 
1293 1295 8759 16383 1189 1279 1295 1237 603 418 8182 8181 8182 8182 8181 8182 
1299 1301 8753 16383 1190 1284 1295 1239 653 470 8188 8187 8187 8187 8187 8188 
1281 1252 8763 16383 1189 1285 1295 1238 653 470 4096 8191 8191 8191 8191 4096 
1279 1249 8773 16383 1189 1281 1295 1239 653 566 8191 8190 8190 8190 8190 8191 
1305 1314 8771 16383 1190 1287 1295 1237 653 513 8190 8189 8189 8189 8189 8190 
1282 1227 8754 16383 1190 1287 1298 1239 653 514 8190 8189 8189 8189 8189 8190 
1271 1254 8743 16383 1189 1282 1295 1238 653 420 4096 8191 8191 8191 8191 4096 
1297 1299 8751 16383 1187 1287 1295 1239 653 471 4096 8191 8191 8191 8191 4096 
1271 1205 8752 16383 1187 1293 1293 1238 652 465 4097 4096 4096 4096 4096 4097 
1291 1310 8755 16383 1179 1293 1295 1238 652 476 4096 8191 8191 8191 8191 4096 
1274 1221 8771 16383 1189 1289 1295 1238 653 515 8191 8190 8190 8190 8190 8191 
1287 1239 8753 16383 1189 1267 1295 1239 652 364 8191 8190 8190 8190 8190 8191 
1286 1266 8773 16383 1194 1281 1295 1235 653 471 4097 4096 4096 4096 4096 4097 
1303 1299 8767 16383 1189 1283 1297 1237 8187 8187 792 678 8187 8187 8187 8188 
1255 1188 8763 16383 1246 1313 1295 1236 8191 8191 529 689 8191 8191 8191 4096 
1255 1178 8745 16383 1271 1399 1295 1238 653 514 8190 8189 8189 8189 8189 8190 
1247 1179 11917 16383 1295 1487 1287 1230 8191 8191 2595 3567 8191 8191 8191 4096 
1297 1286 8755 16383 1184 1279 1293 1236 653 471 8191 8190 8190 8190 8190 8191 
1278 1243 8748 16383 1187 1279 1294 1236 653 477 8190 8189 8189 8189 8189 8190 
1287 1295 8759 16383 1186 1291 1295 1238 652 468 8178 8177 8178 8178 8177 8178 
1293 1306 8745 16383 1190 1297 1295 1239 653 470 4096 8191 8191 8191 8191 4096 
1281 1275 8765 16383 1193 1282 1294 1237 653 467 4096 8191 8191 8191 8191 4096 
1249 1175 8734 16383 1218 1321 1293 1236 8191 8191 632 2129 8191 8191 8191 4096 
1286 1217 8760 16383 1183 1281 1295 1236 653 473 8181 8180 8181 8181 8180 8181 
1268 1250 8766 16383 1191 1291 1295 1239 653 470 4096 8191 8191 8191 8191 4096 
1285 1290 8764 16383 1195 1287 1298 1241 653 473 4096 8191 8191 8191 8191 4096 
1286 1225 8759 16383 1185 1287 1295 1238 645 639 4096 8191 8191 8191 8191 4096 
1282 1323 8745 16383 1191 1287 1295 1239 653 472 8189 8188 8188 8188 8188 8189 
1277 1243 8771 16383 1189 1283 1294 1237 653 471 4097 4096 4096 4096 4096 4097 
1317 1284 8768 16383 1185 1287 1294 1239 654 603 4096 8191 8191 8191 8191 4096 
1289 1321 8768 16383 1183 1289 1298 1239 652 516 8188 8187 8187 8187 8187 8188 
1296 1283 8771 16383 1185 1291 1295 1239 652 512 8190 8189 8189 8189 8189 8190 
1293 1287 8758 16383 1190 1265 1294 1237 652 469 8191 8190 8190 8190 8190 8191 
1283 1241 8773 16383 1193 1278 1294 1235 652 427 8190 8189 8189 8189 8189 8190 
1257 1187 8742 16383 1210 1305 1295 1237 8191 8191 732 688 8191 8191 8191 4096 
1299 1357 8747 16383 1187 1279 1294 1237 8189 8189 728 688 8189 8189 8189 8190 
1273 1252 8748 16383 1185 1279 1295 1236 653 470 8189 8188 8188 8188 8188 8189 
1294 1228 8759 16383 1186 1285 1295 1239 653 512 8190 8189 8189 8189 8189 8190 
1305 1303 8765 16383 1190 1289 1298 1241 653 517 8191 8190 8190 8190 8190 8191 
1329 1382 8775 16383 1187 1291 1295 1237 652 515 8185 8184 8185 8185 8184 8185 
1301 1243 8781 16383 1186 1295 1295 1238 652 581 8191 8190 8190 8190 8190 8191 
1272 1231 8743 16383 1191 1293 1294 1237 652 371 4096 8191 8191 8191 8191 4096 
1288 1295 8746 16383 1190 1289 1295 1237 8189 8189 562 690 8189 8189 8189 8190 
1301 1314 8769 16383 1186 1279 1295 1239 8188 8188 585 3380 8188 8188 8188 8189 
1287 1271 8751 16383 1185 1282 1294 1235 653 512 8190 8189 8189 8189 8189 8190 
1250 1181 8754 16383 1207 1329 1293 1235 8190 8190 578 688 8190 8190 8190 8191 
1297 1313 8751 16383 1189 1287 1295 1239 652 425 4097 4096 4096 4096 4096 4097 
1322 1329 8755 16383 1190 1287 1295 1239 8188 8188 630 688 8188 8188 8188 8189 
1271 1221 8755 16383 1190 1287 1294 1238 625 488 4097 4096 4096 4096 4096 4097 
1221 1155 16383 16383 3988 3482 1261 1195 8191 8191 572 690 8191 8191 8191 4096 
