1379 1305 8087 16383 1281 1275 1389 1241 972 1327 4110 4109 4109 4109 4109 4110 
1351 1331 8098 16383 1279 1275 1387 1241 953 1327 4111 4110 4110 4110 4110 4111 
1337 1202 8137 16383 1204 1279 1391 1243 1236 924 4111 4110 4110 4110 4110 4111 
1365 1295 8119 16383 1279 1273 1391 1238 923 1328 4111 4110 4110 4110 4110 4111 
1362 1293 8131 16383 1283 1274 1391 1241 899 1328 4111 4110 4110 4110 4110 4111 
1399 1307 8128 16383 1282 1274 1393 1239 993 1329 4111 4110 4110 4110 4110 4111 
1373 1285 8135 16383 1277 1274 1389 1239 991 1328 4111 4110 4110 4110 4110 4111 
1376 1311 8105 16383 1287 1276 1397 1239 975 1327 4111 4110 4110 4110 4110 4111 
1362 1291 8129 16383 1276 1273 1391 1239 956 1327 4111 4110 4110 4110 4110 4111 
1364 1291 8104 16383 1275 1274 1389 1239 990 1328 4111 4110 4110 4110 4110 4111 
1363 1285 8137 16383 1274 1275 1387 1238 980 1327 4111 4110 4110 4110 4110 4111 
1365 1315 8111 16383 1282 1278 1429 1239 968 1327 4111 4110 4110 4110 4110 4111 
1383 1306 8113 16383 1273 1276 1386 1239 977 1327 4111 4110 4110 4110 4110 4111 
1369 1307 8119 16383 1291 1274 1390 1239 965 1328 4110 4109 4109 4109 4109 4110 
1381 1249 8131 16383 1277 1271 1388 1238 969 1327 4111 4110 4110 4110 4110 4111 
1379 1283 8130 16383 1280 1276 1391 1239 1013 1327 4112 4111 4111 4111 4111 4112 
1378 1331 8125 16383 1277 1277 1391 1241 947 1327 4111 4110 4110 4110 4110 4111 
1391 1318 8129 16383 1287 1275 1401 1239 982 1327 4111 4110 4110 4110 4110 4111 
1369 1275 8133 16383 1282 1273 1391 1239 1004 1329 4110 4109 4109 4109 4109 4110 
1404 1315 8126 16383 1277 1275 1407 1239 944 1327 4111 4110 4110 4110 4110 4111 
1367 1285 8119 16383 1278 1277 1389 1238 969 1327 4111 4110 4110 4110 4110 4111 
1386 1295 8116 16383 1273 1275 1388 1241 989 1329 4111 4110 4110 4110 4110 4111 
1366 1268 8124 16383 1277 1273 1393 1237 998 1329 4111 4110 4110 4110 4110 4111 
1386 1301 8139 16383 1278 1274 1391 1238 986 1327 4112 4111 4111 4111 4111 4112 
1359 1301 8126 16383 1282 1278 1395 1242 932 1327 4111 4110 4110 4110 4110 4111 
1367 1294 8131 16383 1277 1273 1390 1239 970 1327 4111 4110 4110 4110 4110 4111 
1362 1310 8122 16383 1279 1271 1389 1237 947 1327 4111 4110 4110 4110 4110 4111 
1367 1299 8133 16383 1277 1274 1389 1239 960 1326 4111 4110 4110 4110 4110 4111 
1354 1258 8127 16383 1301 1273 1389 1237 832 1327 4111 4110 4110 4110 4110 4111 
1442 1306 8134 16383 1281 1274 1389 1237 1023 1326 4111 4110 4110 4110 4110 4111 
1346 1287 8143 16383 1285 1274 1383 1238 940 1326 4112 4111 4111 4111 4111 4112 
1371 1316 8157 16383 1278 1273 1390 1238 948 1327 4112 4111 4111 4111 4111 4112 
1350 1303 8167 16383 1279 1274 1393 1237 1035 1328 4112 4111 4111 4111 4111 4112 
1388 1291 8151 16383 1277 1273 1389 1239 1014 1327 4112 4111 4111 4111 4111 4112 
1376 1324 8138 16383 1277 1273 1387 1238 958 1327 4112 4111 4111 4111 4111 4112 
1355 1289 8162 16383 1280 1274 1394 1238 933 1327 4112 4111 4111 4111 4111 4112 
1393 1330 8158 16383 1277 1275 1389 1239 985 1327 4112 4111 4111 4111 4111 4112 
1362 1294 8149 16383 1276 1273 1391 1240 943 1327 4112 4111 4111 4111 4111 4112 
1365 1309 8157 16383 1277 1274 1389 1238 946 1327 4112 4111 4111 4111 4111 4112 
1415 1286 8149 16383 1274 1275 1387 1238 1016 1327 4112 4111 4111 4111 4111 4112 
1373 1291 8157 16383 1273 1273 1386 1239 978 1326 4112 4111 4111 4111 4111 4112 
1372 1307 8160 16383 1283 1277 1395 1240 973 1327 4112 4111 4111 4111 4111 4112 
1365 1323 8166 16383 1274 1271 1385 1237 972 1326 4111 4110 4110 4110 4110 4111 
1366 1287 8158 16383 1281 1275 1389 1238 972 1326 4112 4111 4111 4111 4111 4112 
1368 1287 8170 16383 1271 1273 1389 1237 969 1327 4112 4111 4111 4111 4111 4112 
1375 1258 8163 16383 1279 1273 1391 1241 933 1326 4112 4111 4111 4111 4111 4112 
1377 1378 8174 16383 1277 1275 1390 1239 948 1326 4111 4110 4110 4110 4110 4111 
1379 1325 8165 16383 1277 1275 1391 1239 947 1326 4112 4111 4111 4111 4111 4112 
1357 1294 8158 16383 1280 1273 1387 1239 984 1327 4111 4110 4110 4110 4110 4111 
1374 1267 8153 16383 1278 1273 1389 1237 934 1326 4111 4110 4110 4110 4110 4111 
1365 1303 8174 16383 1282 1275 1395 1238 946 1326 4112 4111 4111 4111 4111 4112 
1369 1301 8183 16383 1294 1275 1397 1239 939 1326 4112 4111 4111 4111 4111 4112 
1370 1303 8157 16383 1273 1274 1391 1239 981 1326 4111 4110 4110 4110 4110 4111 
1375 1297 8170 16383 1275 1275 1387 1239 963 1327 4110 4109 4109 4109 4109 4110 
1379 1315 8166 16383 1289 1274 1391 1239 976 1326 4111 4110 4110 4110 4110 4111 
1363 1292 8189 16383 1271 1271 1388 1239 991 1328 4111 4110 4110 4110 4110 4111 
1345 1302 8171 16383 1282 1274 1391 1239 1026 1327 4111 4110 4110 4110 4110 4111 
1379 1283 8190 16383 1281 1275 1393 1237 986 1327 4111 4110 4110 4110 4110 4111 
1564 1375 8185 16383 1277 1274 1391 1237 1006 1328 4110 4109 4109 4109 4109 4110 
1385 1286 8179 16383 1275 1274 1388 1238 1013 1327 4111 4110 4110 4110 4110 4111 
1370 1329 8166 16383 1273 1275 1391 1239 958 1327 4111 4110 4110 4110 4110 4111 
1382 1339 8167 16383 1275 1274 1387 1241 913 1327 4111 4110 4110 4110 4110 4111 
1384 1299 8189 16383 1295 1271 1410 1240 978 1326 4112 4111 4111 4111 4111 4112 
1369 1300 8185 16383 1277 1274 1388 1238 988 1327 4111 4110 4110 4110 4110 4111 
1379 1301 8171 16383 1286 1274 1389 1238 989 1327 4111 4110 4110 4110 4110 4111 
1350 1306 8157 16383 1271 1275 1387 1239 971 1327 4111 4110 4110 4110 4110 4111 
1355 1288 8143 16383 1285 1274 1390 1238 953 1326 4111 4110 4110 4110 4110 4111 
1371 1295 8139 16383 1271 1275 1382 1239 975 1326 4112 4111 4111 4111 4111 4112 
1379 1371 8159 16383 1282 1274 1394 1234 959 1327 4112 4111 4111 4111 4111 4112 
1361 1355 8167 16383 1280 1274 1389 1239 940 1326 4111 4110 4110 4110 4110 4111 
1363 1295 8160 16383 1284 1275 1391 1239 962 1327 4111 4110 4110 4110 4110 4111 
1377 1303 8139 16383 1273 1275 1388 1239 981 1326 4112 4111 4111 4111 4111 4112 
1362 1301 8151 16383 1277 1274 1385 1237 961 1327 4111 4110 4110 4110 4110 4111 
1361 1301 8160 16383 1281 1273 1391 1239 939 1326 4112 4111 4111 4111 4111 4112 
1361 1284 8173 16383 1271 1273 1389 1238 1006 1328 4111 4110 4110 4110 4110 4111 
1368 1293 8149 16383 1277 1273 1390 1237 962 1327 4112 4111 4111 4111 4111 4112 
1373 1295 8157 16383 1279 1273 1394 1238 960 1327 4112 4111 4111 4111 4111 4112 
1357 1303 8181 16383 1279 1271 1426 1237 962 1326 4112 1526 4111 4111 4111 4112 
1459 1271 8189 16383 1273 1275 1390 1239 1054 1327 4112 4111 4111 4111 4111 4112 
1441 1286 8187 16383 1283 1274 1391 1239 1017 1326 4112 4111 4111 4111 4111 4112 
1362 1290 8213 16383 1275 1275 1391 1239 975 1326 4112 4111 4111 4111 4111 4112 
1353 1291 8213 16383 1277 1274 1387 1238 974 1326 4111 4110 4110 4110 4110 4111 
1371 1323 8199 16383 1278 1274 1389 1238 966 1327 4112 4111 4111 4111 4111 4112 
1370 1301 8187 16383 1277 1273 1389 1239 972 1326 4111 4110 4110 4110 4110 4111 
1369 1287 8205 16383 1278 1275 1391 1240 963 1327 4111 4110 4110 4110 4110 4111 
1373 1297 8213 16383 1287 1274 1395 1238 976 1326 4112 4111 4111 4111 4111 4112 
1361 1249 8201 16383 1273 1274 1389 1239 955 1327 4111 4110 4110 4110 4110 4111 
1369 1295 8206 16383 1279 1274 1391 1239 974 1326 4112 4111 4111 4111 4111 4112 
1372 1293 8201 16383 1277 1275 1389 1237 989 1327 4112 4111 4111 4111 4111 4112 
1358 1305 8198 16383 1274 1273 1385 1238 917 1327 4112 4111 4111 4111 4111 4112 
1415 1287 8199 16383 1271 1274 1387 1238 1016 1327 4112 4111 4111 4111 4111 4112 
1367 1292 8194 16383 1279 1275 1391 1238 990 1327 4112 4111 4111 4111 4111 4112 
1371 1283 8193 16383 1294 1273 1395 1237 978 1326 4111 4110 4110 4110 4110 4111 
1374 1252 8197 16383 1279 1274 1391 1237 948 1327 4111 4110 4110 4110 4110 4111 
1379 1301 8219 16383 1280 1275 1390 1239 963 1327 4111 4110 4110 4110 4110 4111 
1359 1287 8215 16383 1279 1274 1387 1237 959 1327 4111 4110 4110 4110 4110 4111 
1385 1339 8215 16383 1279 1274 1388 1238 1052 1327 4112 4111 4111 4111 4111 4112 
1373 1291 8207 16383 1274 1274 1387 1239 982 1326 4112 4111 4111 4111 4111 4112 
1367 1294 8221 16383 1277 1274 1391 1239 949 1327 4112 4111 4112 4111 4111 4112 
1519 1324 8218 16383 1293 1273 1397 1239 1027 1327 4112 4111 4111 4111 4111 4112 
1377 1287 8231 16383 1279 1275 1390 1238 1007 1327 4112 4111 4111 4111 4111 4112 
1341 1459 8242 16383 1281 1274 1389 1238 1003 1328 4112 4111 4111 4111 4111 4112 
1373 1295 8250 16383 1279 1275 1391 1241 985 1327 4111 4110 4110 4110 4110 4111 
1375 1403 8233 16383 1285 1274 1388 1239 969 1327 4111 4110 4110 4110 4110 4111 
1375 1295 8213 16383 1273 1273 1383 1235 983 1327 4112 4111 4111 4111 4111 4112 
1368 1310 8231 16383 1275 1274 1389 1238 957 1327 4112 4111 4111 4111 4111 4112 
1409 1298 8220 16383 1277 1275 1389 1239 1015 1326 4112 4111 4111 4111 4111 4112 
1350 1291 8224 16383 1274 1274 1386 1239 967 1327 4111 4110 4110 4110 4110 4111 
1376 1324 8199 16383 1275 1271 1390 1237 970 1326 4112 4111 4111 4111 4111 4112 
1381 1303 8194 16383 1282 1275 1394 1239 988 1327 4112 4111 4111 4111 4111 4112 
1375 1327 8206 16383 1271 1273 1388 1239 961 1327 4111 4110 4110 4110 4110 4111 
1369 1310 8213 16383 1280 1273 1389 1239 966 1327 4110 4109 4109 4109 4109 4110 
1359 1299 8217 16383 1284 1275 1395 1239 952 1327 4111 4110 4110 4110 4110 4111 
1373 1306 8222 16383 1277 1275 1387 1241 976 1326 4111 4110 4110 4110 4110 4111 
1361 1293 8235 16383 1283 1274 1396 1243 923 1326 4111 4110 4110 4110 4110 4111 
1347 1297 8257 16383 1269 1272 1382 1238 949 1326 4111 4110 4110 4110 4110 4111 
1411 1373 8233 16383 1274 1275 1389 1241 993 1327 4110 4109 4109 4109 4109 4110 
1366 1309 8241 16383 1273 1274 1386 1238 950 1326 4111 4110 4110 4110 4110 4111 
1387 1253 8271 16383 1283 1275 1386 1238 966 1327 4111 4110 4110 4110 4110 4111 
1348 1294 8246 16383 1278 1275 1391 1238 936 1326 4112 4111 4111 4111 4111 4112 
1379 1295 8267 16383 1275 1274 1389 1239 996 1328 4111 4110 4110 4110 4110 4111 
1362 1303 8267 16383 1275 1275 1389 1237 978 1325 4110 4109 4109 4109 4109 4110 
1361 1300 8244 16383 1276 1273 1389 1239 951 1326 4111 4110 4110 4110 4110 4111 
1385 1292 8259 16383 1273 1275 1389 1239 986 1326 4111 4110 4110 4110 4110 4111 
1358 1291 8255 16383 1277 1275 1385 1239 984 1326 4111 4110 4110 4110 4110 4111 
1375 1323 8257 16383 1278 1274 1395 1239 966 1327 4111 4110 4110 4110 4110 4111 
1365 1294 8254 16383 1279 1275 1391 1240 943 1326 4111 4110 4111 4110 4110 4111 
1372 1303 8245 16383 1278 1276 1391 1238 982 1326 4110 4109 4110 4109 4109 4110 
1379 1317 8257 16383 1281 1275 1394 1239 966 1326 4111 4110 4110 4110 4110 4111 
1391 1254 8244 16383 1287 1272 1395 1237 961 1327 4112 4111 4111 4111 4111 4112 
1391 1371 8235 16383 1285 1274 1391 1238 982 1326 4112 4111 4111 4111 4111 4112 
1363 1299 8261 16383 1273 1274 1387 1237 950 1326 4112 4111 4111 4111 4111 4112 
1383 1333 8242 16383 1284 1275 1393 1239 984 1326 4112 4111 4111 4111 4111 4112 
1384 1334 8242 16383 1281 1275 1391 1239 977 1326 4112 4111 4111 4111 4111 4112 
1375 1295 8243 16383 1277 1275 1391 1241 958 1326 4112 4111 4111 4111 4111 4112 
1418 1302 8256 16383 1277 1275 1387 1239 1002 1329 4112 4111 4111 4111 4111 4112 
1396 1291 8269 16383 1280 1274 1383 1238 932 1326 4112 4111 4111 4111 4111 4112 
1367 1285 8254 16383 1277 1273 1391 1238 1006 1327 4112 4111 4111 4111 4111 4112 
1379 1289 8262 16383 1275 1273 1390 1238 989 1327 4112 4111 4111 4111 4111 4112 
1369 1309 8267 16383 1279 1277 1395 1242 963 1327 4111 4110 4110 4110 4110 4111 
1411 1301 8257 16383 1281 1275 1389 1241 1003 1328 4111 4110 4110 4110 4110 4111 
1398 1292 8253 16383 1275 1276 1391 1239 1020 1326 4112 4111 4111 4111 4111 4112 
1395 1295 8261 16383 1282 1273 1383 1239 1021 1327 4112 4111 4111 4111 4111 4112 
1421 1293 8269 16383 1273 1275 1391 1239 1014 1326 4112 4111 4111 4111 4111 4112 
1370 1285 8276 16383 1279 1273 1389 1237 991 1327 4112 4111 4111 4111 4111 4112 
1355 1303 8267 16383 1287 1273 1391 1238 939 1326 4111 4110 4110 4110 4110 4111 
1365 1290 8263 16383 1275 1275 1391 1238 881 1326 4112 4111 4111 4111 4111 4112 
1387 1340 8254 16383 1282 1277 1404 1241 946 1326 4112 4111 4111 4111 4111 4112 
1385 1300 8258 16383 1283 1273 1388 1237 999 1329 4112 4111 4111 4111 4111 4112 
1372 1302 8249 16383 1275 1274 1389 1238 988 1327 4112 4111 4111 4111 4111 4112 
1350 1327 8258 16383 1273 1274 1388 1238 905 1327 4112 4111 4111 4111 4111 4112 
1361 1309 8269 16383 1285 1274 1395 1239 946 1326 4112 4111 4111 4111 4111 4112 
1365 1354 8262 16383 1303 1273 1390 1239 960 1327 4112 4111 4111 4111 4111 4112 
1354 1303 8266 16383 1275 1272 1387 1239 961 1327 4112 4111 4111 4111 4111 4112 
1367 1295 8271 16383 1281 1276 1389 1241 968 1326 4112 4111 4111 4111 4111 4112 
1362 1310 8247 16383 1276 1274 1389 1240 929 1327 4112 4111 4111 4111 4111 4112 
1381 1345 8273 16383 1283 1274 1394 1239 970 1326 4112 4111 4111 4111 4111 4112 
1365 1267 8266 16383 1271 1275 1387 1238 910 1327 4112 4111 4111 4111 4111 4112 
1366 1287 8265 16383 1284 1275 1389 1239 974 1326 4112 4111 4111 4111 4111 4112 
1366 1286 8267 16383 1281 1274 1393 1238 965 1327 4112 4111 4112 4111 4111 4112 
1371 1301 8263 16383 1283 1273 1387 1239 987 1327 4112 4111 4111 4111 4111 4112 
1942 1862 16383 16383 1965 1149 3939 1190 1236 927 4112 0 4111 4111 4111 4112 
1366 1262 8269 16383 1277 1275 1393 1241 914 1327 4112 4111 4111 4111 4111 4112 
1352 1351 8265 16383 1278 1274 1383 1237 947 1326 4112 4111 4111 4111 4111 4112 
1370 1309 8246 16383 1282 1273 1389 1238 964 1327 4112 4111 4111 4111 4111 4112 
1361 1313 8247 16383 1287 1275 1391 1239 951 1327 4112 4111 4111 4111 4111 4112 
1357 1303 8239 16383 1275 1273 1389 1238 907 1327 4111 4110 4110 4110 4110 4111 
1360 1289 8259 16383 1282 1273 1391 1237 970 1327 4112 4111 4111 4111 4111 4112 
1380 1295 8237 16383 1283 1273 1391 1237 1003 1328 4112 4111 4112 4111 4111 4112 
1343 1311 8259 16383 1279 1271 1387 1236 1017 1326 4112 4111 4111 4111 4111 4112 
1367 1279 8253 16383 1277 1274 1388 1239 905 1327 4112 4111 4111 4111 4111 4112 
1421 1305 8247 16383 1280 1276 1386 1239 1012 1327 4111 4110 4110 4110 4110 4111 
1437 1401 8262 16383 1275 1275 1389 1239 980 1326 4111 4110 4110 4110 4110 4111 
1366 1293 8266 16383 1273 1273 1387 1239 969 1326 4112 4111 4112 4111 4111 4112 
1370 1299 8275 16383 1286 1276 1389 1242 989 1327 4111 4110 4110 4110 4110 4111 
1371 1305 8294 16383 1281 1274 1389 1237 980 1326 4110 4109 4109 4109 4109 4110 
1379 1310 8281 16383 1275 1274 1389 1239 996 1328 4112 4111 4111 4111 4111 4112 
1397 1263 8303 16383 1276 1274 1387 1239 954 1326 4112 4111 4111 4111 4111 4112 
1351 1303 8286 16383 1274 1273 1383 1237 952 1326 4112 4111 4111 4111 4111 4112 
1409 1345 8275 16383 1274 1273 1386 1237 990 1327 4112 4111 4111 4111 4111 4112 
1346 1303 8296 16383 1275 1274 1391 1239 1030 1327 4112 4111 4111 4111 4111 4112 
1368 1299 8285 16383 1274 1274 1389 1237 979 1325 4112 4111 4111 4111 4111 4112 
1380 1303 8299 16383 1277 1275 1387 1237 983 1326 4112 4111 4111 4111 4111 4112 
1385 1287 8281 16383 1275 1276 1390 1238 929 1326 4112 4111 4111 4111 4111 4112 
1362 1311 8271 16383 1275 1275 1391 1239 947 1326 4112 4111 4111 4111 4111 4112 
1373 1295 8295 16383 1280 1273 1387 1239 1000 1328 4111 4110 4110 4110 4110 4111 
1341 1300 8283 16383 1284 1272 1389 1235 1031 1327 4112 4111 4111 4111 4111 4112 
1351 1293 8290 16383 1273 1273 1391 1238 963 1326 4111 4110 4110 4110 4110 4111 
1361 1291 8277 16383 1271 1273 1385 1239 964 1327 4112 4111 4111 4111 4111 4112 
1367 1313 8294 16383 1281 1273 1393 1239 976 1325 4111 4110 4111 4110 4110 4111 
1375 1302 8276 16383 1277 1274 1391 1238 980 1325 4112 4111 4111 4111 4111 4112 
1375 1295 8263 16383 1275 1274 1379 1239 910 1327 4112 4111 4111 4111 4111 4112 
1368 1287 8287 16383 1281 1273 1394 1238 985 1326 4112 4111 4111 4111 4111 4112 
1370 1263 8271 16383 1279 1274 1390 1238 928 1326 4112 4111 4111 4111 4111 4112 
1444 1294 8265 16383 1279 1275 1391 1237 1030 1327 4112 4111 4111 4111 4111 4112 
1355 1289 8297 16383 1275 1275 1385 1239 962 1327 4112 4111 4111 4111 4111 4112 
1360 1346 8288 16383 1281 1275 1389 1237 889 1327 4112 4111 4111 4111 4111 4112 
1357 1289 8298 16383 1274 1273 1383 1239 976 1325 4111 4110 4110 4110 4110 4111 
1369 1300 8261 16383 1277 1275 1391 1239 973 1326 4112 4111 4111 4111 4111 4112 
1381 1290 8266 16383 1275 1273 1387 1237 991 1326 4111 4110 4110 4110 4110 4111 
1391 1294 8260 16383 1287 1273 1398 1238 988 1327 4112 4111 4111 4111 4111 4112 
1367 1291 8257 16383 1286 1275 1386 1239 962 1327 4111 4110 4110 4110 4110 4111 
1375 1286 8256 16383 1278 1276 1394 1239 994 1327 4112 4111 4112 4111 4111 4112 
1362 1289 8255 16383 1280 1271 1391 1235 975 1326 4111 4110 4110 4110 4110 4111 
1363 1299 8275 16383 1275 1274 1387 1239 961 1326 4112 4111 4111 4111 4111 4112 
1376 1291 8283 16383 1279 1275 1391 1241 995 1328 4112 4111 4111 4111 4111 4112 
1368 1285 8260 16383 1277 1274 1389 1238 976 1326 4111 4110 4110 4110 4110 4111 
1374 1298 8263 16383 1271 1274 1390 1236 964 1327 4112 4111 4111 4111 4111 4112 
1387 1307 8255 16383 1291 1275 1391 1238 993 1327 4111 4110 4110 4110 4110 4111 
1367 1301 8247 16383 1282 1275 1394 1237 985 1326 4112 4111 4111 4111 4111 4112 
1361 1291 8246 16383 1286 1275 1395 1239 986 1326 4111 4110 4111 4110 4110 4111 
1370 1307 8255 16383 1270 1274 1386 1238 969 1326 4111 4110 4110 4110 4110 4111 
1352 1341 8254 16383 1273 1274 1388 1241 1029 1327 4111 4110 4110 4110 4110 4111 
1369 1287 8235 16383 1277 1271 1391 1239 975 1325 4111 4110 4110 4110 4110 4111 
1366 1307 8251 16383 1279 1273 1391 1237 982 1326 4112 4111 4111 4111 4111 4112 
1383 1311 8231 16383 1277 1273 1387 1238 973 1326 4111 4110 4110 4110 4110 4111 
1365 1310 8241 16383 1277 1274 1391 1239 964 1326 4111 4110 4110 4110 4110 4111 
1369 1291 8253 16383 1287 1277 1391 1241 982 1326 4110 4109 4109 4109 4109 4110 
1375 1291 8247 16383 1278 1273 1393 1239 988 1327 4112 4111 4111 4111 4111 4112 
1369 1290 8231 16383 1276 1273 1388 1237 973 1326 4111 4110 4110 4110 4110 4111 
1421 1293 8252 16383 1275 1273 1387 1237 1022 1327 4111 4110 4110 4110 4110 4111 
1367 1291 8251 16383 1273 1275 1389 1239 958 1326 4111 4110 4110 4110 4110 4111 
1360 1295 8252 16383 1275 1273 1388 1235 979 1326 4111 4110 4110 4110 4110 4111 
1379 1271 8266 16383 1275 1277 1389 1241 928 1326 4112 4111 4111 4111 4111 4112 
1386 1299 8247 16383 1278 1273 1391 1239 994 1328 4111 4110 4110 4110 4110 4111 
1375 1295 8259 16383 1274 1273 1386 1238 999 1328 4111 4110 4110 4110 4110 4111 
1359 1350 8247 16383 1280 1274 1391 1239 933 1326 4111 4110 4110 4110 4110 4111 
1355 1259 8249 16383 1275 1271 1387 1236 992 1327 4111 4110 4110 4110 4110 4111 
1362 1290 8251 16383 1277 1275 1389 1239 978 1326 4111 4110 4110 4110 4110 4111 
1365 1303 8263 16383 1281 1275 1391 1239 965 1326 4111 4110 4110 4110 4110 4111 
1367 1298 8255 16383 1279 1275 1391 1239 967 1326 4110 4109 4109 4109 4109 4110 
1392 1294 8247 16383 1279 1274 1383 1239 991 1327 4111 4110 4110 4110 4110 4111 
1378 1351 8254 16383 1274 1271 1390 1238 965 1327 4111 4110 4111 4110 4110 4111 
1388 1319 8253 16383 1271 1275 1387 1239 1067 1327 4112 4111 4111 4111 4111 4112 
1348 1277 8268 16383 1275 1273 1388 1239 940 1326 4111 4110 4110 4110 4110 4111 
1366 1295 8258 16383 1275 1274 1387 1239 966 1326 4111 4110 4110 4110 4110 4111 
1372 1333 8265 16383 1285 1275 1394 1239 938 1326 4111 4110 4110 4110 4110 4111 
1379 1291 8265 16383 1279 1275 1393 1239 1009 1327 4111 4110 4110 4110 4110 4111 
1361 1286 8267 16383 1282 1276 1393 1239 952 1326 4111 4110 4110 4110 4110 4111 
1439 1293 8269 16383 1281 1275 1395 1239 1026 1327 4111 4110 4110 4110 4110 4111 
1376 1307 8282 16383 1275 1273 1389 1239 979 1326 4111 4110 4110 4110 4110 4111 
1383 1299 8279 16383 1282 1275 1391 1237 986 1327 4111 4110 4110 4110 4110 4111 
1375 1321 8299 16383 1280 1275 1386 1239 968 1326 4111 4110 4110 4110 4110 4111 
1455 1273 8283 16383 1277 1275 1390 1239 1077 1327 4111 4110 4110 4110 4110 4111 
1363 1271 8273 16383 1277 1273 1391 1237 980 1326 4111 4110 4111 4110 4110 4111 
1371 1298 8275 16383 1279 1274 1390 1239 983 1326 4112 4111 4111 4111 4111 4112 
1423 1308 8303 16383 1279 1275 1387 1241 998 1328 4111 4110 4110 4110 4110 4111 
1363 1299 8292 16383 1279 1273 1389 1237 971 1326 4111 4110 4110 4110 4110 4111 
1375 1301 8303 16383 1274 1274 1390 1237 985 1326 4112 4111 4111 4111 4111 4112 
1427 1321 8282 16383 1281 1275 1391 1239 1009 1328 4112 4111 4111 4111 4111 4112 
1535 1289 8279 16383 1285 1273 1394 1238 1060 1327 4112 4110 4111 4111 4111 4112 
1372 1291 8283 16383 1275 1275 1391 1241 965 1326 4110 4109 4109 4109 4109 4110 
1372 1295 8307 16383 1280 1273 1389 1239 989 1327 4111 4110 4110 4110 4110 4111 
1368 1306 8308 16383 1271 1274 1383 1239 977 1326 4112 4111 4111 4111 4111 4112 
1363 1299 8295 16383 1270 1274 1389 1238 982 1326 4112 4111 4111 4111 4111 4112 
1389 1282 8307 16383 1279 1277 1389 1239 1012 1326 4111 4110 4110 4110 4110 4111 
1371 1295 8309 16383 1271 1275 1383 1241 974 1326 4111 4110 4110 4110 4110 4111 
1394 1317 8327 16383 1278 1275 1387 1238 975 1326 4111 4110 4110 4110 4110 4111 
1348 1293 8319 16383 1274 1275 1387 1238 963 1327 4111 4110 4110 4110 4110 4111 
1377 1363 8329 16383 1282 1273 1390 1239 964 1327 4111 4110 4111 4110 4110 4111 
1538 1290 8329 16383 1281 1275 1397 1238 1052 1327 4111 4110 4110 4110 4110 4111 
1367 1311 8333 16383 1273 1274 1387 1239 956 1326 4111 4110 4110 4110 4110 4111 
1367 1252 8339 16383 1270 1274 1385 1238 952 1326 4110 4109 4109 4109 4109 4110 
1379 1259 8327 16383 1282 1274 1391 1239 945 1327 4111 4110 4110 4110 4110 4111 
1374 1303 8325 16383 1284 1271 1393 1238 982 1326 4111 4110 4110 4110 4110 4111 
1358 1298 8335 16383 1281 1275 1389 1237 926 1327 4111 4110 4111 4110 4110 4111 
1359 1311 8337 16383 1284 1274 1394 1237 961 1326 4111 4110 4110 4110 4110 4111 
1370 1287 8347 16383 1277 1273 1390 1239 969 1327 4111 4110 4110 4110 4110 4111 
1366 1295 8341 16383 1276 1274 1391 1238 942 1326 4112 4111 4111 4111 4111 4112 
1366 1309 8333 16383 1287 1277 1395 1240 960 1327 4112 4111 4111 4111 4111 4112 
1351 1319 8333 16383 1273 1273 1390 1239 887 1327 4112 4111 4111 4111 4111 4112 
1383 1315 8343 16383 1273 1275 1387 1239 989 1327 4112 4111 4111 4111 4111 4112 
1365 1383 8338 16383 1279 1275 1388 1239 926 1327 4111 4110 4110 4110 4110 4111 
1399 1303 8313 16383 1267 1275 1383 1241 1004 1328 4111 4110 4110 4110 4110 4111 
1363 1299 8333 16383 1277 1275 1389 1241 959 1327 4111 4110 4110 4110 4110 4111 
1367 1293 8319 16383 1275 1273 1389 1239 963 1327 4111 4110 4110 4110 4110 4111 
1393 1301 8326 16383 1272 1271 1389 1239 994 1328 4111 4110 4110 4110 4110 4111 
1380 1299 8330 16383 1279 1274 1391 1239 982 1326 4111 4110 4110 4110 4110 4111 
1364 1302 8331 16383 1271 1274 1388 1239 963 1327 4111 4110 4110 4110 4110 4111 
1359 1295 8326 16383 1282 1274 1397 1239 954 1326 4112 4111 4111 4111 4111 4112 
1374 1306 8301 16383 1279 1271 1391 1238 983 1326 4111 4110 4110 4110 4110 4111 
1364 1301 8321 16383 1275 1275 1389 1239 993 1328 4111 4110 4110 4110 4110 4111 
1405 1335 8313 16383 1283 1275 1393 1241 988 1327 4111 4110 4110 4110 4110 4111 
1350 1339 8291 16383 1270 1271 1384 1238 966 1326 4111 4110 4110 4110 4110 4111 
1357 1291 8299 16383 1273 1273 1387 1237 964 1327 4112 4111 4111 4111 4111 4112 
1385 1307 8290 16383 1282 1274 1394 1239 981 1326 4112 4111 4111 4111 4111 4112 
1367 1253 8301 16383 1274 1273 1387 1241 930 1326 4112 4111 4111 4111 4111 4112 
1370 1287 8293 16383 1279 1275 1390 1239 991 1327 4112 4111 4111 4111 4111 4112 
1407 1300 8308 16383 1273 1273 1387 1239 1011 1327 4111 4110 4110 4110 4110 4111 
1380 1300 8293 16383 1295 1274 1394 1241 977 1326 4112 4111 4111 4111 4111 4112 
1393 1322 8287 16383 1285 1274 1403 1237 974 1326 4112 4111 4112 4111 4111 4112 
1379 1331 8265 16383 1281 1274 1391 1238 972 1326 4112 4111 4111 4111 4111 4112 
1375 1286 8266 16383 1271 1275 1387 1238 961 1326 4112 4111 4111 4111 4111 4112 
1375 1305 8273 16383 1281 1273 1394 1238 957 1326 4111 4110 4110 4110 4110 4111 
1389 1255 8271 16383 1279 1273 1391 1238 962 1326 4111 4110 4110 4110 4110 4111 
1361 1309 8271 16383 1275 1274 1389 1238 937 1326 4111 4110 4110 4110 4110 4111 
1378 1344 8279 16383 1280 1277 1394 1242 959 1327 4112 4111 4111 4111 4111 4112 
1362 1303 8283 16383 1281 1273 1391 1238 926 1327 4112 4111 4111 4111 4111 4112 
1361 1355 8287 16383 1279 1274 1391 1238 915 1327 4111 4110 4110 4110 4110 4111 
1361 1323 8299 16383 1275 1273 1387 1238 948 1326 4111 4110 4110 4110 4110 4111 
1389 1273 8283 16383 1278 1274 1391 1239 1057 1327 4111 4110 4110 4110 4110 4111 
1373 1255 8297 16383 1279 1275 1391 1239 937 1326 4112 4111 4111 4111 4111 4112 
1372 1312 8295 16383 1276 1274 1391 1237 962 1327 4112 4111 4111 4111 4111 4112 
1471 1327 8305 16383 1283 1275 1397 1239 1014 1327 4111 4110 4110 4110 4110 4111 
1318 1216 8293 16383 1178 1276 1359 1241 1237 1205 4111 4110 4110 4110 4110 4111 
1373 1323 8299 16383 1277 1271 1389 1239 958 1326 4111 4110 4110 4110 4110 4111 
1368 1289 8298 16383 1284 1274 1393 1239 989 1326 4111 4110 4110 4110 4110 4111 
1370 1311 8305 16383 1283 1274 1394 1239 962 1327 4111 4110 4110 4110 4110 4111 
1363 1287 8311 16383 1274 1274 1387 1237 963 1327 4111 4110 4110 4110 4110 4111 
1387 1298 8297 16383 1280 1273 1389 1239 994 1328 4111 4110 4110 4110 4110 4111 
1378 1303 8294 16383 1276 1271 1389 1237 990 1327 4111 4110 4110 4110 4110 4111 
1405 1311 8311 16383 1278 1273 1389 1239 1058 1326 4111 4110 4110 4110 4110 4111 
1401 1365 8300 16383 1274 1273 1386 1239 975 1326 4111 4110 4110 4110 4110 4111 
1341 1294 8325 16383 1279 1274 1387 1237 936 1327 4110 4109 4109 4109 4109 4110 
1359 1302 8307 16383 1281 1274 1391 1238 949 1326 4111 4110 4110 4110 4110 4111 
1347 1305 8311 16383 1274 1274 1390 1238 1019 1326 4111 4110 4110 4110 4110 4111 
1365 1327 8317 16383 1283 1274 1393 1238 892 1327 4111 4110 4111 4110 4110 4111 
1383 1289 8313 16383 1283 1275 1389 1239 974 1326 4111 4110 4110 4110 4110 4111 
1371 1312 8320 16383 1279 1275 1390 1237 972 1326 4111 4110 4110 4110 4110 4111 
1427 1252 8313 16383 1275 1275 1390 1239 987 1327 4112 4111 4111 4111 4111 4112 
1379 1314 8295 16383 1275 1274 1390 1237 969 1326 4111 4110 4110 4110 4110 4111 
1406 1302 8315 16383 1280 1271 1391 1237 1011 1326 4111 4110 4110 4110 4110 4111 
1385 1316 8299 16383 1278 1277 1391 1239 940 1326 4111 4110 4110 4110 4110 4111 
1375 1301 8327 16383 1278 1273 1389 1238 988 1327 4112 4111 4111 4111 4111 4112 
1429 1344 8326 16383 1275 1277 1386 1239 991 1327 4111 4110 4110 4110 4110 4111 
1383 1300 8307 16383 1287 1274 1395 1239 995 1328 4111 4110 4110 4110 4110 4111 
1361 1287 8327 16383 1275 1273 1383 1237 988 1326 4110 4109 4109 4109 4109 4110 
1365 1288 8328 16383 1273 1275 1391 1241 889 1326 4111 4110 4111 4110 4110 4111 
1363 1300 8324 16383 1288 1275 1391 1238 917 1327 4111 4110 4110 4110 4110 4111 
1393 1309 8321 16383 1281 1275 1391 1237 988 1327 4111 4110 4110 4110 4110 4111 
1364 1307 8323 16383 1275 1271 1388 1237 962 1326 4112 4111 4111 4111 4111 4112 
1395 1322 8310 16383 1286 1275 1391 1238 984 1326 4111 4110 4110 4110 4110 4111 
1379 1298 8311 16383 1302 1273 1399 1237 982 1326 4112 4111 4111 4111 4111 4112 
1365 1314 8317 16383 1277 1273 1387 1237 960 1327 4112 4111 4112 4111 4111 4112 
1355 1327 8306 16383 1282 1275 1396 1239 868 1326 4111 4110 4110 4110 4110 4111 
1393 1306 8298 16383 1278 1273 1391 1238 1007 1328 4112 4111 4111 4111 4111 4112 
1361 1342 8304 16383 1281 1275 1388 1239 946 1326 4111 4110 4110 4110 4110 4111 
1374 1303 8303 16383 1278 1274 1393 1239 951 1326 4112 4111 4111 4111 4111 4112 
1367 1256 8327 16383 1273 1275 1389 1239 937 1326 4111 4110 4110 4110 4110 4111 
1389 1303 8299 16383 1283 1271 1394 1237 982 1326 4111 4110 4110 4110 4110 4111 
1378 1289 8300 16383 1275 1275 1384 1239 967 1326 4111 4110 4110 4110 4110 4111 
1389 1299 8327 16383 1278 1275 1391 1238 995 1328 4111 4110 4110 4110 4110 4111 
1365 1303 8318 16383 1275 1273 1389 1237 938 1326 4112 4111 4112 4111 4111 4112 
1370 1290 8302 16383 1280 1275 1389 1239 972 1326 4109 4108 4108 4108 4108 4109 
1344 1307 8330 16383 1270 1271 1387 1237 934 1326 4110 4109 4109 4109 4109 4110 
1360 1309 8327 16383 1278 1275 1389 1239 1053 1326 4111 4110 4110 4110 4110 4111 
1368 1305 8335 16383 1278 1275 1391 1239 979 1326 4111 4110 4110 4110 4110 4111 
1410 1305 8335 16383 1282 1275 1393 1239 1007 1328 4112 4111 4111 4111 4111 4112 
1366 1295 8337 16383 1275 1273 1389 1238 960 1327 4111 4110 4110 4110 4110 4111 
1371 1291 8351 16383 1275 1275 1387 1239 983 1326 4112 4111 4111 4111 4111 4112 
1349 1313 8337 16383 1277 1274 1387 1237 946 1326 4111 4110 4110 4110 4110 4111 
1381 1293 8327 16383 1275 1273 1389 1239 994 1328 4111 4110 4110 4110 4110 4111 
1361 1309 8335 16383 1273 1274 1385 1238 958 1326 4112 4111 4111 4111 4111 4112 
1355 1355 8329 16383 1279 1275 1391 1239 1024 1327 4112 4111 4111 4111 4111 4112 
1359 1293 8347 16383 1279 1275 1390 1238 958 1326 4112 4111 4111 4111 4111 4112 
1359 1287 8349 16383 1277 1275 1391 1239 896 1328 4112 4111 4111 4111 4111 4112 
1354 1283 8329 16383 1278 1275 1390 1241 955 1326 4112 4111 4111 4111 4111 4112 
1413 1297 8321 16383 1286 1274 1398 1238 1002 1329 4112 4111 4111 4111 4111 4112 
1367 1285 8347 16383 1277 1274 1389 1238 983 1326 4111 4110 4110 4110 4110 4111 
1367 1295 8351 16383 1278 1273 1385 1239 961 1327 4111 4110 4110 4110 4110 4111 
1365 1315 8322 16383 1283 1274 1389 1239 957 1326 4110 4109 4109 4109 4109 4110 
1352 1295 8342 16383 1291 1272 1391 1237 958 1326 4111 4110 4110 4110 4110 4111 
1383 1297 8327 16383 1271 1274 1386 1239 998 1328 4111 4110 4110 4110 4110 4111 
1352 1293 8347 16383 1271 1274 1383 1238 976 1326 4111 4110 4110 4110 4110 4111 
1363 1376 8343 16383 1277 1273 1391 1239 959 1326 4111 4110 4110 4110 4110 4111 
1363 1261 8321 16383 1277 1274 1389 1238 915 1327 4110 4109 4109 4109 4109 4110 
1365 1373 8339 16383 1307 1274 1387 1239 945 1326 4111 4110 4110 4110 4110 4111 
1391 1291 8325 16383 1293 1271 1405 1237 975 1326 4111 4110 4111 4110 4110 4111 
1380 1303 8329 16383 1274 1274 1383 1239 994 1328 4110 4109 4109 4109 4109 4110 
1363 1287 8320 16383 1267 1273 1383 1237 968 1327 4110 4109 4109 4109 4109 4110 
1396 1293 8337 16383 1274 1275 1386 1239 1010 1327 4111 4110 4110 4110 4110 4111 
1382 1338 8329 16383 1279 1275 1388 1239 988 1327 4111 4110 4110 4110 4110 4111 
1373 1314 8317 16383 1275 1273 1387 1238 975 1326 4112 4111 4111 4111 4111 4112 
1373 1255 8315 16383 1277 1271 1391 1237 934 1326 4111 4110 4110 4110 4110 4111 
1360 1367 8330 16383 1287 1275 1391 1239 923 1327 4111 4110 4110 4110 4110 4111 
1407 1259 8337 16383 1280 1273 1393 1239 973 1326 4111 4110 4110 4110 4110 4111 
1348 1316 8349 16383 1277 1274 1387 1238 1035 1327 4112 4111 4112 4111 4111 4112 
1389 1286 8334 16383 1275 1275 1386 1241 1002 1328 4111 4110 4111 4110 4111 4112 
1363 1295 8343 16383 1275 1274 1389 1239 970 1327 4111 4110 4110 4110 4110 4111 
1369 1304 8346 16383 1281 1274 1391 1239 976 1326 4110 4109 4109 4109 4109 4110 
1359 1300 8341 16383 1273 1274 1387 1238 952 1326 4111 4110 4111 4110 4110 4111 
1365 1359 8337 16383 1275 1275 1387 1237 965 1327 4111 4110 4110 4110 4110 4111 
1369 1290 8341 16383 1277 1274 1389 1239 975 1326 4111 4110 4110 4110 4110 4111 
1372 1293 8340 16383 1273 1274 1388 1239 999 1328 4111 4110 4110 4110 4110 4111 
1398 1295 8345 16383 1274 1273 1387 1238 1013 1326 4111 4110 4110 4110 4110 4111 
1349 1261 8323 16383 1271 1274 1383 1239 907 1327 4111 4110 4110 4110 4110 4111 
1378 1362 8346 16383 1274 1276 1394 1239 957 1326 4111 4110 4110 4110 4110 4111 
1358 1294 8331 16383 1282 1275 1391 1241 958 1326 4110 4109 4109 4109 4109 4110 
1353 1289 8324 16383 1270 1273 1386 1238 967 1326 4111 4110 4111 4110 4110 4111 
1365 1294 8337 16383 1275 1273 1381 1239 979 1326 4112 4111 4111 4111 4111 4112 
1376 1322 8348 16383 1287 1271 1389 1239 978 1326 4111 4110 4110 4110 4110 4111 
1360 1279 8347 16383 1279 1273 1389 1239 1010 1327 4110 4109 4109 4109 4109 4110 
1401 1293 8346 16383 1287 1275 1386 1239 1017 1327 4111 4110 4110 4110 4110 4111 
1365 1314 8351 16383 1278 1274 1390 1239 929 1326 4110 4109 4109 4109 4109 4110 
1369 1277 8315 16383 1279 1274 1391 1237 988 1327 4112 4111 4111 4111 4111 4112 
1373 1315 8330 16383 1277 1275 1391 1239 967 1326 4111 4110 4110 4110 4110 4111 
1364 1359 8309 16383 1281 1274 1387 1238 939 1326 4111 4110 4110 4110 4110 4111 
1410 1312 8311 16383 1279 1274 1391 1239 987 1327 4111 4110 4110 4110 4110 4111 
1357 1287 8327 16383 1283 1274 1391 1241 896 1327 4110 4109 4109 4109 4109 4110 
1397 1291 8322 16383 1283 1273 1391 1238 1014 1326 4111 4110 4110 4110 4110 4111 
1389 1311 8341 16383 1280 1275 1391 1241 987 1327 4111 4110 4110 4110 4110 4111 
1351 1301 8337 16383 1275 1275 1387 1239 959 1326 4110 4109 4109 4109 4109 4110 
1373 1305 8334 16383 1285 1274 1391 1239 969 1326 4111 4110 4110 4110 4110 4111 
1350 1291 8338 16383 1271 1275 1383 1239 947 1326 4110 4109 4109 4109 4109 4110 
1367 1259 8305 16383 1271 1271 1385 1237 932 1326 4111 4110 4110 4110 4110 4111 
1364 1298 8335 16383 1281 1274 1389 1237 958 1326 4111 4110 4110 4110 4110 4111 
1389 1292 8309 16383 1285 1274 1390 1238 997 1328 4111 4110 4110 4110 4110 4111 
1365 1305 8327 16383 1277 1275 1387 1239 974 1326 4111 4110 4110 4110 4110 4111 
1384 1253 8335 16383 1277 1273 1389 1238 965 1326 4111 4110 4110 4110 4110 4111 
1374 1279 8311 16383 1269 1274 1383 1239 993 1327 4111 4110 4110 4110 4110 4111 
1376 1305 8310 16383 1283 1274 1391 1237 967 1326 4112 4111 4111 4111 4111 4112 
1411 1253 8330 16383 1277 1274 1389 1241 992 1328 4111 4110 4111 4110 4110 4111 
1361 1282 8339 16383 1276 1275 1390 1239 966 1326 4112 4111 4112 4111 4111 4112 
1370 1290 8311 16383 1277 1275 1390 1237 965 1326 4111 4110 4110 4110 4110 4111 
1383 1332 8325 16383 1274 1276 1387 1239 981 1326 4111 4110 4110 4110 4110 4111 
1375 1294 8333 16383 1277 1274 1391 1237 968 1326 4111 4110 4110 4110 4110 4111 
1349 1285 8335 16383 1273 1274 1385 1239 957 1326 4111 4110 4110 4110 4110 4111 
1371 1298 8329 16383 1283 1273 1395 1238 963 1327 4111 4110 4110 4110 4110 4111 
1423 1275 8318 16383 1274 1273 1391 1239 952 1326 4111 4110 4110 4110 4110 4111 
1350 1308 8334 16383 1273 1274 1383 1239 948 1326 4111 4110 4110 4110 4110 4111 
1385 1333 8317 16383 1277 1271 1388 1238 981 1326 4112 4111 4111 4111 4111 4112 
1381 1305 8347 16383 1275 1273 1390 1240 985 1326 4111 4110 4111 4110 4110 4111 
1349 1313 8340 16383 1271 1274 1385 1238 953 1326 4111 4110 4110 4110 4110 4111 
1398 1287 8353 16383 1280 1273 1391 1237 1001 1328 4111 4110 4110 4110 4110 4111 
1392 1307 8347 16383 1286 1275 1393 1239 997 1328 4111 4110 4110 4110 4110 4111 
1370 1285 8347 16383 1273 1274 1387 1239 965 1327 4111 4110 4110 4110 4110 4111 
1369 1329 8327 16383 1275 1275 1390 1237 932 1326 4111 4110 4110 4110 4110 4111 
1375 1318 8341 16383 1278 1275 1391 1239 970 1326 4110 4110 4110 4110 4110 4111 
1363 1300 8331 16383 1275 1273 1389 1239 938 1326 4111 4110 4110 4110 4110 4111 
1353 1314 8323 16383 1275 1274 1386 1238 955 1327 4111 4110 4111 4110 4110 4111 
1394 1299 8337 16383 1278 1274 1387 1238 997 1328 4111 4110 4110 4110 4110 4111 
1373 1297 8350 16383 1275 1275 1387 1239 970 1326 4110 4109 4109 4109 4109 4110 
1426 1285 8330 16383 1275 1273 1387 1237 1012 1326 4111 4110 4110 4110 4110 4111 
1413 1292 8363 16383 1278 1273 1389 1239 1014 1327 4112 4111 4111 4111 4111 4112 
1365 1294 8331 16383 1279 1274 1387 1238 968 1326 4112 4111 4111 4111 4111 4112 
1345 1331 8345 16383 1274 1273 1387 1238 1030 1327 4112 4111 4111 4111 4111 4112 
1367 1295 8343 16383 1285 1273 1391 1239 960 1327 4112 4111 4111 4111 4111 4112 
1370 1300 8330 16383 1271 1271 1387 1236 966 1326 4112 4111 4111 4111 4111 4112 
1355 1277 8317 16383 1275 1274 1385 1239 975 1326 4112 4111 4111 4111 4111 4112 
1371 1343 8332 16383 1278 1274 1391 1239 972 1326 4112 4111 4111 4111 4111 4112 
1330 1388 8327 16383 1279 1274 1390 1238 984 1326 4112 4111 4111 4111 4111 4112 
1365 1295 8341 16383 1279 1274 1391 1239 1001 1328 4112 4111 4111 4111 4111 4112 
1361 1287 8331 16383 1279 1274 1391 1238 940 1326 4112 4111 4111 4111 4111 4112 
1390 1289 8338 16383 1280 1273 1397 1238 993 1328 4112 4111 4111 4111 4111 4112 
1386 1281 8311 16383 1279 1273 1391 1239 932 1327 4112 4111 4111 4111 4111 4112 
1375 1303 8327 16383 1294 1274 1405 1237 959 1327 4112 4111 4111 4111 4111 4112 
1368 1299 8293 16383 1283 1275 1387 1237 960 1327 4112 4111 4111 4111 4111 4112 
1380 1305 8322 16383 1283 1271 1390 1239 979 1326 4112 4111 4111 4111 4111 4112 
1350 1282 8305 16383 1275 1274 1389 1238 987 1327 4112 4111 4111 4111 4111 4112 
1444 1303 8296 16383 1287 1273 1394 1239 1026 1328 4112 4111 4111 4111 4111 4112 
1368 1305 8301 16383 1280 1274 1388 1237 973 1326 4112 4111 4111 4111 4111 4112 
1367 1291 8291 16383 1277 1271 1387 1239 974 1327 4112 4110 4111 4111 4111 4112 
1369 1287 8306 16383 1285 1272 1390 1236 965 1327 4111 4110 4110 4110 4110 4111 
1366 1305 8279 16383 1285 1274 1393 1239 958 1327 4112 4111 4111 4111 4111 4112 
1358 1259 8275 16383 1277 1275 1389 1239 996 1328 4112 4111 4111 4111 4111 4112 
1367 1313 8250 16383 1277 1273 1386 1237 952 1326 4112 4111 4111 4111 4111 4112 
1463 1290 8243 16383 1277 1271 1391 1237 1035 1328 4112 4111 4111 4111 4111 4112 
1366 1291 8247 16383 1280 1276 1393 1239 969 1326 4112 4111 4111 4111 4111 4112 
1396 1267 8244 16383 1279 1274 1393 1237 949 1326 4112 4111 4111 4111 4111 4112 
1369 1307 8235 16383 1271 1274 1383 1239 971 1326 4112 4111 4111 4111 4111 4112 
1349 1303 8243 16383 1278 1273 1390 1239 1021 1327 4112 4111 4111 4111 4111 4112 
1365 1295 8235 16383 1293 1276 1394 1241 884 1326 4113 4112 4112 4112 4112 4113 
1379 1290 8203 16383 1285 1274 1389 1238 987 1326 4112 4111 4111 4111 4111 4112 
1363 1287 8171 16383 1277 1276 1391 1239 1001 1329 4112 4111 4111 4111 4111 4112 
1386 1295 8167 16383 1287 1277 1405 1241 977 1326 4112 4111 4111 4111 4111 4112 
1364 1337 8179 16383 1282 1274 1391 1239 954 1327 4112 4111 4111 4111 4111 4112 
1349 1309 8160 16383 1271 1274 1387 1237 1025 1327 4112 4111 4111 4111 4111 4112 
1363 1343 8170 16383 1283 1275 1391 1238 914 1328 4112 4111 4111 4111 4111 4112 
1399 1313 8145 16383 1275 1274 1390 1239 999 1329 4112 4111 4111 4111 4111 4112 
1367 1300 8147 16383 1281 1274 1389 1238 981 1326 4112 4111 4111 4111 4111 4112 
1373 1294 8161 16383 1274 1274 1388 1239 984 1327 4112 4111 4111 4111 4111 4112 
1365 1295 8154 16383 1275 1271 1391 1239 973 1326 4112 4111 4111 4111 4111 4112 
1373 1293 8138 16383 1278 1275 1391 1237 989 1327 4112 4111 4111 4111 4111 4112 
1735 1259 8138 16383 1274 1275 1403 1239 1012 1326 4112 4111 4111 4111 4111 4112 
1369 1295 8157 16383 1278 1274 1391 1239 953 1326 4112 4111 4111 4111 4111 4112 
1395 1297 8135 16383 1280 1277 1391 1241 989 1327 4112 4111 4111 4111 4111 4112 
1354 1319 8139 16383 1287 1276 1391 1241 949 1326 4111 4110 4110 4110 4110 4111 
1356 1286 8135 16383 1277 1277 1391 1241 935 1326 4112 4111 4111 4111 4111 4112 
1359 1316 8132 16383 1280 1277 1393 1242 937 1326 4112 4111 4111 4111 4111 4112 
1371 1307 8139 16383 1279 1275 1391 1239 958 1327 4112 4111 4111 4111 4111 4112 
1575 1301 8107 16383 1267 1273 1381 1238 746 1327 4112 4111 4111 4111 4111 4112 
1430 1303 8103 16383 1281 1275 1391 1239 1012 1327 4112 4111 4111 4111 4111 4112 
1366 1298 8089 16383 1274 1271 1386 1237 995 1328 4112 4111 4111 4111 4111 4112 
1350 1295 8090 16383 1281 1275 1389 1239 946 1326 4112 4111 4111 4111 4111 4112 
1364 1298 8099 16383 1273 1275 1389 1237 963 1326 4111 4110 4110 4110 4110 4111 
1363 1285 8099 16383 1279 1275 1397 1239 965 1327 4112 4111 4111 4111 4111 4112 
1367 1295 8102 16383 1281 1273 1395 1237 974 1326 4112 4111 4111 4111 4111 4112 
1387 1308 8070 16383 1293 1275 1405 1238 959 1327 4112 4111 4111 4111 4111 4112 
1374 1293 8069 16383 1273 1274 1386 1239 968 1327 4111 4110 4110 4110 4110 4111 
1364 1285 8081 16383 1278 1275 1387 1239 1006 1328 4111 4110 4110 4110 4110 4111 
1395 1297 8058 16383 1279 1271 1391 1239 1013 1327 4112 4111 4111 4111 4111 4112 
1357 1309 8055 16383 1268 1274 1381 1237 1041 1327 4112 4111 4111 4111 4111 4112 
1365 1307 8079 16383 1285 1274 1391 1239 977 1326 4111 4110 4110 4110 4110 4111 
1369 1279 8052 16383 1279 1275 1389 1241 982 1326 4112 4111 4111 4111 4111 4112 
1371 1299 8040 16383 1283 1273 1390 1236 956 1327 4112 4111 4111 4111 4111 4112 
1369 1285 8057 16383 1277 1275 1387 1237 973 1327 4112 4111 4111 4111 4111 4112 
1381 1315 8063 16383 1295 1275 1407 1239 956 1327 4111 4110 4110 4110 4110 4111 
1379 1293 8047 16383 1276 1275 1391 1239 982 1326 4112 4111 4111 4111 4111 4112 
1366 1301 8031 16383 1279 1273 1391 1239 961 1327 4111 4110 4110 4110 4110 4111 
1390 1273 8027 16383 1277 1277 1387 1241 934 1327 4111 4110 4110 4110 4110 4111 
1367 1295 8023 16383 1277 1274 1391 1238 964 1327 4111 4110 4110 4110 4110 4111 
1360 1303 8037 16383 1277 1275 1387 1238 947 1327 4111 4110 4110 4110 4110 4111 
1385 1298 8025 16383 1283 1274 1395 1239 973 1326 4112 4111 4111 4111 4111 4112 
1378 1331 8015 16383 1271 1273 1387 1238 963 1327 4111 4110 4110 4110 4110 4111 
1362 1263 8031 16383 1277 1274 1387 1239 882 1326 4111 4110 4110 4110 4110 4111 
1361 1295 8033 16383 1285 1275 1391 1237 978 1326 4111 4110 4110 4110 4110 4111 
1372 1308 8005 16383 1269 1275 1387 1238 969 1327 4111 4110 4110 4110 4110 4111 
1356 1347 8018 16383 1281 1274 1390 1238 925 1326 4111 4110 4110 4110 4110 4111 
1445 1298 8008 16383 1280 1275 1391 1241 1025 1327 4111 4110 4110 4110 4110 4111 
1371 1294 8009 16383 1279 1274 1391 1239 988 1327 4111 4110 4110 4110 4110 4111 
1359 1302 8013 16383 1279 1273 1387 1238 956 1327 4111 4110 4110 4110 4110 4111 
1387 1301 8019 16383 1284 1274 1397 1239 993 1328 4112 4111 4111 4111 4111 4112 
1371 1306 8025 16383 1271 1273 1385 1238 985 1326 4111 4110 4110 4110 4110 4111 
1365 1330 8007 16383 1281 1273 1389 1239 944 1326 4111 4110 4110 4110 4110 4111 
1407 1287 8002 16383 1278 1274 1386 1239 1014 1326 4111 4110 4110 4110 4110 4111 
1370 1293 8006 16383 1275 1274 1391 1238 988 1327 4111 4110 4110 4110 4110 4111 
1375 1297 8009 16383 1283 1275 1393 1239 994 1328 4111 4110 4110 4110 4110 4111 
1409 1275 7994 16383 1276 1275 1387 1241 952 1326 4112 4111 4111 4111 4111 4112 
1380 1255 7981 16383 1273 1275 1390 1239 966 1327 4111 4110 4110 4110 4110 4111 
1379 1252 7987 16383 1278 1273 1391 1238 969 1326 4111 4110 4110 4110 4110 4111 
1342 1295 7966 16383 1282 1274 1394 1239 1016 1326 4111 4110 4110 4110 4110 4111 
1414 1298 7969 16383 1289 1273 1391 1239 1004 1328 4111 4110 4110 4110 4110 4111 
1347 1310 7964 16383 1273 1274 1387 1238 1034 1327 4110 4109 4109 4109 4109 4110 
1370 1310 7966 16383 1280 1275 1394 1239 965 1327 4112 4110 4111 4111 4111 4112 
1363 1295 7977 16383 1281 1273 1387 1239 977 1326 4111 4110 4110 4110 4110 4111 
1397 1371 7971 16383 1277 1274 1390 1239 975 1326 4111 4110 4110 4110 4110 4111 
1366 1301 7975 16383 1275 1274 1391 1239 957 1326 4112 4111 4111 4111 4111 4112 
1389 1295 7979 16383 1286 1274 1391 1239 986 1327 4111 4110 4110 4110 4110 4111 
1385 1342 7964 16383 1286 1273 1397 1239 969 1327 4111 4110 4110 4110 4110 4111 
1382 1332 7946 16383 1276 1273 1391 1239 967 1327 4111 4110 4110 4110 4110 4111 
1371 1297 7961 16383 1281 1275 1391 1239 979 1326 4111 4110 4110 4110 4110 4111 
1367 1294 7947 16383 1275 1275 1394 1237 945 1326 4111 4110 4110 4110 4110 4111 
1364 1250 7963 16383 1275 1273 1389 1238 935 1326 4111 4110 4110 4110 4110 4111 
1375 1313 7958 16383 1275 1275 1388 1239 984 1326 4111 4110 4110 4110 4110 4111 
1365 1267 7945 16383 1273 1275 1387 1239 921 1327 4111 4110 4110 4110 4110 4111 
1422 1277 7937 16383 1269 1274 1383 1239 952 1326 4111 4110 4110 4110 4110 4111 
1367 1311 7945 16383 1284 1274 1389 1242 971 1326 4111 4110 4110 4110 4110 4111 
1362 1287 7923 16383 1275 1273 1387 1237 980 1326 4112 4111 4111 4111 4111 4112 
1380 1309 7943 16383 1281 1274 1391 1239 977 1326 4111 4110 4110 4110 4110 4111 
1345 1357 7931 16383 1275 1273 1390 1239 1026 1327 4111 4110 4110 4110 4110 4111 
1378 1297 7927 16383 1287 1274 1394 1237 982 1326 4112 4111 4111 4111 4111 4112 
1355 1291 7922 16383 1279 1273 1389 1237 966 1327 4110 4109 4109 4109 4109 4110 
1369 1299 7912 16383 1283 1277 1395 1242 966 1326 4110 4109 4109 4109 4109 4110 
1378 1310 7911 16383 1285 1275 1391 1239 978 1326 4111 4110 4110 4110 4110 4111 
1373 1303 7922 16383 1277 1273 1390 1239 966 1327 4110 4109 4109 4109 4109 4110 
1373 1303 7915 16383 1281 1273 1391 1237 987 1327 4111 4110 4110 4110 4110 4111 
1391 1333 7902 16383 1278 1274 1391 1238 981 1326 4111 4110 4110 4110 4110 4111 
1377 1349 7921 16383 1271 1275 1387 1240 973 1326 4111 4110 4110 4110 4110 4111 
1374 1274 12590 16383 1343 1251 1455 1230 1236 1299 1623 4110 4110 4110 4110 4111 
1373 1362 7915 16383 1285 1276 1394 1239 971 1326 4111 4110 4110 4110 4110 4111 
1321 1237 7909 16383 1277 1273 1389 1239 1235 1303 1618 4110 4110 4110 4110 4111 
1363 1292 7897 16383 1278 1275 1391 1241 958 1326 4112 4111 4111 4111 4111 4112 
1370 1294 7891 16383 1285 1275 1391 1239 983 1326 4111 4110 4110 4110 4110 4111 
1350 1317 7900 16383 1271 1275 1387 1239 946 1326 4110 4109 4109 4109 4109 4110 
1389 1319 7887 16383 1282 1275 1397 1239 970 1326 4111 4110 4110 4110 4110 4111 
1421 1285 7895 16383 1276 1276 1388 1241 1029 1328 4111 4110 4110 4110 4110 4111 
1370 1315 7905 16383 1273 1273 1387 1239 979 1326 4111 4110 4110 4110 4110 4111 
1369 1309 7882 16383 1277 1274 1393 1239 962 1327 4111 4110 4110 4110 4110 4111 
1351 1330 7887 16383 1283 1273 1391 1238 1027 1327 4110 4109 4109 4109 4109 4110 
1365 1297 7883 16383 1286 1275 1389 1239 980 1326 4111 4110 4110 4110 4110 4111 
1385 1299 7898 16383 1289 1275 1394 1239 984 1327 4111 4110 4110 4110 4110 4111 
1363 1300 7889 16383 1279 1273 1389 1238 956 1327 4111 4110 4110 4110 4110 4111 
1393 1258 7887 16383 1278 1277 1391 1239 963 1327 4111 4110 4110 4110 4110 4111 
1363 1431 7875 16383 1279 1275 1385 1237 972 1326 4111 4110 4110 4110 4110 4111 
1382 1317 7887 16383 1283 1275 1391 1238 977 1326 4111 4110 4110 4110 4110 4111 
1373 1314 7870 16383 1279 1275 1390 1237 975 1326 4111 4110 4110 4110 4110 4111 
1367 1311 7870 16383 1283 1274 1391 1239 948 1326 4111 4110 4110 4110 4110 4111 
1367 1268 7882 16383 1274 1274 1387 1239 898 1327 4111 4110 4110 4110 4110 4111 
1361 1292 7867 16383 1275 1273 1387 1237 961 1327 4111 4110 4110 4110 4110 4111 
1402 1302 7861 16383 1273 1274 1389 1237 1004 1328 4111 4110 4110 4110 4110 4111 
1365 1301 7847 16383 1281 1273 1389 1238 935 1326 4111 4110 4110 4110 4110 4111 
1405 1293 7869 16383 1289 1274 1403 1237 1000 1329 4111 4110 4110 4110 4110 4111 
1379 1329 7870 16383 1274 1275 1390 1241 976 1326 4111 4110 4110 4110 4110 4111 
1355 1295 7875 16383 1273 1275 1387 1239 989 1328 4111 4110 4110 4110 4110 4111 
1470 1295 7860 16383 1285 1275 1391 1237 1015 1327 4111 4110 4110 4110 4110 4111 
1447 1306 7870 16383 1270 1274 1382 1238 1012 1327 4110 4109 4109 4109 4109 4110 
1406 1285 7849 16383 1276 1274 1391 1239 1017 1327 4112 4111 4111 4111 4111 4112 
1371 1303 7865 16383 1271 1275 1390 1239 958 1327 4111 4110 4110 4110 4110 4111 
1377 1303 7844 16383 1279 1275 1393 1241 961 1327 4111 4110 4110 4110 4110 4111 
1402 1293 7867 16383 1275 1274 1391 1239 1014 1326 4111 4110 4110 4110 4110 4111 
1371 1309 7862 16383 1278 1275 1395 1238 981 1326 4111 4110 4110 4110 4110 4111 
1377 1265 7839 16383 1277 1276 1393 1241 934 1326 4111 4110 4110 4110 4110 4111 
1409 1306 7853 16383 1268 1275 1381 1239 1003 1328 4111 4110 4110 4110 4110 4111 
1355 1284 7859 16383 1277 1274 1391 1238 977 1326 4111 4110 4110 4110 4110 4111 
1369 1291 7843 16383 1283 1273 1394 1238 966 1327 4110 4109 4109 4109 4109 4110 
1353 1303 7845 16383 1283 1276 1389 1241 946 1326 4111 4110 4110 4110 4110 4111 
1362 1299 7839 16383 1280 1273 1389 1238 957 1326 4111 4110 4110 4110 4110 4111 
1347 1293 7832 16383 1281 1273 1386 1237 960 1327 4111 4110 4110 4110 4110 4111 
1333 1343 7837 16383 1270 1275 1385 1241 982 1326 4110 4109 4109 4109 4109 4110 
1383 1294 7839 16383 1291 1274 1390 1239 983 1327 4110 4109 4109 4109 4109 4110 
1378 1294 7838 16383 1285 1274 1391 1239 971 1327 4111 4110 4110 4110 4110 4111 
1417 1306 7823 16383 1286 1275 1391 1239 1004 1328 4111 4110 4110 4110 4110 4111 
1366 1333 7847 16383 1282 1274 1391 1239 920 1327 4111 4110 4110 4110 4110 4111 
1365 1303 7843 16383 1277 1274 1395 1239 919 1327 4112 4111 4111 4111 4111 4112 
1367 1344 7838 16383 1282 1275 1393 1239 924 1327 4111 4110 4110 4110 4110 4111 
1366 1307 7818 16383 1282 1275 1390 1238 1049 1327 4110 4109 4109 4109 4109 4110 
1367 1314 7812 16383 1281 1273 1391 1239 977 1326 4111 4110 4110 4110 4110 4111 
1371 1313 7814 16383 1276 1275 1391 1239 977 1327 4111 4110 4110 4110 4110 4111 
1395 1278 7839 16383 1277 1275 1393 1238 1029 1328 4111 4110 4110 4110 4110 4111 
1365 1322 7826 16383 1281 1273 1390 1239 965 1327 4111 4110 4110 4110 4110 4111 
1366 1303 7831 16383 1277 1275 1389 1238 959 1327 4112 4111 4111 4111 4111 4112 
1397 1293 7808 16383 1277 1273 1389 1238 1008 1327 4111 4110 4110 4110 4110 4111 
1371 1289 7811 16383 1274 1274 1389 1239 975 1326 4111 4110 4110 4110 4110 4111 
1401 1289 7821 16383 1278 1274 1388 1240 1010 1327 4111 4110 4110 4110 4110 4111 
1378 1255 7809 16383 1279 1277 1391 1239 949 1326 4111 4110 4110 4110 4110 4111 
1369 1291 7802 16383 1280 1275 1391 1237 964 1327 4111 4110 4110 4110 4110 4111 
1373 1361 7817 16383 1282 1274 1391 1239 961 1327 4111 4110 4110 4110 4110 4111 
1380 1281 7823 16383 1285 1273 1387 1239 997 1328 4111 4110 4110 4110 4110 4111 
1373 1310 7823 16383 1280 1274 1391 1237 960 1327 4111 4110 4110 4110 4110 4111 
1369 1313 7827 16383 1272 1276 1391 1239 981 1326 4111 4110 4110 4110 4110 4111 
1367 1293 7798 16383 1275 1273 1385 1237 935 1326 4110 4109 4109 4109 4109 4110 
1372 1298 7825 16383 1273 1274 1386 1239 965 1327 4110 4109 4109 4109 4109 4110 
1369 1310 7823 16383 1284 1277 1391 1239 969 1326 4111 4110 4110 4110 4110 4111 
1350 1319 7821 16383 1273 1275 1385 1238 956 1327 4111 4110 4110 4110 4110 4111 
1369 1289 7799 16383 1275 1271 1391 1235 963 1327 4110 4109 4109 4109 4109 4110 
1367 1291 7811 16383 1281 1275 1387 1238 981 1326 4111 4110 4110 4110 4110 4111 
1415 1259 7813 16383 1278 1274 1389 1235 970 1326 4111 4110 4110 4110 4110 4111 
1419 1299 7785 16383 1281 1276 1391 1239 1011 1327 4111 4110 4110 4110 4110 4111 
1361 1300 7805 16383 1277 1274 1391 1239 964 1327 4111 4110 4110 4110 4110 4111 
1374 1283 7778 16383 1282 1277 1395 1239 990 1328 4111 4110 4110 4110 4110 4111 
1357 1298 7795 16383 1287 1273 1394 1238 970 1327 4110 4109 4109 4109 4109 4110 
1435 1292 7786 16383 1283 1273 1386 1237 1018 1327 4111 4110 4110 4110 4110 4111 
1377 1299 7783 16383 1278 1275 1391 1239 978 1326 4111 4110 4110 4110 4110 4111 
1357 1275 7783 16383 1274 1275 1383 1239 982 1327 4111 4110 4110 4110 4110 4111 
1353 1335 7787 16383 1283 1274 1387 1239 930 1327 4112 4111 4111 4111 4111 4112 
1375 1299 7806 16383 1279 1275 1390 1239 980 1327 4111 4110 4110 4110 4110 4111 
1379 1299 7786 16383 1274 1274 1393 1238 980 1326 4111 4110 4110 4110 4110 4111 
1367 1315 7809 16383 1277 1274 1391 1238 976 1327 4111 4110 4110 4110 4110 4111 
1365 1302 7799 16383 1278 1275 1395 1238 967 1327 4112 4111 4111 4111 4111 4112 
1368 1299 7798 16383 1271 1273 1385 1237 1000 1329 4111 4110 4110 4110 4110 4111 
1378 1282 7799 16383 1273 1274 1389 1239 993 1329 4111 4110 4110 4110 4110 4111 
1357 1291 7781 16383 1273 1275 1386 1239 944 1327 4111 4110 4110 4110 4110 4111 
1363 1309 7774 16383 1285 1274 1391 1238 957 1327 4111 4110 4110 4110 4110 4111 
1374 1255 7766 16383 1277 1275 1391 1239 932 1327 4111 4110 4110 4110 4110 4111 
1407 1254 7767 16383 1291 1275 1393 1239 992 1327 4111 4110 4110 4110 4110 4111 
1379 1294 7764 16383 1282 1277 1393 1239 977 1326 4111 4110 4110 4110 4110 4111 
1389 1397 7750 16383 1277 1275 1390 1239 973 1327 4111 4110 4110 4110 4110 4111 
1363 1326 7750 16383 1278 1274 1389 1239 932 1327 4111 4110 4110 4110 4110 4111 
1373 1299 7747 16383 1281 1275 1389 1238 963 1327 4111 4110 4110 4110 4110 4111 
1367 1291 7735 16383 1283 1275 1395 1237 959 1327 4110 4109 4109 4109 4109 4110 
1377 1307 7753 16383 1279 1276 1397 1240 965 1327 4111 4110 4110 4110 4110 4111 
1434 1311 7738 16383 1285 1275 1390 1239 1011 1326 4111 4110 4110 4110 4110 4111 
1369 1307 7731 16383 1277 1275 1391 1238 962 1327 4111 4110 4110 4110 4110 4111 
1383 1297 7762 16383 1283 1275 1391 1241 991 1328 4111 4110 4110 4110 4110 4111 
1367 1303 7763 16383 1281 1271 1389 1239 971 1327 4111 4110 4110 4110 4110 4111 
1369 1311 7764 16383 1281 1273 1393 1239 955 1327 4111 4110 4110 4110 4110 4111 
1367 1259 7745 16383 1273 1278 1390 1239 951 1327 4111 4110 4110 4110 4110 4111 
1378 1348 7742 16383 1281 1276 1394 1239 947 1327 4111 4110 4110 4110 4110 4111 
1372 1311 7759 16383 1275 1274 1389 1237 964 1328 4110 4109 4109 4109 4109 4110 
1370 1299 7739 16383 1281 1275 1389 1239 958 1327 4111 4110 4110 4110 4110 4111 
1355 1295 7756 16383 1276 1274 1391 1238 1064 1328 4111 4110 4110 4110 4110 4111 
1365 1326 7753 16383 1279 1275 1391 1239 934 1327 4111 4110 4110 4110 4110 4111 
1351 1324 7751 16383 1273 1274 1383 1239 935 1327 4111 4110 4110 4110 4110 4111 
1399 1294 7729 16383 1287 1271 1399 1239 988 1328 4111 4110 4110 4110 4110 4111 
1361 1286 7721 16383 1283 1277 1387 1239 989 1328 4111 4110 4110 4110 4110 4111 
1347 1292 7733 16383 1279 1273 1386 1237 960 1327 4111 4110 4110 4110 4110 4111 
1381 1295 7723 16383 1281 1274 1391 1237 975 1327 4111 4110 4110 4110 4110 4111 
1361 1335 7727 16383 1278 1273 1391 1239 890 1327 4111 4110 4110 4110 4110 4111 
1355 1319 7717 16383 1279 1273 1391 1239 922 1328 4111 4110 4110 4110 4110 4111 
1375 1324 7713 16383 1278 1271 1391 1238 972 1327 4111 4110 4110 4110 4110 4111 
1381 1297 7722 16383 1282 1274 1391 1238 988 1328 4111 4110 4110 4110 4110 4111 
1380 1263 7717 16383 1281 1274 1391 1238 944 1327 4111 4110 4110 4110 4110 4111 
1359 1250 7720 16383 1274 1277 1387 1242 948 1328 4111 4110 4110 4110 4110 4111 
1366 1341 7742 16383 1275 1275 1390 1241 947 1327 4111 4110 4110 4110 4110 4111 
1378 1295 7738 16383 1285 1273 1398 1239 965 1328 4112 4111 4111 4111 4111 4112 
1399 1305 7729 16383 1289 1273 1391 1239 999 1330 4111 4110 4110 4110 4110 4111 
1361 1285 7715 16383 1274 1273 1383 1239 988 1327 4110 4109 4109 4109 4109 4110 
1376 1305 7714 16383 1278 1271 1391 1236 953 1328 4111 4110 4110 4110 4110 4111 
1377 1303 7740 16383 1282 1275 1391 1239 968 1327 4111 4110 4110 4110 4110 4111 
1374 1298 7731 16383 1275 1275 1389 1239 944 1327 4111 4110 4110 4110 4110 4111 
1366 1300 7733 16383 1279 1275 1394 1239 958 1328 4111 4110 4110 4110 4110 4111 
1438 1315 7732 16383 1311 1275 1390 1239 1008 1328 1469 4110 4110 4110 4110 4111 
1367 1298 7719 16383 1278 1274 1387 1237 977 1327 4111 4110 4110 4110 4110 4111 
1398 1327 7731 16383 1283 1275 1399 1241 985 1328 4111 4110 4110 4110 4110 4111 
1344 1300 7708 16383 1277 1275 1391 1239 1017 1328 4111 4110 4110 4110 4110 4111 
1530 1270 7718 16383 1286 1275 1389 1237 975 1327 4111 4110 4110 4110 4110 4111 
1386 1295 7703 16383 1277 1273 1385 1238 1013 1327 4111 4110 4110 4110 4110 4111 
1375 1337 7708 16383 1283 1275 1387 1239 960 1327 4111 4110 4110 4110 4110 4111 
1398 1318 7707 16383 1273 1272 1387 1238 999 1329 4111 4110 4110 4110 4110 4111 
1349 1293 7709 16383 1271 1275 1386 1237 941 1327 4111 4110 4110 4110 4110 4111 
1419 1315 7699 16383 1282 1274 1391 1239 1007 1328 4111 4110 4110 4110 4110 4111 
1401 1391 7715 16383 1287 1275 1396 1239 990 1328 4111 4110 4110 4110 4110 4111 
1371 1317 7719 16383 1277 1277 1393 1241 981 1327 4111 4110 4110 4110 4110 4111 
1421 1292 7707 16383 1277 1275 1391 1238 1027 1327 4111 4110 4110 4110 4110 4111 
1371 1331 7707 16383 1271 1275 1389 1241 920 1328 4110 4109 4109 4109 4109 4110 
1366 1303 7694 16383 1275 1274 1389 1237 954 1328 4111 4110 4110 4110 4110 4111 
1366 1301 7699 16383 1279 1277 1394 1242 1058 1328 4110 4109 4109 4109 4109 4110 
1359 1307 7691 16383 1281 1274 1391 1239 945 1327 4111 4110 4110 4110 4110 4111 
1333 1281 7678 16383 1277 1274 1393 1239 1064 1329 4111 4110 4110 4110 4110 4111 
1373 1303 7678 16383 1286 1275 1390 1237 971 1327 4111 4110 4110 4110 4110 4111 
1363 1310 7685 16383 1277 1273 1389 1237 956 1328 4111 4110 4110 4110 4110 4111 
1369 1311 7687 16383 1278 1275 1395 1239 966 1327 4111 4110 4110 4110 4110 4111 
1358 1300 7673 16383 1355 1277 1386 1238 960 1328 1384 4110 4110 4110 4110 4111 
1399 1313 7678 16383 1275 1275 1386 1239 983 1328 4111 4110 4110 4110 4110 4111 
1368 1318 7687 16383 1279 1275 1394 1239 952 1328 4111 4110 4110 4110 4110 4111 
1375 1330 7676 16383 1281 1274 1390 1238 971 1328 4111 4110 4110 4110 4110 4111 
1373 1309 7691 16383 1275 1275 1389 1242 972 1328 4111 4110 4110 4110 4110 4111 
1363 1291 7687 16383 1280 1277 1386 1243 966 1328 4111 4110 4110 4110 4110 4111 
1381 1309 7686 16383 1271 1274 1382 1237 1006 1329 4111 4110 4110 4110 4110 4111 
1357 1312 7683 16383 1276 1275 1389 1239 1030 1328 4110 4109 4110 4110 4110 4111 
1361 1297 7667 16383 1283 1273 1390 1238 975 1327 4111 4110 4110 4110 4110 4111 
1397 1291 7667 16383 1283 1274 1395 1239 1005 1329 4111 4110 4110 4110 4110 4111 
1377 1299 7671 16383 1282 1275 1391 1239 983 1327 4111 4110 4110 4110 4110 4111 
1430 1303 7665 16383 1281 1274 1394 1240 1004 1329 4111 4110 4110 4110 4110 4111 
1365 1299 7665 16383 1277 1274 1390 1239 935 1328 4111 4110 4110 4110 4110 4111 
1372 1303 7658 16383 1271 1275 1385 1239 973 1328 4111 4110 4110 4110 4110 4111 
1369 1289 7642 16383 1279 1275 1391 1239 989 1328 4111 4110 4110 4110 4110 4111 
1366 1290 7649 16383 1275 1275 1387 1238 983 1327 4111 4110 4110 4110 4110 4111 
1373 1315 7641 16383 1277 1275 1391 1239 979 1327 4111 4110 4110 4110 4110 4111 
1368 1294 7643 16383 1275 1275 1395 1239 959 1328 4111 4110 4110 4110 4110 4111 
1371 1292 7647 16383 1277 1275 1390 1239 964 1328 4111 4110 4110 4110 4110 4111 
1362 1301 7637 16383 1275 1271 1391 1237 956 1328 4111 4110 4110 4110 4110 4111 
1349 1299 7659 16383 1273 1273 1381 1239 961 1328 4111 4110 4110 4110 4110 4111 
1357 1307 7658 16383 1278 1274 1390 1237 1059 1328 4111 4110 4110 4110 4110 4111 
1439 1254 7639 16383 1277 1275 1390 1239 986 1328 4112 4111 4111 4111 4111 4112 
1367 1310 7633 16383 1275 1273 1387 1239 927 1328 4111 4110 4110 4110 4110 4111 
1385 1326 7633 16383 1281 1275 1394 1241 994 1329 4111 4110 4110 4110 4110 4111 
1405 1286 7626 16383 1276 1276 1393 1239 1019 1328 4111 4110 4110 4110 4110 4111 
1397 1308 7631 16383 1279 1275 1393 1237 997 1330 4112 4111 4111 4111 4111 4112 
1376 1291 7646 16383 1286 1275 1394 1240 1000 1330 4111 4110 4110 4110 4110 4111 
1385 1359 7639 16383 1282 1273 1394 1238 969 1328 4111 4110 4110 4110 4110 4111 
1355 1309 7647 16383 1287 1275 1395 1239 952 1327 4111 4110 4110 4110 4110 4111 
1377 1297 7625 16383 1279 1275 1387 1237 1000 1330 4111 4110 4110 4110 4110 4111 
1351 1309 7650 16383 1295 1277 1394 1239 898 1329 4111 4110 4110 4110 4110 4111 
1357 1301 7652 16383 1279 1274 1391 1239 928 1327 4111 4110 4110 4110 4110 4111 
1358 1307 7644 16383 1278 1275 1391 1239 958 1328 4111 4110 4110 4110 4110 4111 
1363 1302 7630 16383 1278 1275 1389 1239 955 1328 4111 4110 4110 4110 4110 4111 
1417 1299 7649 16383 1277 1273 1391 1239 1019 1328 4110 4109 4109 4109 4109 4110 
1354 1287 7649 16383 1271 1275 1386 1239 966 1328 4111 4110 4110 4110 4110 4111 
1378 1283 7646 16383 1279 1276 1389 1241 1005 1330 4111 4110 4110 4110 4110 4111 
1355 1298 7631 16383 1274 1274 1385 1238 956 1328 4111 4110 4110 4110 4110 4111 
1377 1289 7621 16383 1274 1274 1386 1237 982 1328 4111 4110 4110 4110 4110 4111 
1393 1313 7639 16383 1277 1275 1395 1237 990 1329 4111 4110 4110 4110 4110 4111 
1419 1291 7631 16383 1280 1275 1389 1238 1029 1329 4111 4110 4110 4110 4110 4111 
1379 1315 7652 16383 1271 1275 1385 1239 997 1329 4111 4110 4110 4110 4110 4111 
1364 1285 7634 16383 1277 1271 1387 1235 969 1327 4111 4110 4110 4110 4110 4111 
1367 1293 7635 16383 1279 1275 1391 1239 976 1327 4111 4110 4110 4110 4110 4111 
1377 1297 7647 16383 1278 1273 1387 1237 972 1327 4111 4110 4110 4110 4110 4111 
1461 1302 7630 16383 1283 1273 1391 1237 1025 1328 4110 4109 4109 4109 4109 4110 
1366 1291 7629 16383 1278 1273 1387 1237 952 1328 4112 4111 4111 4111 4111 4112 
1371 1294 7635 16383 1291 1277 1391 1241 970 1328 4111 4110 4110 4110 4110 4111 
1362 1309 7636 16383 1279 1277 1389 1242 951 1328 4111 4110 4110 4110 4110 4111 
1365 1263 7623 16383 1271 1273 1385 1239 932 1327 4110 4109 4109 4109 4109 4110 
1396 1267 7646 16383 1273 1274 1386 1237 948 1328 4111 4110 4110 4110 4110 4111 
1429 1268 7629 16383 1279 1275 1391 1238 1060 1328 4111 4110 4110 4110 4110 4111 
1373 1313 7615 16383 1283 1277 1389 1239 974 1327 4112 4111 4111 4111 4111 4112 
1399 1311 7623 16383 1273 1274 1389 1237 988 1328 4111 4110 4110 4110 4110 4111 
1359 1303 7639 16383 1281 1274 1389 1238 937 1327 4111 4110 4110 4110 4110 4111 
1387 1305 7643 16383 1275 1274 1389 1239 988 1328 4111 4110 4110 4110 4110 4111 
1355 1295 7639 16383 1275 1274 1385 1239 963 1328 4111 4110 4110 4110 4110 4111 
1385 1306 7619 16383 1291 1274 1399 1239 980 1327 4111 4110 4110 4110 4110 4111 
1375 1299 7618 16383 1278 1275 1389 1237 969 1328 4111 4110 4110 4110 4110 4111 
1423 1300 7621 16383 1293 1275 1403 1241 1016 1328 4111 4110 4110 4110 4110 4111 
1363 1307 7627 16383 1278 1276 1391 1239 957 1328 4111 4110 4110 4110 4110 4111 
1367 1295 7627 16383 1278 1276 1391 1239 959 1328 4111 4110 4110 4110 4110 4111 
1367 1295 7618 16383 1283 1275 1394 1239 987 1328 4111 4110 4110 4110 4110 4111 
1377 1297 7616 16383 1281 1275 1391 1239 970 1328 4111 4110 4110 4110 4110 4111 
1369 1300 7641 16383 1274 1273 1389 1239 961 1329 4111 4110 4110 4110 4110 4111 
1378 1295 7634 16383 1271 1275 1381 1239 971 1327 4111 4110 4110 4110 4110 4111 
1396 1307 7616 16383 1281 1277 1391 1239 992 1329 4111 4110 4110 4110 4110 4111 
1387 1293 7634 16383 1277 1275 1391 1241 998 1330 4111 4110 4110 4110 4110 4111 
1359 1295 7621 16383 1271 1274 1383 1239 937 1328 4111 4110 4110 4110 4110 4111 
1361 1327 7631 16383 1274 1274 1389 1241 896 1329 4111 4110 4110 4110 4110 4111 
1366 1354 7633 16383 1271 1275 1385 1238 972 1327 4111 4110 4110 4110 4110 4111 
1363 1306 7619 16383 1291 1275 1391 1239 948 1328 4111 4110 4110 4110 4110 4111 
1351 1349 7635 16383 1275 1274 1389 1239 1019 1328 4111 4110 4110 4110 4110 4111 
1357 1294 7622 16383 1271 1274 1383 1237 976 1327 4111 4110 4110 4110 4110 4111 
1371 1303 7633 16383 1279 1275 1389 1239 963 1328 4111 4110 4110 4110 4110 4111 
1367 1291 7631 16383 1285 1274 1390 1238 962 1329 4111 4110 4110 4110 4110 4111 
1379 1289 7626 16383 1281 1274 1394 1239 983 1328 4111 4110 4110 4110 4110 4111 
1364 1299 7629 16383 1275 1277 1389 1239 956 1328 4111 4110 4110 4110 4110 4111 
1370 1299 7627 16383 1281 1277 1393 1239 989 1328 4111 4110 4110 4110 4110 4111 
1376 1312 7623 16383 1283 1275 1393 1239 967 1328 4111 4110 4110 4110 4110 4111 
1365 1287 7609 16383 1277 1273 1385 1237 959 1328 4111 4110 4110 4110 4110 4111 
1359 1291 7602 16383 1275 1274 1386 1237 967 1328 4111 4110 4110 4110 4110 4111 
1374 1347 7594 16383 1277 1275 1387 1239 964 1328 4111 4110 4110 4110 4110 4111 
1373 1306 7610 16383 1275 1273 1388 1239 976 1328 4111 4110 4110 4110 4110 4111 
1381 1298 7615 16383 1279 1275 1391 1238 993 1329 4111 4110 4110 4110 4110 4111 
1370 1303 7613 16383 1277 1274 1391 1238 954 1328 4112 4111 4111 4111 4111 4112 
1347 1295 7616 16383 1277 1275 1387 1237 894 1328 4111 4110 4110 4110 4110 4111 
1361 1330 7615 16383 1280 1273 1395 1239 967 1328 4111 4110 4110 4110 4110 4111 
1365 1325 7600 16383 1286 1274 1391 1239 945 1328 4111 4110 4110 4110 4110 4111 
1360 1302 7607 16383 1277 1274 1391 1239 957 1328 4111 4110 4110 4110 4110 4111 
1367 1301 7619 16383 1278 1275 1390 1239 977 1327 4111 4110 4110 4110 4110 4111 
1369 1295 7609 16383 1280 1276 1394 1239 952 1328 4111 4110 4110 4110 4110 4111 
1371 1299 7617 16383 1283 1274 1393 1240 978 1328 4111 4110 4110 4110 4110 4111 
1408 1319 7609 16383 1281 1275 1402 1241 989 1328 4111 4110 4110 4110 4110 4111 
1369 1283 7602 16383 1275 1272 1391 1238 987 1328 4111 4110 4110 4110 4110 4111 
1369 1349 7621 16383 1273 1274 1387 1239 952 1328 4111 4110 4110 4110 4110 4111 
1357 1297 7623 16383 1275 1273 1387 1239 967 1328 4111 4110 4110 4110 4110 4111 
1370 1313 7615 16383 1279 1274 1387 1239 956 1328 4111 4110 4110 4110 4110 4111 
1370 1325 7613 16383 1287 1275 1391 1239 956 1328 4111 4110 4110 4110 4110 4111 
1357 1291 7597 16383 1277 1275 1385 1239 964 1329 4111 4110 4110 4110 4110 4111 
1357 1306 7625 16383 1277 1275 1391 1237 878 1328 4111 4110 4110 4110 4110 4111 
1373 1292 7613 16383 1278 1274 1391 1239 974 1328 4111 4110 4110 4110 4110 4111 
1374 1299 7605 16383 1273 1275 1385 1239 982 1328 4111 4110 4110 4110 4110 4111 
1410 1287 7589 16383 1279 1273 1391 1235 1008 1330 4111 4110 4110 4110 4110 4111 
1347 1299 7590 16383 1275 1274 1383 1238 947 1329 4111 4110 4110 4110 4110 4111 
1357 1263 11587 16383 1346 1253 1447 1229 1210 1321 3615 4110 4110 4110 4110 4111 
1380 1354 7607 16383 1277 1274 1413 1239 990 1329 4111 4110 4110 4110 4110 4111 
1371 1305 7591 16383 1283 1274 1394 1239 955 1328 4110 4109 4109 4109 4109 4110 
1374 1331 7594 16383 1280 1273 1387 1237 971 1328 4111 4110 4110 4110 4110 4111 
1337 1309 7609 16383 1278 1276 1393 1239 1016 1328 4111 4110 4110 4110 4110 4111 
1370 1273 7613 16383 1279 1274 1391 1237 937 1328 4111 4110 4110 4110 4110 4111 
1369 1253 7610 16383 1274 1275 1391 1239 956 1328 4111 4110 4110 4110 4110 4111 
1393 1292 7602 16383 1274 1271 1386 1239 1005 1330 4111 4110 4110 4110 4110 4111 
1409 1295 7614 16383 1283 1275 1397 1239 1007 1330 4111 4110 4110 4110 4110 4111 
1375 1293 7620 16383 1286 1275 1393 1238 988 1328 4111 4110 4110 4110 4110 4111 
1379 1297 7612 16383 1285 1273 1391 1239 973 1328 4111 4110 4110 4110 4110 4111 
1369 1301 7605 16383 1279 1276 1388 1239 972 1329 4111 4110 4110 4110 4110 4111 
1363 1303 7607 16383 1279 1275 1391 1239 960 1329 4111 4110 4110 4110 4110 4111 
1362 1261 7613 16383 1278 1275 1391 1238 903 1329 4111 4110 4110 4110 4110 4111 
1361 1346 7613 16383 1280 1277 1391 1241 941 1328 4111 4110 4110 4110 4110 4111 
1371 1319 7607 16383 1271 1276 1386 1242 976 1328 4111 4110 4110 4110 4110 4111 
1419 1303 7587 16383 1275 1275 1391 1239 1013 1329 4111 4110 4110 4110 4110 4111 
1381 1303 7599 16383 1283 1275 1397 1239 1007 1330 4111 4110 4110 4110 4110 4111 
1367 1295 7592 16383 1281 1274 1391 1239 968 1328 4111 4110 4110 4110 4110 4111 
1383 1317 7578 16383 1279 1275 1393 1239 986 1329 4111 4110 4110 4110 4110 4111 
1353 1317 7563 16383 1269 1275 1385 1240 954 1328 4111 4110 4110 4110 4110 4111 
1339 1316 7581 16383 1271 1275 1387 1239 1038 1330 4111 4110 4110 4110 4110 4111 
1365 1301 7575 16383 1279 1275 1391 1239 938 1328 4111 4110 4110 4110 4110 4111 
1378 1281 7581 16383 1284 1273 1395 1238 975 1328 4111 4110 4110 4110 4110 4111 
1375 1295 7583 16383 1283 1275 1399 1239 966 1328 4111 4110 4110 4110 4110 4111 
1364 1292 7575 16383 1281 1275 1389 1238 963 1329 4111 4110 4110 4110 4110 4111 
1398 1295 7577 16383 1279 1273 1389 1239 1006 1330 4111 4110 4110 4110 4110 4111 
1404 1291 7588 16383 1277 1275 1391 1238 1007 1330 4111 4110 4110 4110 4110 4111 
1387 1276 7580 16383 1287 1273 1396 1239 1003 1331 4111 4110 4110 4110 4110 4111 
1388 1286 7588 16383 1274 1273 1389 1239 1001 1330 4111 4110 4110 4110 4110 4111 
1386 1334 7595 16383 1275 1275 1390 1239 972 1328 4111 4110 4110 4110 4110 4111 
1360 1315 7575 16383 1280 1274 1385 1238 957 1329 4111 4110 4110 4110 4110 4111 
1357 1306 7598 16383 1281 1275 1387 1241 939 1328 4111 4110 4110 4110 4110 4111 
1367 1319 7586 16383 1277 1274 1389 1241 948 1328 4111 4110 4110 4110 4110 4111 
1368 1291 7571 16383 1274 1275 1387 1239 990 1330 4111 4110 4110 4110 4110 4111 
1380 1303 7571 16383 1290 1275 1398 1239 957 1329 4111 4110 4110 4110 4110 4111 
1377 1294 7577 16383 1281 1277 1387 1239 991 1330 4111 4110 4110 4110 4110 4111 
1383 1295 7587 16383 1279 1275 1391 1238 1005 1330 4111 4110 4110 4110 4110 4111 
1398 1301 7587 16383 1281 1275 1391 1239 1003 1331 4111 4110 4110 4110 4110 4111 
1367 1299 7589 16383 1282 1275 1391 1236 959 1329 4111 4110 4110 4110 4110 4111 
1417 1356 7571 16383 1275 1276 1391 1239 984 1328 4111 4110 4110 4110 4110 4111 
1380 1309 7564 16383 1279 1277 1391 1239 971 1328 4111 4110 4110 4110 4110 4111 
1373 1298 7583 16383 1283 1277 1391 1241 987 1329 4111 4110 4110 4110 4110 4111 
1359 1293 7579 16383 1280 1274 1393 1237 941 1328 4111 4110 4110 4110 4110 4111 
1348 1290 7567 16383 1271 1274 1391 1239 967 1329 4111 4110 4110 4110 4110 4111 
1383 1307 7578 16383 1280 1275 1399 1237 983 1328 4111 4110 4110 4110 4110 4111 
1383 1298 7558 16383 1291 1273 1407 1238 957 1329 4111 4110 4110 4110 4110 4111 
1367 1311 7555 16383 1280 1274 1387 1239 964 1329 4111 4110 4110 4110 4110 4111 
1371 1341 7559 16383 1274 1274 1391 1238 967 1329 4111 4110 4110 4110 4110 4111 
1380 1300 7555 16383 1280 1275 1394 1241 1002 1331 4111 4110 4110 4110 4110 4111 
1366 1309 7569 16383 1282 1275 1393 1238 883 1329 4111 4110 4110 4110 4110 4111 
1367 1293 7569 16383 1289 1277 1399 1239 964 1329 4111 4110 4110 4110 4110 4111 
1373 1295 7554 16383 1286 1275 1391 1239 986 1329 4111 4110 4110 4110 4110 4111 
1363 1325 7566 16383 1276 1274 1387 1237 944 1329 4111 4110 4110 4110 4110 4111 
1363 1286 7571 16383 1283 1277 1389 1239 987 1329 4111 4110 4110 4110 4110 4111 
1363 1290 7557 16383 1281 1275 1391 1238 937 1329 4111 4110 4110 4110 4110 4111 
1406 1293 7551 16383 1279 1271 1389 1237 1006 1331 4111 4110 4110 4110 4110 4111 
1387 1303 7563 16383 1281 1275 1393 1238 998 1331 4111 4110 4110 4110 4110 4111 
1335 1286 7553 16383 1286 1277 1391 1239 1044 1330 4111 4110 4110 4110 4110 4111 
1400 1295 7547 16383 1282 1275 1391 1238 1007 1330 4111 4110 4110 4110 4110 4111 
1353 1301 7550 16383 1273 1275 1386 1239 962 1329 4111 4110 4110 4110 4110 4111 
1371 1281 7559 16383 1282 1277 1389 1239 962 1329 4111 4110 4110 4110 4110 4111 
1361 1316 7584 16383 1281 1274 1391 1239 944 1329 4111 4110 4110 4110 4110 4111 
1367 1295 7582 16383 1277 1274 1388 1239 979 1328 4111 4110 4110 4110 4110 4111 
1355 1319 7556 16383 1275 1275 1387 1239 937 1328 4111 4110 4110 4110 4110 4111 
1391 1303 7552 16383 1287 1275 1402 1238 985 1329 4110 4109 4109 4109 4109 4110 
1365 1261 7567 16383 1278 1275 1393 1238 918 1329 4111 4110 4110 4110 4110 4111 
1362 1293 7575 16383 1283 1273 1395 1238 936 1328 4111 4110 4110 4110 4110 4111 
1379 1299 7570 16383 1287 1277 1390 1239 992 1330 4111 4110 4110 4110 4110 4111 
1377 1300 7575 16383 1285 1275 1396 1239 978 1328 4111 4110 4110 4110 4110 4111 
1366 1285 7567 16383 1285 1275 1391 1239 965 1329 4111 4110 4110 4110 4110 4111 
1359 1322 7554 16383 1279 1271 1394 1237 953 1329 4111 4110 4110 4110 4110 4111 
1349 1301 7563 16383 1281 1275 1391 1238 1052 1329 4111 4110 4110 4110 4110 4111 
1363 1298 7549 16383 1283 1274 1388 1238 958 1329 4111 4110 4110 4110 4110 4111 
1386 1293 7547 16383 1281 1275 1395 1238 995 1330 4111 4110 4110 4110 4110 4111 
1366 1319 7547 16383 1281 1275 1395 1239 915 1329 4111 4110 4110 4110 4110 4111 
1421 1325 7543 16383 1279 1274 1387 1238 1002 1331 4111 4110 4110 4110 4110 4111 
1373 1298 7555 16383 1281 1275 1391 1239 979 1328 4110 4110 4110 4110 4110 4111 
1369 1312 7552 16383 1278 1277 1390 1239 962 1329 4111 4110 4110 4110 4110 4111 
1359 1298 7556 16383 1277 1274 1391 1237 935 1329 4111 4110 4110 4110 4110 4111 
1362 1295 7565 16383 1277 1275 1389 1238 980 1328 4111 4110 4110 4110 4110 4111 
1387 1283 7565 16383 1289 1275 1407 1239 960 1329 4111 4110 4110 4110 4110 4111 
1366 1371 7566 16383 1280 1277 1389 1239 933 1329 4111 4110 4110 4110 4110 4111 
1367 1293 7550 16383 1287 1275 1394 1237 982 1328 4111 4110 4110 4110 4110 4111 
1381 1302 7551 16383 1276 1277 1389 1239 987 1329 4111 4110 4110 4110 4110 4111 
1373 1295 7566 16383 1283 1275 1394 1239 961 1329 4111 4110 4110 4110 4110 4111 
1373 1310 7571 16383 1275 1274 1395 1239 949 1329 4111 4110 4110 4110 4110 4111 
1391 1307 7555 16383 1276 1275 1391 1239 991 1330 4111 4110 4110 4110 4110 4111 
1367 1286 7571 16383 1275 1275 1389 1239 1097 1330 4111 4110 4110 4110 4110 4111 
1362 1295 7579 16383 1278 1275 1393 1239 965 1329 4111 4110 4110 4110 4110 4111 
1378 1283 7547 16383 1283 1277 1391 1241 992 1330 4111 4110 4110 4110 4110 4111 
1354 1258 7545 16383 1283 1273 1396 1235 1017 1329 4111 4110 4110 4110 4110 4111 
1372 1298 7559 16383 1285 1275 1396 1239 983 1328 4111 4110 4110 4110 4110 4111 
1353 1303 7562 16383 1285 1277 1391 1239 1038 1330 4111 4110 4110 4110 4110 4111 
1419 1294 7542 16383 1282 1275 1389 1239 1008 1331 4111 4110 4110 4110 4110 4111 
1373 1312 7535 16383 1283 1275 1391 1239 972 1328 4111 4110 4110 4110 4110 4111 
1359 1286 7542 16383 1276 1274 1389 1241 929 1329 4111 4110 4110 4110 4110 4111 
1401 1293 7562 16383 1281 1275 1393 1239 1007 1330 4111 4110 4110 4110 4110 4111 
1386 1301 7560 16383 1289 1275 1397 1238 1004 1331 4111 4110 4110 4110 4110 4111 
1365 1300 7547 16383 1285 1274 1394 1238 972 1328 4111 4110 4110 4110 4110 4111 
1387 1329 7555 16383 1283 1275 1391 1237 987 1329 4111 4110 4110 4110 4110 4111 
1367 1293 7575 16383 1273 1275 1387 1239 988 1329 4111 4110 4110 4110 4110 4111 
1381 1294 7559 16383 1290 1274 1403 1239 947 1329 4111 4110 4110 4110 4110 4111 
1389 1309 7557 16383 1281 1275 1395 1239 973 1329 4110 4109 4109 4109 4109 4110 
1411 1290 7563 16383 1281 1275 1391 1239 1021 1329 4111 4110 4110 4110 4110 4111 
1383 1291 7573 16383 1287 1275 1393 1237 1012 1330 4111 4110 4110 4110 4110 4111 
1375 1339 7574 16383 1294 1273 1391 1237 969 1329 4111 4110 4110 4110 4110 4111 
1367 1302 7571 16383 1275 1275 1389 1241 973 1329 4111 4110 4110 4110 4110 4111 
1391 1301 7555 16383 1293 1275 1398 1239 986 1329 4111 4110 4110 4110 4110 4111 
1365 1286 7573 16383 1275 1275 1389 1239 895 1330 4111 4110 4110 4110 4110 4111 
1369 1287 7563 16383 1283 1275 1393 1239 978 1329 4111 4110 4110 4110 4110 4111 
1377 1309 7547 16383 1286 1274 1393 1239 985 1329 4111 4110 4110 4110 4110 4111 
1372 1299 7555 16383 1280 1273 1389 1238 976 1329 4111 4110 4110 4110 4110 4111 
1351 1307 7549 16383 1281 1275 1387 1238 964 1330 4110 4109 4109 4109 4109 4110 
1353 1327 7555 16383 1283 1275 1386 1240 923 1329 4111 4110 4110 4110 4110 4111 
1372 1301 7557 16383 1283 1275 1395 1239 968 1329 4111 4110 4110 4110 4110 4111 
1366 1293 7557 16383 1287 1276 1396 1243 961 1329 4110 4109 4109 4109 4109 4110 
1391 1323 7552 16383 1283 1273 1393 1238 973 1329 4111 4110 4110 4110 4110 4111 
1367 1303 7535 16383 1275 1274 1390 1239 956 1329 4111 4110 4110 4110 4110 4111 
1353 1284 7555 16383 1278 1275 1389 1238 974 1329 4111 4110 4110 4110 4110 4111 
1376 1286 7531 16383 1286 1275 1391 1238 984 1329 4111 4110 4110 4110 4110 4111 
1384 1318 7531 16383 1277 1274 1390 1239 984 1329 4111 4110 4110 4110 4110 4111 
1351 1308 7524 16383 1275 1276 1388 1239 930 1329 4111 4110 4110 4110 4110 4111 
1355 1301 7529 16383 1279 1275 1393 1239 1060 1329 4111 4110 4110 4110 4110 4111 
1366 1302 7517 16383 1283 1277 1393 1241 975 1329 4111 4110 4110 4110 4110 4111 
1360 1295 7523 16383 1290 1275 1391 1239 964 1329 4111 4110 4110 4110 4110 4111 
1362 1310 7537 16383 1275 1275 1387 1239 948 1329 4112 4111 4111 4111 4111 4112 
1371 1301 7529 16383 1281 1275 1394 1238 966 1330 4111 4110 4110 4110 4110 4111 
1387 1287 7514 16383 1284 1275 1393 1239 1011 1330 4111 4110 4110 4110 4110 4111 
1362 1302 7522 16383 1280 1274 1388 1237 952 1329 4111 4110 4110 4110 4110 4111 
1375 1299 7520 16383 1278 1277 1389 1239 987 1329 4111 4110 4110 4110 4110 4111 
1363 1291 7535 16383 1270 1275 1383 1239 978 1329 4111 4110 4110 4110 4110 4111 
1374 1283 7533 16383 1274 1275 1388 1238 1009 1330 4111 4110 4110 4110 4110 4111 
1373 1294 7531 16383 1279 1275 1387 1238 984 1329 4111 4110 4110 4110 4110 4111 
1376 1287 7547 16383 1279 1274 1390 1239 995 1331 4112 4111 4111 4111 4111 4112 
1385 1301 7545 16383 1287 1275 1399 1239 992 1330 4111 4110 4110 4110 4110 4111 
1375 1311 7535 16383 1278 1276 1391 1241 980 1328 4112 4111 4111 4111 4111 4112 
1408 1283 7531 16383 1281 1276 1394 1242 1007 1331 4111 4110 4110 4110 4110 4111 
1330 1277 7529 16383 1335 1271 1357 1235 1199 1328 4111 4110 4110 4110 4110 4111 
1367 1292 7531 16383 1273 1273 1391 1238 964 1329 4110 4110 4110 4110 4110 4111 
1374 1311 7549 16383 1281 1275 1391 1238 974 1329 4111 4110 4110 4110 4110 4111 
