1281 1435 1260 16383 1385 1403 1311 1116 1035 1333 4117 4116 4116 4116 4116 4117 
1279 1436 1472 16383 1384 1404 1311 1118 1002 1334 1254 1325 4115 4115 4115 4116 
1282 1464 1523 16383 1384 1405 1312 1118 978 1331 1179 1308 4116 4116 4116 4117 
1282 1468 1473 16383 1384 1405 1313 1116 952 1331 1239 1294 4116 4116 4116 4117 
1282 1475 1263 16383 1386 1405 1313 1118 972 1332 4117 4116 4116 4116 4116 4117 
1281 1460 1402 16383 1385 1405 1313 1117 969 1329 1234 1291 4116 4116 4116 4117 
1282 1461 1587 16383 1386 1406 1313 1117 944 1331 1216 4116 4116 4116 4116 4117 
1281 1458 1270 16383 1387 1404 1313 1115 943 1331 4117 4116 4116 4116 4116 4117 
1280 1471 1474 16383 1385 1406 1312 1117 991 1332 1249 1313 4116 4116 4116 4117 
1279 1455 1273 16383 1386 1404 1313 1117 970 1332 4117 1308 4116 4116 4116 4117 
1279 1505 1354 16383 1384 1405 1312 1117 1010 1332 1281 1341 4116 4116 4116 4117 
1282 1475 1253 16383 1386 1404 1313 1118 975 1331 4117 4116 4116 4116 4116 4117 
1279 1451 1358 16383 1385 1406 1312 1116 910 1332 1994 1248 4116 4116 4116 4117 
1281 1476 1496 16383 1386 1405 1312 1118 972 1331 1237 1326 4115 4115 4115 4116 
1280 1464 1344 16383 1386 1407 1312 1117 937 1331 1208 1264 4115 4115 4115 4116 
1279 1462 1876 16383 1385 1405 1310 1116 972 1332 2549 1327 4116 4116 4116 4117 
1280 1465 1276 16383 1384 1404 1310 1116 979 1329 4117 1334 4116 4116 4116 4117 
1277 1458 1341 16383 1380 1399 1303 1107 1187 1344 2177 4116 4116 4116 4116 4117 
1283 1473 1357 16383 1386 1406 1313 1118 936 1332 1256 4115 4115 4115 4115 4116 
1282 1477 1288 16383 1387 1407 1313 1118 984 1331 1253 4116 4116 4116 4116 4117 
1281 1462 1822 16383 1385 1406 1313 1116 971 1332 1208 4116 4116 4116 4116 4117 
1281 1509 1324 16383 1385 1405 1312 1117 1022 1332 1279 1366 4115 4115 4115 4116 
1280 1469 1371 16383 1385 1405 1312 1117 981 1331 1277 4117 4117 4117 4117 4118 
1281 1462 1380 16383 1385 1405 1312 1116 964 1332 1231 4116 4116 4116 4116 4117 
1282 1471 1451 16383 1385 1405 1311 1116 989 1332 1253 1327 4116 4116 4116 4117 
1281 1466 1263 16383 1386 1405 1312 1116 985 1331 4117 1304 4116 4116 4116 4117 
1281 1478 1340 16383 1384 1406 1312 1118 1004 1333 1246 1373 4116 4116 4116 4117 
1282 1463 1494 16383 1386 1407 1314 1119 940 1331 1202 4116 4116 4116 4116 4117 
1282 1453 1391 16383 1385 1405 1311 1116 952 1331 1213 4116 4116 4116 4116 4117 
1281 1461 1265 16383 1385 1406 1312 1118 969 1331 4117 4116 4116 4116 4116 4117 
1282 1505 1651 16383 1384 1404 1312 1116 1003 1333 2003 1336 4116 4116 4116 4117 
1283 1463 1380 16383 1387 1406 1313 1119 979 1331 1241 1302 4115 4115 4115 4116 
1282 1466 1431 16383 1385 1404 1313 1116 979 1331 1234 1298 4116 4116 4116 4117 
1281 1460 1254 16383 1387 1407 1313 1118 918 1332 4117 4116 4116 4116 4116 4117 
1280 1472 1281 16383 1382 1404 1311 1116 954 1330 1268 4116 4116 4116 4116 4117 
1282 1452 1338 16383 1387 1407 1313 1116 977 1329 1246 1294 4116 4116 4116 4117 
1280 1466 1338 16383 1386 1407 1312 1119 973 1332 2086 1289 4116 4116 4116 4117 
1282 1464 1989 16383 1385 1406 1312 1116 963 1332 1877 1303 4116 4116 4116 4117 
1282 1455 1266 16383 1386 1405 1313 1118 943 1331 4117 4116 4116 4116 4116 4117 
1283 1445 1499 16383 1386 1404 1313 1118 1052 1331 1303 1413 4115 4115 4115 4116 
1282 1453 1463 16383 1386 1405 1313 1117 958 1331 1229 1288 4116 4116 4116 4117 
1283 1511 1298 16383 1387 1406 1315 1118 1064 1331 1304 1331 4116 4116 4116 4117 
1281 1443 1349 16383 1384 1404 1312 1116 942 1331 1212 1301 4116 4116 4116 4117 
1280 1450 1558 16383 1385 1404 1311 1117 943 1330 1206 4116 4116 4116 4116 4117 
1282 1448 1374 16383 1385 1404 1311 1117 947 1331 1236 4117 4117 4117 4117 4118 
1280 1467 1280 16383 1384 1403 1311 1114 978 1332 4118 4117 4117 4117 4117 4118 
1282 1463 1316 16383 1386 1405 1314 1118 913 1332 1251 4117 4117 4117 4117 4118 
1282 1451 1466 16383 1386 1405 1314 1117 1042 1332 1306 1420 4117 4117 4117 4118 
1283 1519 1276 16383 1388 1408 1314 1119 1030 1332 4118 1338 4117 4117 4117 4118 
1282 1465 1391 16383 1386 1406 1313 1118 955 1331 1226 4117 4117 4117 4117 4118 
1281 1452 1410 16383 1386 1405 1312 1116 896 1332 1990 4117 4117 4117 4117 4118 
1280 1502 1263 16383 1386 1406 1313 1117 1014 1332 4118 4117 4117 4117 4117 4118 
1281 1463 1276 16383 1384 1404 1312 1117 978 1331 4118 4117 4117 4117 4117 4118 
1280 1458 1336 16383 1384 1404 1312 1116 952 1330 1243 1287 4117 4117 4117 4118 
1281 1474 1473 16383 1385 1405 1312 1116 978 1330 2115 4117 4117 4117 4117 4118 
1281 1470 1322 16383 1386 1406 1311 1119 958 1331 1246 4117 4117 4117 4117 4118 
1282 1482 1541 16383 1385 1406 1311 1117 952 1331 1231 4117 4117 4117 4117 4118 
1280 1456 1295 16383 1385 1404 1312 1116 883 1331 1217 4117 4117 4117 4117 4118 
1281 1492 1263 16383 1386 1405 1312 1118 916 1332 4118 4117 4117 4117 4117 4118 
1281 1454 1284 16383 1386 1405 1312 1117 990 1332 4118 4117 4117 4117 4117 4118 
1280 1460 1393 16383 1387 1406 1314 1118 967 1331 1216 4117 4117 4117 4117 4118 
1282 1476 1439 16383 1389 1407 1313 1119 994 1332 1233 1315 4117 4117 4117 4118 
1281 1454 1268 16383 1385 1405 1312 1117 943 1331 4118 1265 4117 4117 4117 4118 
1282 1449 1362 16383 1385 1405 1311 1116 974 1331 1230 1326 4117 4117 4117 4118 
1280 1447 1705 16383 1386 1405 1312 1118 940 1331 1220 4116 4116 4116 4116 4117 
1280 1523 1554 16383 1386 1406 1312 1118 1018 1332 1259 1358 4117 4117 4117 4118 
1280 1454 1614 16383 1385 1404 1311 1117 986 1330 1239 1327 4116 4116 4116 4117 
1281 1460 1266 16383 1385 1406 1312 1116 955 1331 4118 4117 4117 4117 4117 4118 
1281 1453 1275 16383 1386 1406 1312 1117 942 1329 0 4117 4117 4117 4117 4118 
1280 1444 1703 16383 1386 1405 1312 1118 962 1332 1519 4117 4117 4117 4117 4118 
1280 1476 1406 16383 1386 1405 1312 1117 990 1332 1247 1364 4117 4117 4117 4118 
1283 1458 1402 16383 1387 1406 1313 1117 961 1330 1212 1313 4117 4117 4117 4118 
1280 1443 1260 16383 1384 1403 1311 1117 1066 1330 4117 4116 4116 4116 4116 4117 
1281 1478 1264 16383 1386 1405 1312 1118 1036 1333 4117 4116 4116 4116 4116 4117 
1281 1519 1266 16383 1384 1406 1313 1118 989 1332 4118 4117 4117 4117 4117 4118 
1280 1487 1291 16383 1385 1406 1310 1117 984 1331 1972 4116 4116 4116 4116 4117 
1281 1479 1323 16383 1386 1406 1312 1117 984 1332 1285 4116 4116 4116 4116 4117 
1282 1454 1262 16383 1387 1407 1313 1120 938 1332 4118 4117 4117 4117 4117 4118 
1282 1454 1580 16383 1386 1406 1313 1119 939 1331 1183 4116 4116 4116 4116 4117 
1281 1460 1631 16383 1385 1404 1312 1117 979 1331 1215 4117 4117 4117 4117 4118 
1281 1465 1263 16383 1386 1405 1312 1115 952 1332 4117 4116 4116 4116 4116 4117 
1283 1598 1327 16383 1389 1408 1314 1119 1018 1331 1328 1359 4116 4116 4116 4117 
1282 1465 1265 16383 1386 1407 1314 1119 984 1331 3305 4116 4116 4116 4116 4117 
1281 1463 1412 16383 1385 1405 1313 1117 946 1330 1236 1284 4117 4117 4117 4118 
1282 1474 1425 16383 1386 1406 1313 1118 989 1332 2027 4116 4116 4116 4116 4117 
1281 1474 1472 16383 1384 1404 1312 1117 916 1333 1168 1247 4117 4117 4117 4118 
1280 1333 1230 4635 1382 1404 1312 1115 1237 0 4118 4117 4117 4117 4117 4118 
1280 1466 1358 16383 1384 1404 1312 1117 961 1332 1212 1303 4117 4117 4117 4118 
1283 1466 1268 16383 1388 1408 1314 1120 937 1330 4117 4116 4116 4116 4116 4117 
1284 1458 1487 16383 1387 1407 1313 1118 974 1331 1235 1293 4116 4116 4116 4117 
1282 1455 1436 16383 1385 1407 1313 1117 966 1332 1224 1291 4116 4116 4116 4117 
1284 1479 1480 16383 1388 1407 1312 1118 1046 1333 1251 4116 4116 4116 4116 4117 
1282 1466 1490 16383 1388 1408 1314 1119 974 1332 1152 1350 4117 4117 4117 4118 
1282 1449 1452 16383 1388 1407 1315 1118 947 1331 1211 4116 4116 4116 4116 4117 
1282 1503 1594 16383 1386 1407 1314 1118 1001 1334 1246 1333 4116 4116 4116 4117 
1281 1461 1258 16383 1385 1405 1312 1118 994 1331 4117 4116 4116 4116 4116 4117 
1281 1466 1340 16383 1386 1404 1312 1116 972 1330 1309 1326 4116 4116 4116 4117 
1279 1452 1645 16383 1385 1405 1313 1116 976 1331 1215 1310 4116 4116 4116 4117 
1281 1479 1272 16383 1386 1408 1313 1117 918 1332 4116 4116 4116 4116 4116 4117 
1283 1453 1440 16383 1387 1409 1314 1119 938 1332 1214 1303 4116 4116 4116 4117 
1282 1513 1375 16383 1386 1405 1314 1116 1007 1334 1276 4117 4117 4117 4117 4118 
1282 1468 1304 16383 1386 1406 1312 1118 975 1330 1260 1318 4116 4116 4116 4117 
1283 1403 15638 8935 1384 1408 1314 1119 1238 1258 0 3443 4117 4117 4117 4118 
1283 1463 1542 16383 1386 1406 1314 1117 938 1332 1844 4117 4117 4117 4117 4118 
1281 1466 1570 16383 1386 1405 1312 1118 985 1331 1211 1326 4117 4117 4117 4118 
1280 1475 1493 16383 1386 1405 1312 1117 968 1332 1213 1298 4116 4116 4116 4117 
1282 1479 1523 16383 1386 1404 1312 1117 978 1331 1230 1325 4117 4117 4117 4118 
1282 1465 1354 16383 1388 1408 1312 1118 966 1330 1244 1312 4116 4116 4116 4117 
1280 1445 1413 16383 1385 1406 1312 1117 1028 1333 1266 4117 4117 4117 4117 4118 
1280 1472 1479 16383 1386 1406 1312 1117 955 1330 1212 1259 4117 4117 4117 4118 
1282 1441 1374 16383 1387 1405 1314 1119 990 1332 1259 1348 4116 4116 4116 4117 
1280 1467 1279 16383 1387 1406 1313 1118 934 1332 4117 4116 4116 4116 4116 4117 
1282 1454 1258 16383 1389 1406 1313 1118 971 1331 4117 4116 4116 4116 4116 4117 
1284 1459 1666 16383 1389 1408 1315 1120 984 1330 1873 4116 4116 4116 4116 4117 
1281 1450 1353 16383 1385 1405 1313 1118 969 1332 1215 1296 4116 4116 4116 4117 
1283 1461 1267 16383 1389 1408 1314 1119 968 1332 4117 4116 4116 4116 4116 4117 
1280 1457 1409 16383 1386 1405 1312 1118 958 1332 1229 4116 4116 4116 4116 4117 
1282 1474 1382 16383 1386 1405 1312 1118 969 1332 1244 4115 4115 4115 4115 4116 
1283 1455 1267 16383 1386 1406 1314 1118 1103 1333 4117 4116 4116 4116 4116 4117 
1285 1481 1266 16383 1389 1408 1314 1119 924 1333 4117 4116 4116 4116 4116 4117 
1280 1484 1517 16383 1383 1403 1310 1118 1016 1333 1255 1375 4117 4117 4117 4118 
1280 1484 1373 16383 1387 1406 1313 1118 990 1333 1247 1356 4116 4116 4116 4117 
1282 1452 1468 16383 1386 1405 1312 1119 919 1333 1931 1252 4116 4116 4116 4117 
1282 1460 1263 16383 1386 1404 1312 1117 982 1332 4117 4116 4116 4116 4116 4117 
1281 1508 1263 16383 1386 1406 1312 1118 964 1332 3221 4116 4116 4116 4116 4117 
1282 1493 1412 16383 1386 1407 1312 1118 1000 1334 1273 4116 4116 4116 4116 4117 
1282 1460 1372 16383 1387 1406 1314 1119 940 1330 1216 4116 4116 4116 4116 4117 
1283 1539 1273 16383 1388 1406 1314 1119 959 1332 4117 4116 4116 4116 4116 4117 
1282 1460 1314 16383 1386 1406 1313 1118 922 1331 1238 4116 4116 4116 4116 4117 
1283 1455 1306 16383 1387 1407 1314 1119 929 1332 1244 1258 4117 4117 4117 4118 
1283 1463 1499 16383 1385 1406 1313 1118 906 1332 1246 4117 4117 4117 4117 4118 
1281 1506 1561 16383 1387 1406 1314 1118 1006 1334 1269 0 4116 4116 4116 4117 
1281 1444 1558 16383 1384 1404 1313 1118 970 1332 1208 1279 4117 4117 4117 4118 
1281 1466 1613 16383 1386 1405 1312 1118 958 1331 2097 1262 4117 4117 4117 4118 
1281 1464 1370 16383 1385 1405 1313 1117 965 1332 1260 1315 4116 4116 4116 4117 
1281 1471 1478 16383 1386 1408 1313 1116 976 1330 1225 4116 4116 4116 4116 4117 
1283 1468 1442 16383 1387 1407 1313 1119 966 1332 1220 1324 4116 4116 4116 4117 
1282 1454 1520 16383 1386 1406 1313 1118 943 1332 1191 1284 4116 4116 4116 4117 
1282 1458 1655 16383 1387 1406 1314 1119 970 1333 4117 1345 4116 4116 4116 4117 
1282 1449 1362 16383 1386 1406 1315 1118 948 1331 1238 4115 4115 4115 4115 4116 
1279 1446 1597 16383 1384 1405 1312 1116 959 1330 1220 4116 4116 4116 4116 4117 
1281 1454 1502 16383 1386 1407 1314 1118 934 1333 1188 1292 4116 4116 4116 4117 
1283 1461 1266 16383 1385 1407 1314 1118 966 1332 4118 4117 4117 4117 4117 4118 
1282 1469 1716 16383 1385 1405 1313 1117 1010 1333 1235 1315 4117 4117 4117 4118 
1282 1468 1266 16383 1386 1406 1314 1119 971 1332 4118 4117 4117 4117 4117 4118 
1282 1463 1090 16367 1385 1406 1315 1120 1002 1331 1258 0 4116 4116 4116 4117 
1282 1458 1265 16383 1386 1406 1314 1116 884 1331 4118 4117 4117 4117 4117 4118 
1281 1519 1262 16383 1387 1406 1314 1118 1008 1333 4117 4117 4117 4117 4117 4118 
1280 1470 1388 16383 1386 1406 1312 1118 963 1333 1257 1304 4117 4117 4117 4118 
1282 1456 1412 16383 1386 1406 1313 1118 943 1332 1238 1288 4116 4116 4116 4117 
1281 1449 1284 16383 1386 1406 1314 1117 957 1331 2112 4116 4116 4116 4116 4117 
1282 1461 1351 16383 1386 1405 1313 1117 914 1332 1170 1247 4116 4116 4116 4117 
1281 1454 1536 16383 1386 1404 1315 1117 968 1332 1225 1308 4116 4116 4116 4117 
1282 1461 1575 16383 1386 1406 1314 1117 965 1330 1214 1301 4116 4116 4116 4117 
1280 1459 1378 16383 1385 1405 1312 1117 944 1332 1213 1290 4116 4116 4116 4117 
1280 1462 1537 16383 1385 1405 1314 1118 969 1330 1232 1317 4116 4116 4116 4117 
1281 1462 1382 16383 1386 1406 1313 1118 959 1328 1203 4116 4116 4116 4116 4117 
1282 1502 1413 16383 1387 1407 1314 1118 996 1328 1282 1335 4116 4116 4116 4117 
1282 1460 1498 16383 1389 1406 1313 1118 946 1326 1221 1324 4116 4116 4116 4117 
1282 1502 1462 16383 1386 1405 1315 1118 1014 1326 1302 1342 4116 4116 4116 4117 
1281 1453 1517 16383 1388 1408 1314 1119 958 1327 1210 4116 4116 4116 4116 4117 
1282 1472 1330 16383 1386 1406 1315 1119 991 1328 1268 4116 4116 4116 4116 4117 
1282 1466 1265 16383 1388 1406 1315 1120 968 1329 4118 4117 4117 4117 4117 4118 
1282 1468 1427 16383 1387 1406 1314 1118 958 1328 1276 1323 4117 4117 4117 4118 
1282 1457 1348 16383 1386 1408 1314 1119 933 1329 1278 1258 4116 4116 4116 4117 
1280 1451 1435 16383 1386 1406 1313 1115 921 1326 0 4116 4116 4116 4116 4117 
1281 1461 1679 16383 1386 1406 1314 1118 954 1328 1180 4116 4116 4116 4116 4117 
1282 1467 1448 16383 1387 1407 1315 1118 968 1328 1234 1308 4116 4116 4116 4117 
1282 1465 1268 16383 1386 1407 1314 1117 973 1329 4117 4116 4116 4116 4116 4117 
1282 1505 1302 16383 1386 1407 1315 1118 952 1329 1283 4116 4116 4116 4116 4117 
1281 1479 1717 16383 1386 1405 1313 1117 996 1331 1246 1344 4115 4115 4115 4116 
1283 1480 1307 16383 1389 1409 1314 1118 962 1330 1260 1259 4116 4116 4116 4117 
1282 1462 1541 16383 1385 1407 1315 1117 961 1331 1197 4116 4116 4116 4116 4117 
1281 1453 1446 16383 1385 1406 1313 1117 936 1331 1211 1255 4116 4116 4116 4117 
1282 1466 1260 16383 1386 1407 1314 1118 939 1332 4117 4116 4116 4116 4116 4117 
1282 1476 1263 16383 1386 1406 1311 1116 985 1330 4116 4116 4116 4116 4116 4117 
1281 1461 1498 16383 1384 1407 1314 1116 1025 1330 1246 4117 4117 4117 4117 4118 
1281 1522 1320 16383 1385 1406 1314 1116 1010 1333 1256 1354 4117 4117 4117 4118 
1280 1470 1284 16383 1384 1406 1313 1117 975 1330 1282 1319 4117 4117 4117 4118 
1281 1451 1490 16383 1386 1406 1314 1116 996 1332 1231 1337 4117 4117 4117 4118 
1282 1455 1265 16383 1386 1407 1314 1117 860 1330 4117 4116 4116 4116 4116 4117 
1280 1467 1308 16383 1386 1404 1313 1117 973 1331 1262 1296 4117 4117 4117 4118 
1281 1463 1261 16383 1386 1407 1314 1117 968 1332 4118 4117 4117 4117 4117 4118 
1280 1450 1263 16383 1386 1404 1312 1116 929 1331 4117 4116 4116 4116 4116 4117 
1280 1481 1670 16383 1385 1406 1313 1116 989 1332 1589 1372 4117 4117 4117 4118 
1279 1486 1263 16383 1385 1404 1312 1116 975 1331 4117 4116 4116 4116 4116 4117 
1282 1451 1450 16383 1385 1407 1314 1116 1051 1332 1245 1393 4117 4117 4117 4118 
1282 1458 1332 16383 1388 1407 1315 1118 935 1330 1228 1300 4117 4117 4117 4118 
1283 1442 1288 16383 1386 1408 1314 1119 940 1331 1233 1264 4116 4116 4116 4117 
1281 1496 1268 16383 1385 1406 1315 1118 985 1331 4117 4116 4116 4116 4116 4117 
1282 1465 1534 16383 1389 1408 1316 1119 970 1332 1243 1283 4116 4116 4116 4117 
1281 1456 1389 16383 1385 1406 1313 1116 965 1331 1259 1322 4116 4116 4116 4117 
1280 1478 1516 16383 1385 1406 1312 1117 972 1331 0 4116 4116 4116 4116 4117 
1283 1469 1575 16383 1387 1406 1315 1117 992 1331 1240 1305 4116 4116 4116 4117 
1281 1464 1717 16383 1386 1406 1315 1117 990 1331 1878 4115 4115 4115 4115 4116 
1282 1459 1460 16383 1386 1407 1313 1118 952 1331 1214 1307 4116 4116 4116 4117 
1282 1548 1464 16383 1387 1406 1314 1118 1015 1333 1275 1352 4116 4116 4116 4117 
1282 1464 1354 16383 1386 1408 1314 1117 941 1332 1208 1286 4117 4117 4117 4118 
1283 1467 1399 16383 1386 1406 1315 1118 950 1332 1213 4116 4116 4116 4116 4117 
1283 1471 1505 16383 1388 1407 1315 1118 974 1332 1224 1305 4117 4117 4117 4118 
1282 1462 1329 16383 1385 1406 1314 1117 972 1332 1331 4116 4116 4116 4116 4117 
1281 1453 1395 16383 1386 1406 1313 1117 959 1332 1208 1316 4116 4116 4116 4117 
1282 1462 1461 16383 1385 1407 1313 1118 984 1332 1238 4117 4117 4117 4117 4118 
1282 1463 1266 16383 1388 1406 1314 1117 952 1333 4117 4116 4116 4116 4116 4117 
1283 1466 1266 16383 1389 1409 1314 1119 974 1332 4117 4116 4116 4116 4116 4117 
1284 1483 1327 16383 1387 1408 1315 1118 1012 1333 1252 1326 4116 4116 4116 4117 
1284 1492 1322 16383 1388 1408 1315 1119 1000 1335 1290 4116 4116 4116 4116 4117 
1284 1478 1431 16383 1388 1408 1314 1117 987 1332 1258 4116 4116 4116 4116 4117 
1282 1478 1553 16383 1386 1406 1314 1118 972 1333 1232 1315 4115 4115 4115 4116 
1282 1468 1703 16383 1388 1407 1314 1119 967 1333 1216 1298 4115 4115 4115 4116 
1282 1468 1262 16383 1386 1406 1311 1116 969 1333 4117 4116 4116 4116 4116 4117 
1282 1472 1556 16383 1387 1406 1314 1117 934 1332 1242 4116 4116 4116 4116 4117 
1282 1449 1258 16383 1385 1407 1313 1117 976 1332 4116 4115 4115 4115 4115 4116 
1282 1524 1716 16383 1386 1407 1314 1117 994 1333 2573 1336 4116 4116 4116 4117 
1284 1459 1303 16383 1387 1409 1317 1120 961 1333 1301 1314 4116 4116 4116 4117 
1281 1443 1324 16383 1386 1407 1314 1117 943 1332 1195 1273 4117 4117 4117 4118 
1283 1485 1480 16383 1388 1408 1315 1118 993 1333 1609 4116 4116 4116 4116 4117 
1283 1476 1429 16383 1388 1408 1314 1119 881 1332 1143 4116 4116 4116 4116 4117 
1282 1472 1347 16383 1387 1407 1314 1117 981 1332 1247 4117 4117 4117 4117 4118 
1281 1463 1402 16383 1385 1405 1313 1117 974 1331 1244 1312 4116 4116 4116 4117 
1280 1457 1292 16383 1385 1404 1312 1117 972 1334 1257 4117 4117 4117 4117 4118 
1284 1455 1370 16383 1386 1408 1316 1119 971 1333 1289 4116 4116 4116 4116 4117 
1282 1459 1263 16383 1384 1406 1315 1118 926 1332 4117 4116 4116 4116 4116 4117 
1284 1482 1500 16383 1388 1408 1315 1120 991 1333 2932 1337 4115 4115 4115 4116 
1281 1460 1423 16383 1386 1406 1314 1118 932 1333 1192 1283 4117 4117 4117 4118 
1282 1474 1454 16383 1386 1405 1313 1118 988 1332 1241 4116 4116 4116 4116 4117 
1283 1468 1470 16383 1387 1408 1316 1118 943 1333 1220 1274 4117 4117 4117 4118 
1282 1493 1543 16383 1385 1407 1313 1117 981 1332 1243 1311 4116 4116 4116 4117 
1282 1476 1365 16383 1386 1407 1315 1118 976 1333 1239 1318 4117 4117 4117 4118 
1282 1490 1591 16383 1386 1408 1316 1118 996 1334 1253 1353 4116 4116 4116 4117 
1282 1458 1516 16383 1386 1408 1313 1117 923 1333 1886 4116 4116 4116 4116 4117 
1282 1470 1784 16383 1387 1407 1314 1117 956 1332 1224 1349 4117 4117 4117 4118 
1282 1460 1357 16383 1387 1405 1315 1117 963 1333 1236 4116 4116 4116 4116 4117 
1285 1464 1270 16383 1390 1410 1317 1119 892 1332 4117 4117 4117 4117 4117 4118 
1284 1464 1268 16383 1388 1408 1315 1119 976 1330 4117 4116 4116 4116 4116 4117 
1282 1455 1347 16383 1387 1406 1313 1117 952 1332 1293 1316 4115 4115 4115 4116 
1282 1479 1312 16383 1388 1409 1316 1117 971 1332 1261 1302 4117 4117 4117 4118 
1280 1473 1512 16383 1386 1405 1313 1117 992 1333 2026 1319 4116 4116 4116 4117 
1282 1444 1265 16383 1388 1407 1314 1120 1064 1333 4117 4116 4116 4116 4116 4117 
1284 1462 1377 16383 1388 1408 1316 1118 949 1333 1244 1281 4116 4116 4116 4117 
1284 1507 1371 16383 1389 1410 1316 1119 972 1334 1274 4116 4116 4116 4116 4117 
1281 1463 1263 16383 1385 1407 1314 1116 921 1334 4117 4116 4116 4116 4116 4117 
1280 1455 1434 16383 1386 1406 1314 1117 976 1333 1262 1286 4115 4115 4115 4116 
1284 1481 1410 16383 1386 1407 1314 1118 946 1333 2092 1277 4117 4117 4117 4118 
1281 1455 1292 16383 1386 1407 1312 1117 1053 1333 1364 4117 4117 4117 4117 4118 
1282 1463 1309 16383 1386 1407 1314 1117 991 1334 1264 4117 4117 4117 4117 4118 
1280 1471 1263 16383 1385 1405 1313 1116 960 1333 4118 4117 4117 4117 4117 4118 
1284 1468 1666 16383 1388 1408 1317 1119 961 1333 1745 4117 4117 4117 4117 4118 
1282 1472 1336 16383 1387 1407 1314 1118 914 1334 1300 4117 4117 4117 4117 4118 
1281 1461 1529 16383 1388 1408 1313 1118 965 1333 1216 1339 4116 4116 4116 4117 
1281 1486 1561 16383 1386 1407 1314 1116 962 1333 2066 1301 4116 4116 4116 4117 
1282 1460 1626 16383 1388 1408 1314 1118 964 1333 1215 1317 4116 4116 4116 4117 
1283 1454 1330 16383 1387 1406 1314 1118 1060 1333 1337 4117 4117 4117 4117 4118 
1283 1441 1393 16383 1388 1408 1315 1118 940 1334 1211 1277 4115 4115 4115 4116 
1282 1476 1261 16383 1385 1406 1313 1117 964 1333 4118 4117 4117 4117 4117 4118 
1283 1451 1599 16383 1388 1408 1315 1119 964 1334 1215 1303 4116 4116 4116 4117 
1281 1455 1367 16383 1386 1406 1313 1117 943 1333 1229 4115 4115 4115 4115 4116 
1281 1442 1447 16383 1388 1406 1314 1116 1033 1334 1299 1355 4116 4116 4116 4117 
1282 1470 1415 16383 1388 1407 1314 1118 944 1329 1226 4117 4117 4117 4117 4118 
1281 1460 1332 16383 1386 1406 1314 1117 951 1333 1285 1302 4116 4116 4116 4117 
1282 1461 1317 16383 1388 1406 1313 1118 953 1333 1884 1286 4115 4115 4115 4116 
1281 1480 3156 16383 1386 1406 1313 1116 961 1333 1853 1299 4117 4117 4117 4118 
1282 1488 1359 16383 1388 1407 1314 1116 970 1334 1271 1323 4116 4116 4116 4117 
1285 1463 1269 16383 1388 1408 1315 1118 935 1333 4117 4116 4116 4116 4116 4117 
1283 1454 1472 16383 1386 1407 1313 1117 978 1333 2072 1317 4115 4115 4115 4116 
1282 1457 1464 16383 1385 1406 1314 1116 956 1333 1213 1297 4116 4116 4116 4117 
1281 1515 1775 16383 1386 1407 1314 1118 1007 1335 1260 4116 4116 4116 4116 4117 
1283 1473 1571 16383 1387 1408 1314 1118 979 1333 1230 1327 4116 4116 4116 4117 
1282 1462 1505 16383 1387 1408 1314 1117 974 1333 1965 1318 4116 4116 4116 4117 
1281 1463 1267 16383 1386 1407 1313 1116 954 1333 4116 1260 4116 4116 4116 4117 
1283 1480 1315 16383 1386 1407 1314 1118 927 1334 1629 1368 4116 4116 4116 4117 
1282 1462 1463 16383 1387 1406 1313 1117 1000 1335 1243 1332 4116 4116 4116 4117 
1284 1476 1482 16383 1388 1409 1316 1119 979 1331 1236 1326 4117 4117 4117 4118 
1282 1457 2802 16383 1388 1407 1314 1117 971 1334 1838 1284 4117 4117 4117 4118 
1281 1447 1344 16383 1388 1408 1316 1119 964 1334 1239 1279 4116 4116 4116 4117 
1282 1459 1266 16383 1387 1407 1314 1118 879 1333 4117 4116 4116 4116 4116 4117 
1284 1477 1510 16383 1390 1409 1316 1119 921 1334 1252 4116 4116 4116 4116 4117 
1282 1461 1334 16383 1386 1409 1315 1120 971 1333 1233 1280 4116 4116 4116 4117 
1283 1458 1370 16383 1388 1408 1314 1118 964 1334 1237 1290 4116 4116 4116 4117 
1283 1451 1262 16383 1386 1407 1313 1119 933 1333 4116 4116 4116 4116 4116 4117 
1283 1464 1417 16383 1388 1409 1316 1120 977 1333 1247 4117 4117 4117 4117 4118 
1283 1446 1369 16383 1386 1405 1313 1118 962 1333 1242 1299 4116 4116 4116 4117 
1281 1458 1573 16383 1386 1406 1314 1118 976 1333 1234 4116 4116 4116 4116 4117 
1282 1492 1455 16383 1385 1407 1314 1117 996 1335 1251 1346 4116 4116 4116 4117 
1284 1479 1353 16383 1389 1408 1316 1120 975 1334 1242 4117 4117 4117 4117 4118 
1281 1455 1347 16383 1386 1407 1314 1117 962 1334 1237 1291 4117 4117 4117 4118 
1279 1446 1719 16383 1386 1405 1312 1116 940 1332 2711 1252 4116 4116 4116 4117 
1282 1460 1265 16383 1386 1407 1313 1117 972 1334 4117 1267 4116 4116 4116 4117 
1280 2588 2205 16383 1385 1406 1314 1116 1032 1334 1973 1359 4116 4116 4116 4117 
1282 1466 1466 16383 1386 1406 1314 1118 967 1334 1236 1284 4116 4116 4116 4117 
1281 1446 1409 16383 1386 1405 1314 1116 936 1333 1209 4116 4116 4116 4116 4117 
1280 1452 1682 16383 1385 1405 1313 1118 914 1334 1838 4117 4117 4117 4117 4118 
1282 1459 1551 16383 1386 1408 1313 1119 955 1333 1189 1301 4117 4117 4117 4118 
1283 1639 2078 16383 1388 1408 1314 1118 1034 1334 2146 1374 4116 4116 4116 4117 
1282 1452 1464 16383 1388 1408 1314 1117 952 1332 1222 1313 4117 4117 4117 4118 
1280 1447 1263 16383 1386 1406 1315 1118 1038 1335 4117 4116 4116 4116 4116 4117 
1282 1476 1634 16383 1387 1408 1315 1117 958 1333 1209 1282 4117 4117 4117 4118 
1283 1446 1504 16383 1388 1409 1314 1118 948 1333 1238 1280 4116 4116 4116 4117 
1282 1468 1368 16383 1388 1406 1313 1118 976 1334 1248 1313 4115 4115 4115 4116 
1283 1473 1367 16383 1388 1407 1314 1118 982 1333 1258 1322 4116 4116 4116 4117 
1282 1495 1265 16383 1386 1408 1315 1117 959 1334 4117 4116 4116 4116 4116 4117 
1281 1517 1265 16383 1385 1406 1313 1117 963 1334 4118 4117 4117 4117 4117 4118 
1282 1466 1422 16383 1387 1408 1316 1118 975 1333 1234 1360 4117 4117 4117 4118 
1283 1536 1372 16383 1387 1407 1315 1117 1009 1335 1286 4116 4116 4116 4116 4117 
1283 1499 1472 16383 1386 1409 1314 1118 997 1334 1237 4116 4116 4116 4116 4117 
1282 1476 1309 16383 1386 1407 1314 1116 997 1334 0 4116 4116 4116 4116 4117 
1282 1449 1445 16383 1387 1407 1313 1117 955 1333 1216 1271 4117 4117 4117 4118 
1286 1452 1265 16383 1389 1410 1317 1120 976 1333 4118 4117 4117 4117 4117 4118 
1283 1467 1366 16383 1387 1407 1315 1118 988 1333 1303 1386 4117 4117 4117 4118 
1282 1475 1266 16383 1384 1406 1313 1117 925 1334 4117 4117 4117 4117 4117 4118 
1283 1463 1480 16383 1386 1407 1314 1117 966 1333 1241 4117 4117 4117 4117 4118 
1282 1447 1262 16383 1386 1407 1313 1117 938 1333 4116 4115 4115 4115 4115 4116 
1283 1455 1297 16383 1387 1407 1315 1118 978 1333 1230 4116 4116 4116 4116 4117 
1282 1472 1313 16383 1386 1406 1313 1118 966 1334 1233 4117 4117 4117 4117 4118 
1280 1445 1338 16383 1386 1406 1312 1117 1008 1335 1249 1316 4116 4116 4116 4117 
1284 1482 1402 16383 1388 1409 1315 1119 997 1334 1246 4117 4117 4117 4117 4118 
1283 1457 1647 16383 1387 1407 1314 1118 922 1334 1193 1275 4116 4116 4116 4117 
1281 1441 1420 16383 1385 1406 1313 1117 1009 1336 1277 4116 4116 4116 4116 4117 
1282 1458 1260 16383 1386 1407 1313 1117 977 1333 4117 4116 4116 4116 4116 4117 
1285 1456 1267 16383 1388 1408 1314 1119 924 1333 4116 4116 4116 4116 4116 4117 
1283 1475 1746 16383 1386 1407 1314 1118 964 1334 1862 4117 4117 4117 4117 4118 
1285 1459 1577 16383 1388 1408 1315 1118 955 1333 1191 1293 4116 4116 4116 4117 
1282 1465 1265 16383 1386 1407 1312 1117 920 1334 4117 4116 4116 4116 4116 4117 
1282 1506 1386 16383 1388 1405 1314 1117 1009 1335 1289 1348 4115 4115 4115 4116 
1282 1479 1264 16383 1387 1408 1315 1118 987 1333 4117 1319 4116 4116 4116 4117 
1281 1407 1337 14818 1386 1405 1316 1117 344 1328 1576 4116 4116 4116 4116 4117 
1283 1462 1404 16383 1386 1407 1313 1117 966 1334 1211 1270 4117 4117 4117 4118 
1284 1496 1431 16383 1388 1409 1315 1120 994 1334 1596 4116 4116 4116 4116 4117 
1280 1474 1427 16383 1385 1407 1313 1117 1096 1333 1368 4116 4116 4116 4116 4117 
1280 1452 1265 16383 1386 1406 1314 1117 892 1331 4117 4116 4116 4116 4116 4117 
1281 1463 1265 16383 1386 1406 1314 1118 925 1333 4118 4117 4117 4117 4117 4118 
1282 1442 1452 16383 1386 1406 1314 1116 946 1332 1204 1302 4116 4116 4116 4117 
1282 1462 1306 16383 1386 1406 1315 1118 965 1331 1331 4117 4117 4117 4117 4118 
1282 1473 1266 16383 1386 1406 1314 1117 985 1333 4117 1308 4116 4116 4116 4117 
1282 1449 1352 16383 1387 1406 1314 1116 1044 1333 1308 4116 4116 4116 4116 4117 
1284 1466 1614 16383 1387 1408 1314 1118 944 1333 1186 1284 4117 4117 4117 4118 
1282 1471 1312 16383 1388 1408 1315 1119 951 1333 1256 1339 4117 4117 4117 4118 
1282 1474 1443 16383 1386 1406 1314 1117 974 1333 2085 1318 4116 4116 4116 4117 
1283 1462 1268 16383 1386 1406 1315 1118 919 1333 4118 4117 4117 4117 4117 4118 
1280 1440 1344 16383 1385 1406 1313 1117 1046 1333 1326 1412 4117 4117 4117 4118 
1282 1470 1266 16383 1386 1407 1314 1116 982 1333 4118 4117 4117 4117 4117 4118 
1281 1472 1500 16383 1384 1405 1312 1116 981 1332 1210 1317 4116 4116 4116 4117 
1284 1469 1668 16383 1388 1408 1315 1118 965 1333 1234 1317 4117 4117 4117 4118 
1283 1451 1413 16383 1387 1406 1315 1118 960 1330 1213 1281 4116 4116 4116 4117 
1283 1458 1429 16383 1388 1406 1314 1118 895 1333 1860 1244 4116 4116 4116 4117 
1282 1463 1496 16383 1388 1408 1315 1118 974 1332 1212 1320 4116 4116 4116 4117 
1282 1466 1393 16383 1387 1406 1314 1116 977 1330 1248 1354 4116 4116 4116 4117 
1282 1462 1382 16383 1386 1407 1314 1117 985 1332 1253 4116 4116 4116 4116 4117 
1284 1462 1333 16383 1387 1408 1315 1119 965 1332 1243 1295 4116 4116 4116 4117 
1282 1467 1486 16383 1387 1409 1314 1118 961 1333 1212 4117 4117 4117 4117 4118 
1283 1454 1495 16383 1387 1407 1314 1117 963 1330 1210 4116 4116 4116 4116 4117 
1282 1459 1685 16383 1389 1407 1315 1117 947 1331 1831 4117 4117 4117 4117 4118 
1282 1472 1265 16383 1385 1406 1314 1117 909 1331 4117 4116 4116 4116 4116 4117 
1281 1454 1267 16383 1386 1405 1315 1117 914 1331 4116 4115 4115 4115 4115 4116 
1281 1457 1388 16383 1388 1407 1315 1118 1034 1332 1324 1379 4116 4116 4116 4117 
1284 1458 1370 16383 1388 1408 1315 1119 964 1332 1246 1286 4116 4116 4116 4117 
1284 1461 1313 16383 1386 1406 1315 1118 978 1330 1257 4115 4115 4115 4115 4116 
1282 1475 1266 16383 1386 1408 1314 1117 985 1330 4117 4116 4116 4116 4116 4117 
1282 1448 1263 16383 1385 1405 1314 1117 923 1330 3127 4116 4116 4116 4116 4117 
1283 1493 1262 16383 1388 1409 1316 1119 1002 1333 4117 4116 4116 4116 4116 4117 
1283 1457 1405 16383 1388 1409 1316 1117 943 1330 1239 4116 4116 4116 4116 4117 
1281 1461 1707 16383 1385 1406 1314 1117 985 1331 1233 1333 4116 4116 4116 4117 
1283 1470 1268 16383 1387 1406 1315 1118 960 1330 4116 4116 4116 4116 4116 4117 
1282 1460 1358 16383 1388 1407 1314 1117 955 1330 1212 1292 4116 4116 4116 4117 
1283 1461 1701 16383 1386 1407 1315 1118 954 1329 1214 1281 4116 4116 4116 4117 
1287 1465 1393 16383 1388 1410 1318 1122 962 1329 1212 4116 4116 4116 4116 4117 
1283 1468 1440 16383 1386 1408 1314 1119 950 1328 1276 4116 4116 4116 4116 4117 
1284 1462 1268 16383 1388 1408 1317 1119 902 1329 4118 4117 4117 4117 4117 4118 
1280 1464 1396 16383 1388 1405 1312 1116 944 1328 1219 4116 4116 4116 4116 4117 
1285 1457 1487 16383 1387 1408 1315 1119 975 1327 1216 1317 4116 4116 4116 4117 
1283 1459 1353 16383 1388 1408 1315 1119 944 1328 1208 4116 4116 4116 4116 4117 
1282 1487 1266 16383 1387 1406 1313 1117 993 1329 4117 4116 4116 4116 4116 4117 
1285 1486 1298 16383 1389 1412 1317 1120 939 1328 1295 4117 4117 4117 4117 4118 
1284 1491 1266 16383 1388 1406 1313 1118 944 1328 4117 4117 4117 4117 4117 4118 
1283 1479 1364 16383 1387 1407 1315 1117 1073 1329 1392 4117 4117 4117 4117 4118 
1281 1455 1265 16383 1385 1407 1313 1116 949 1328 4116 4116 4116 4116 4116 4117 
1284 1463 1435 16383 1386 1405 1314 1117 972 1328 1235 4117 4117 4117 4117 4118 
1284 1494 1525 16383 1388 1409 1316 1118 989 1329 1265 4117 4117 4117 4117 4118 
1282 1483 1382 16383 1387 1407 1316 1119 964 1329 1222 4117 4117 4117 4117 4118 
1283 1469 1370 16383 1388 1408 1315 1120 968 1329 1245 1302 4117 4117 4117 4118 
1284 1459 1269 16383 1388 1408 1315 1119 980 1328 4117 4117 4117 4117 4117 4118 
1284 1466 1608 16383 1387 1408 1315 1118 958 1328 1212 1316 4116 4116 4116 4117 
1283 1474 1427 16383 1388 1407 1315 1118 981 1328 1244 1321 4117 4117 4117 4118 
1284 1466 1453 16383 1386 1406 1314 1118 974 1328 1237 1322 4116 4116 4116 4117 
1283 1439 1264 16383 1388 1408 1316 1119 1043 1329 4117 4116 4116 4116 4116 4117 
1282 1447 1503 16383 1387 1408 1314 1117 1038 1330 1301 4116 4116 4116 4116 4117 
1283 1468 1450 16383 1388 1406 1314 1118 964 1329 1235 1325 4117 4117 4117 4118 
1284 1457 1454 16383 1389 1408 1314 1119 905 1329 2034 4117 4117 4117 4117 4118 
1282 1441 1378 16383 1387 1406 1314 1117 956 1329 1238 1306 4116 4116 4116 4117 
1280 1461 1784 16383 1386 1406 1313 1115 1060 1328 1308 1451 4117 4117 4117 4118 
1282 1496 1465 16383 1386 1406 1313 1116 975 1329 1257 1283 4116 4116 4116 4117 
1282 1473 1263 16383 1386 1406 1314 1116 930 1328 4117 4116 4116 4116 4116 4117 
1282 1485 1334 16383 1387 1407 1315 1118 950 1328 1296 4115 4115 4115 4115 4116 
1282 1518 1506 16383 1388 1408 1316 1120 1003 1330 1256 4117 4117 4117 4117 4118 
1284 1449 1321 16383 1387 1408 1315 1118 968 1328 1237 1294 4116 4116 4116 4117 
1282 1450 1782 16383 1386 1407 1313 1117 913 1329 1705 4116 4116 4116 4116 4117 
1282 1488 1341 16383 1386 1407 1314 1116 973 1329 1254 4117 4117 4117 4117 4118 
1283 1492 1359 16383 1387 1406 1314 1119 967 1329 1268 1298 4117 4117 4117 4118 
1281 1461 1536 16383 1386 1407 1314 1116 967 1328 1221 1292 4117 4117 4117 4118 
1281 1464 1330 16383 1385 1405 1313 1116 1020 1328 1246 4116 4116 4116 4116 4117 
1282 1460 1326 16383 1388 1407 1315 1117 1041 1330 1335 4116 4116 4116 4116 4117 
1283 1457 1455 16383 1388 1407 1315 1119 937 1328 2108 4116 4116 4116 4116 4117 
1282 1445 1262 16383 1386 1407 1314 1117 939 1328 4117 4116 4116 4116 4116 4117 
1282 1437 1612 16383 1387 1407 1313 1117 902 1330 1185 1273 4116 4116 4116 4117 
1283 1510 1431 16383 1387 1406 1314 1118 1007 1330 1299 1338 4116 4116 4116 4117 
1283 1436 1334 16383 1387 1408 1316 1117 1018 1329 1315 4116 4116 4116 4116 4117 
1283 1476 1444 16383 1388 1408 1315 1118 952 1328 1229 4117 4117 4117 4117 4118 
1285 1463 1303 16383 1388 1408 1316 1118 904 1330 1256 4116 4116 4116 4116 4117 
1282 1483 1472 16383 1387 1407 1314 1117 980 1329 1236 4116 4116 4116 4116 4117 
1281 1459 1263 16383 1386 1406 1313 1117 941 1329 4117 4116 4116 4116 4116 4117 
1284 1465 1303 16383 1388 1407 1315 1118 970 1329 1413 1313 4116 4116 4116 4117 
1282 1477 1320 16383 1386 1406 1315 1116 976 1329 1259 4116 4116 4116 4116 4117 
1281 1451 1459 16383 1387 1407 1315 1118 936 1329 1195 4116 4116 4116 4116 4117 
1282 1484 1642 16383 1386 1407 1314 1117 979 1329 1218 4117 4117 4117 4117 4118 
1282 1455 1543 16383 1387 1406 1316 1118 989 1330 1245 1296 4116 4116 4116 4117 
1284 1460 1302 16383 1390 1407 1315 1119 985 1329 1274 4116 4116 4116 4116 4117 
1282 1468 1290 16383 1386 1406 1313 1117 935 1329 1215 4116 4116 4116 4116 4117 
1285 1458 1370 16383 1389 1408 1316 1119 963 1330 1541 1300 4116 4116 4116 4117 
1282 1468 1362 16383 1387 1408 1315 1118 982 1329 1226 1302 4117 4117 4117 4118 
1282 1458 1268 16383 1386 1406 1313 1116 959 1329 4117 4116 4116 4116 4116 4117 
1283 1465 1367 16383 1387 1406 1314 1117 960 1332 1245 4116 4116 4116 4116 4117 
1282 1463 1335 16383 1388 1406 1314 1118 1049 1332 1392 1390 4116 4116 4116 4117 
1282 1477 1491 16383 1387 1408 1315 1117 976 1333 1280 1338 4116 4116 4116 4117 
1284 1511 1265 16383 1388 1408 1315 1119 1014 1332 4118 1322 4117 4117 4117 4118 
1283 1492 1510 16383 1387 1407 1314 1117 991 1332 1276 1322 4117 4117 4117 4118 
1282 1471 1555 16383 1388 1407 1315 1118 976 1331 1563 1306 4117 4117 4117 4118 
1284 1546 1266 16383 1388 1407 1314 1119 1030 1334 4117 4116 4116 4116 4116 4117 
1283 1479 1275 16383 1388 1409 1315 1118 1000 1335 4117 4116 4116 4116 4116 4117 
1284 1453 1335 16383 1387 1407 1314 1118 938 1333 2010 1264 4116 4116 4116 4117 
1280 1465 1304 16383 1386 1406 1313 1116 945 1334 1236 4117 4117 4117 4117 4118 
1282 1447 1376 16383 1386 1406 1314 1119 1043 1335 1340 1408 4116 4116 4116 4117 
1284 1462 1431 16383 1386 1407 1314 1117 963 1334 1194 1299 4117 4117 4117 4118 
1282 1451 1567 16383 1386 1405 1314 1117 949 1333 1201 4116 4116 4116 4116 4117 
1282 1477 1261 16383 1386 1404 1313 1115 1004 1336 4118 4117 4117 4117 4117 4118 
1285 1466 1319 16383 1389 1408 1316 1119 931 1334 1243 4117 4117 4117 4117 4118 
1283 1492 1324 16383 1387 1407 1314 1119 998 1335 1270 1328 4116 4116 4116 4117 
1283 1459 1267 16383 1388 1408 1315 1119 972 1334 3281 4116 4116 4116 4116 4117 
1278 1698 2290 14466 1376 1398 1301 1100 227 1330 4117 4117 4117 4117 4117 4118 
1284 1518 1344 16383 1390 1409 1317 1119 1004 1336 1216 4116 4116 4116 4116 4117 
1284 1466 1601 16383 1386 1408 1315 1116 964 1334 1842 1310 4117 4117 4117 4118 
1285 1473 1270 16383 1388 1407 1315 1118 994 1334 4118 4116 4117 4117 4117 4118 
1281 1485 1420 16383 1386 1407 1314 1117 1011 1335 1256 4116 4116 4116 4116 4117 
1283 1444 1321 16383 1387 1408 1316 1118 1048 1335 1339 4116 4116 4116 4116 4117 
1282 1480 1362 16383 1386 1406 1315 1118 949 1333 1190 1288 4117 4117 4117 4118 
1284 1465 1449 16383 1388 1408 1315 1118 991 1334 1260 4116 4116 4116 4116 4117 
1282 1447 1462 16383 1386 1406 1315 1116 970 1334 1232 4116 4116 4116 4116 4117 
1282 1548 1319 16383 1388 1407 1314 1118 1018 1334 1352 1385 4116 4116 4116 4117 
1281 1462 1501 16383 1385 1406 1313 1117 990 1334 1249 1351 4117 4117 4117 4118 
1283 1480 1365 16383 1388 1407 1315 1118 977 1333 1242 1321 4116 4116 4116 4117 
1282 1522 1527 16383 1388 1407 1314 1116 1000 1336 1260 1361 4116 4116 4116 4117 
1283 1473 1266 16383 1388 1408 1314 1117 990 1334 4117 4116 4116 4116 4116 4117 
1282 1455 1281 16383 1386 1406 1315 1117 943 1333 4117 4116 4116 4116 4116 4117 
1283 1493 1267 16383 1386 1406 1315 1118 991 1334 4117 4116 4116 4116 4116 4117 
1284 1472 1269 16383 1388 1408 1316 1119 975 1334 4116 4116 4116 4116 4116 4117 
1283 1474 1268 16383 1387 1406 1315 1118 963 1334 4118 4117 4117 4117 4117 4118 
1282 1462 1550 16383 1386 1407 1315 1117 983 1333 1215 1312 4116 4116 4116 4117 
1281 1464 1358 16383 1388 1407 1313 1118 978 1333 1239 1293 4117 4117 4117 4118 
1285 1492 1375 16383 1391 1409 1317 1120 975 1333 1240 4117 4117 4117 4117 4118 
1284 1466 1308 16383 1386 1406 1314 1117 945 1333 1220 1287 4117 4117 4117 4118 
1282 1446 1314 16383 1386 1406 1314 1117 941 1334 1200 1260 4115 4115 4115 4116 
1282 1649 1267 16383 1386 1406 1314 1118 1003 1336 4117 4116 4116 4116 4116 4117 
1282 1468 1266 16383 1387 1407 1315 1119 922 1334 4117 4117 4117 4117 4117 4118 
1282 1470 1359 16383 1388 1408 1315 1118 978 1334 1242 4117 4117 4117 4117 4118 
1282 1463 1409 16383 1386 1405 1314 1118 958 1334 1256 1292 4117 4117 4117 4118 
1282 1467 1265 16383 1385 1406 1313 1117 936 1334 4117 4116 4116 4116 4116 4117 
1283 1466 1266 16383 1386 1408 1313 1116 939 1334 4117 4116 4116 4116 4116 4117 
1282 1482 1733 16383 1388 1406 1316 1118 991 1334 1239 1343 4116 4116 4116 4117 
1284 1444 1265 16383 1389 1407 1315 1120 1028 1334 4117 4116 4116 4116 4116 4117 
1281 1461 7424 16383 1386 1406 1314 1117 960 1333 3564 1302 4116 4116 4116 4117 
1284 1442 1263 16383 1388 1406 1315 1118 947 1334 4117 4116 4116 4116 4116 4117 
1284 1470 1519 16383 1386 1406 1313 1118 959 1333 1242 1307 4116 4116 4116 4117 
1283 1462 1314 16383 1388 1408 1314 1118 910 1335 1210 1268 4117 4117 4117 4118 
1282 1531 1390 16383 1385 1406 1314 1118 963 1334 1281 1360 4116 4116 4116 4117 
1283 1513 1464 16383 1387 1407 1314 1118 1018 1334 1285 1340 4117 4117 4117 4118 
1282 1465 1457 16383 1386 1405 1313 1118 954 1334 1238 1262 4116 4116 4116 4117 
1282 1464 1718 16383 1386 1406 1314 1118 955 1333 1995 4116 4116 4116 4116 4117 
1285 1497 1267 16383 1387 1407 1314 1119 1015 1334 4117 4116 4116 4116 4116 4117 
1284 1461 1434 16383 1389 1408 1315 1119 939 1334 1217 1286 4116 4116 4116 4117 
1283 1475 1399 16383 1388 1407 1315 1118 990 1333 1234 4117 4117 4117 4117 4118 
1282 1448 1266 16383 1386 1406 1314 1117 1052 1335 4117 4116 4116 4116 4116 4117 
1282 1451 1321 16383 1386 1407 1314 1117 960 1335 1265 1281 4116 4116 4116 4117 
1281 1458 1462 16383 1386 1406 1313 1118 974 1334 1972 1282 4117 4117 4117 4118 
1283 1572 1308 16383 1386 1407 1315 1118 1015 1334 1307 4117 4117 4117 4117 4118 
1284 1470 1263 16383 1386 1406 1315 1118 974 1334 4118 4117 4117 4117 4117 4118 
1282 1471 1402 16383 1388 1406 1314 1117 955 1333 1946 1311 4117 4117 4117 4118 
1283 1452 1492 16383 1386 1406 1315 1117 963 1334 1217 4116 4116 4116 4116 4117 
1282 1448 1266 16383 1388 1407 1315 1118 879 1333 4117 4116 4116 4116 4116 4117 
1285 1461 1584 16383 1391 1408 1316 1119 963 1334 1238 1300 4116 4116 4116 4117 
1284 1490 1502 16383 1388 1406 1313 1118 977 1333 1241 1332 4117 4117 4117 4118 
1285 1465 1267 16383 1387 1408 1314 1118 905 1335 4116 4116 4116 4116 4116 4117 
1282 1455 1261 16383 1388 1405 1315 1118 918 1334 4116 4115 4115 4115 4115 4116 
1284 1443 1506 16383 1388 1406 1315 1118 1043 1335 1309 4116 4116 4116 4116 4117 
1282 1458 1618 16383 1388 1408 1315 1118 977 1333 1212 4117 4117 4117 4117 4118 
1282 1447 1357 16383 1387 1407 1315 1118 942 1334 1214 4117 4117 4117 4117 4118 
1284 1490 1430 16383 1388 1407 1315 1118 960 1334 1274 4117 4117 4117 4117 4118 
1284 1492 1623 16383 1387 1406 1315 1119 1000 1335 1250 1346 4116 4116 4116 4117 
1283 1461 1294 16383 1388 1406 1315 1117 959 1333 1335 1294 4117 4117 4117 4118 
1284 1452 1534 16383 1390 1407 1315 1119 1048 1335 1277 4116 4116 4116 4116 4117 
1283 1454 1353 16383 1388 1408 1316 1118 962 1334 1232 4116 4116 4116 4116 4117 
1281 1462 1266 16383 1388 1406 1313 1117 941 1333 4117 4116 4116 4116 4116 4117 
1284 1461 1266 16383 1387 1407 1315 1118 902 1335 4117 1225 4116 4116 4116 4117 
1284 1473 1396 16383 1389 1408 1316 1120 990 1334 1216 1292 4117 4117 4117 4118 
1284 1536 1269 16383 1388 1407 1314 1120 1018 1334 4117 4116 4116 4116 4116 4117 
1283 1465 1451 16250 1387 1406 1314 1117 956 1333 1239 4117 4117 4117 4117 4118 
1283 1446 1427 16383 1388 1406 1315 1118 1022 1333 1315 4116 4116 4116 4116 4117 
1282 1479 1270 16383 1388 1407 1314 1118 997 1335 4118 4116 4116 4116 4116 4117 
1284 1465 1350 16383 1389 1408 1316 1119 968 1334 1239 1293 4117 4117 4117 4118 
1281 1460 1451 16383 1385 1405 1314 1116 949 1333 1210 4117 4117 4117 4117 4118 
1282 1464 1388 16383 1387 1406 1314 1117 959 1334 1255 1325 4116 4116 4116 4117 
1283 1489 1391 16383 1386 1406 1314 1118 988 1334 1256 1329 4116 4116 4116 4117 
1282 1520 1684 16383 1386 1406 1313 1118 1020 1334 1267 1359 4116 4116 4116 4117 
1284 1514 1493 16383 1388 1406 1315 1118 998 1335 1282 1342 4117 4117 4117 4118 
1281 1507 1703 16383 1386 1407 1314 1117 1011 1335 1900 4115 4115 4115 4115 4116 
1284 1470 1429 16383 1388 1408 1316 1118 958 1334 1233 1306 4117 4117 4117 4118 
1283 1449 1263 16383 1387 1407 1313 1116 952 1333 4117 4116 4116 4116 4116 4117 
1284 1476 1434 16383 1388 1408 1316 1118 970 1334 1262 1286 4117 4117 4117 4118 
1281 1460 1540 16383 1388 1408 1315 1118 952 1333 1198 4116 4116 4116 4116 4117 
1284 1451 1461 16383 1388 1408 1316 1119 878 1334 1135 1242 4116 4116 4116 4117 
1285 1468 1265 16383 1388 1408 1316 1120 962 1334 4117 4116 4116 4116 4116 4117 
1282 1505 1269 16383 1386 1407 1313 1118 933 1335 4118 4117 4117 4117 4117 4118 
1282 1446 1493 16383 1386 1406 1313 1117 922 1334 1187 1253 4116 4116 4116 4117 
1285 1469 1413 16383 1390 1408 1316 1120 984 1333 1252 1307 4116 4116 4116 4117 
1283 1482 1437 16383 1387 1407 1314 1117 986 1332 1257 1311 4116 4116 4116 4117 
1282 1453 1386 16383 1386 1407 1314 1118 954 1334 1239 1310 4116 4116 4116 4117 
1283 1491 1477 16383 1388 1409 1316 1120 990 1334 1595 1352 4116 4116 4116 4117 
1283 1469 1295 16383 1388 1408 1315 1119 944 1333 403 0 4116 4116 4116 4117 
1285 1504 1265 16383 1387 1407 1316 1120 949 1333 4118 4117 4117 4117 4117 4118 
1284 1453 1582 16383 1387 1407 1315 1118 953 1333 1200 1304 4117 4117 4117 4118 
1283 1464 1391 16383 1387 1408 1314 1118 928 1334 1239 4116 4116 4116 4116 4117 
1283 1465 1266 16383 1389 1408 1315 1117 932 1334 4117 4116 4116 4116 4116 4117 
1282 1476 1409 16383 1387 1405 1314 1118 956 1334 2038 4116 4116 4116 4116 4117 
1283 1452 1334 16383 1388 1407 1314 1118 920 1334 1285 1327 4116 4116 4116 4117 
1282 1441 1355 16383 1386 1407 1313 1118 1054 1334 1323 1387 4117 4117 4117 4118 
1281 1460 1284 16383 1385 1404 1314 1117 949 1334 1244 1296 4116 4116 4116 4117 
1282 1457 1344 15963 1385 1404 1313 1118 953 1333 1218 4116 4116 4116 4116 4117 
1282 1469 1433 16383 1388 1406 1314 1118 969 1334 1230 4116 4116 4116 4116 4117 
1283 1457 1645 16383 1386 1406 1314 1118 969 1334 1213 1292 4116 4116 4116 4117 
1284 1466 1439 16383 1386 1406 1316 1119 1046 1335 1306 1422 4116 4116 4116 4117 
1283 1467 1337 16383 1387 1407 1314 1118 954 1333 2019 1270 4116 4116 4116 4117 
1286 1467 1512 16383 1390 1409 1316 1120 964 1334 1215 1310 4116 4116 4116 4117 
1284 1463 1268 16383 1389 1406 1314 1118 954 1334 4117 1262 4116 4116 4116 4117 
1282 1467 1477 16383 1387 1406 1315 1117 978 1333 1238 4116 4116 4116 4116 4117 
1282 1455 1269 16383 1386 1406 1314 1117 891 1333 4118 4117 4117 4117 4117 4118 
1283 1463 1348 16383 1387 1406 1316 1117 948 1333 1259 4116 4116 4116 4116 4117 
1284 1470 1454 16383 1388 1407 1316 1119 987 1333 1241 1331 4116 4116 4116 4117 
1284 1459 1268 16383 1388 1408 1314 1119 912 1334 4117 4116 4116 4116 4116 4117 
1284 1484 1438 16383 1388 1405 1316 1119 976 1334 1242 4117 4117 4117 4117 4118 
1282 1463 1470 16383 1386 1405 1313 1117 963 1334 1223 1286 4117 4117 4117 4118 
1283 1470 1340 16383 1388 1408 1316 1118 947 1333 1237 4117 4117 4117 4117 4117 
1283 1449 1287 16383 1387 1407 1315 1117 943 1333 1236 4116 4116 4116 4116 4117 
1283 1487 1361 16383 1386 1410 1316 1119 1005 1336 1267 1317 4117 4117 4117 4118 
1286 1545 1269 16383 1389 1409 1315 1120 1025 1334 4117 4116 4116 4116 4116 4117 
1283 1462 1440 16383 1388 1407 1315 1118 941 1333 1208 4117 4117 4117 4117 4118 
1284 1444 1267 16383 1388 1407 1315 1119 1054 1334 4116 4116 4116 4116 4116 4117 
1283 1467 1516 16383 1387 1408 1315 1119 926 1334 1234 4116 4116 4116 4116 4117 
1284 1471 1397 16383 1387 1406 1314 1118 964 1334 1215 1283 4117 4117 4117 4118 
1282 1474 1266 16383 1387 1407 1315 1119 988 1334 4117 4116 4116 4116 4116 4117 
1284 1478 1295 16383 1387 1408 1314 1119 983 1334 1260 1303 4117 4117 4117 4118 
1284 1459 1911 16383 1388 1409 1316 1118 952 1334 2900 770 4117 4117 4117 4118 
1283 1479 1346 16383 1386 1406 1315 1117 995 1334 1266 1318 4116 4116 4116 4117 
1283 1469 1265 16383 1388 1407 1314 1118 965 1334 4116 1312 4116 4116 4116 4117 
1285 1474 1342 16383 1388 1406 1316 1118 964 1334 1730 4117 4117 4117 4117 4118 
1284 1489 1312 16383 1387 1406 1314 1118 966 1334 1278 4117 4117 4117 4117 4118 
1283 1442 1315 16383 1386 1406 1314 1118 1042 1335 1331 1380 4115 4115 4115 4116 
1284 1466 1679 16383 1387 1409 1314 1121 979 1333 1955 1317 4116 4116 4116 4117 
1284 1470 1370 16383 1387 1407 1315 1118 969 1334 1239 1292 4116 4116 4116 4117 
1284 1486 1560 16383 1388 1407 1315 1118 928 1334 1627 0 4117 4117 4117 4118 
1283 1448 1363 16383 1385 1407 1315 1117 1037 1335 1330 4116 4116 4116 4116 4117 
1284 1473 1307 16383 1387 1406 1313 1118 967 1334 1271 1309 4116 4116 4116 4117 
1284 1486 1263 16383 1388 1408 1317 1120 974 1334 4118 4117 4117 4117 4117 4118 
1283 1466 1722 16383 1387 1408 1313 1118 959 1334 1216 1294 4116 4116 4116 4117 
1283 1480 1533 16383 1388 1407 1316 1118 998 1335 1257 1343 4116 4116 4116 4117 
1284 1486 1444 16383 1386 1407 1314 1118 980 1334 1255 0 4117 4117 4117 4118 
1285 1479 1453 16383 1389 1410 1317 1120 925 1334 1170 4116 4116 4116 4116 4117 
1284 1494 1560 16383 1388 1408 1315 1117 1005 1336 1275 1344 4116 4116 4116 4117 
1284 1442 1271 16383 1388 1407 1316 1120 1037 1335 4115 4115 4115 4115 4115 4116 
1285 1447 1530 16383 1388 1408 1314 1120 941 1333 1190 1265 4117 4117 4117 4118 
1283 1463 1312 16383 1388 1408 1315 1118 880 1333 1231 4116 4116 4116 4116 4117 
1282 1455 1519 16383 1385 1405 1315 1117 948 1333 1180 1300 4116 4116 4116 4117 
1283 1459 1590 16383 1386 1406 1314 1118 957 1333 1922 1293 4116 4116 4116 4117 
1284 1509 1267 16383 1388 1408 1316 1118 971 1334 4117 4116 4116 4116 4116 4117 
1282 1466 1267 16383 1387 1406 1314 1118 970 1334 4117 4116 4116 4116 4116 4117 
1284 1468 1270 16383 1386 1409 1316 1119 889 1333 4116 4116 4116 4116 4116 4117 
1283 1460 1460 16383 1386 1405 1314 1118 970 1334 1234 1297 4116 4116 4116 4117 
1282 1459 1545 16383 1387 1406 1314 1117 947 1333 1214 4115 4115 4115 4115 4116 
1282 1454 1410 16383 1386 1406 1314 1118 905 1334 1148 4116 4116 4116 4116 4117 
1281 1540 1385 16383 1386 1405 1314 1116 991 1334 1290 1350 4116 4116 4116 4117 
1284 1490 1554 16383 1389 1407 1316 1119 1001 1335 1246 1338 4116 4116 4116 4117 
1283 1442 1455 16383 1385 1406 1314 1118 960 1333 1234 1313 4116 4116 4116 4117 
1285 1458 1647 16383 1389 1410 1316 1119 950 1334 1183 4116 4116 4116 4116 4117 
1284 1447 1375 15965 1387 1408 1315 1119 1050 1335 1285 4116 4116 4116 4116 4117 
1283 1480 1340 16383 1386 1406 1315 1118 963 1334 1295 1311 4117 4117 4117 4118 
1284 1516 1426 16383 1387 1408 1315 1120 999 1335 1263 1340 4117 4117 4117 4118 
1285 1447 1266 16383 1389 1408 1316 1118 957 1333 4117 4116 4116 4116 4116 4117 
1284 1491 1433 16383 1387 1407 1315 1116 988 1333 2132 1331 4116 4116 4116 4117 
1283 1483 1327 16383 1388 1407 1316 1118 972 1334 1306 4116 4116 4116 4116 4117 
1284 1469 1268 16383 1388 1406 1315 1117 919 1334 4118 4117 4117 4117 4117 4118 
1282 1509 1268 16383 1386 1407 1312 1118 998 1335 4117 4116 4116 4116 4116 4117 
1284 1452 1286 16383 1388 1407 1315 1119 979 1333 1494 4116 4116 4116 4116 4117 
1282 1492 1268 16383 1387 1406 1314 1118 988 1334 4117 4116 4116 4116 4116 4117 
1282 1450 1380 16383 1388 1407 1315 1119 964 1334 1238 1289 4116 4116 4116 4117 
1285 1434 1479 16383 1388 1408 1316 1118 1035 1334 1310 1401 4116 4116 4116 4117 
1284 1469 1306 16383 1387 1406 1314 1116 987 1333 1260 1300 4116 4116 4116 4117 
1286 1492 1395 16383 1388 1407 1316 1120 971 1334 1240 4117 4117 4117 4117 4118 
1281 1484 1445 16383 1384 1407 1314 1118 970 1334 1236 1299 4117 4117 4117 4118 
1284 1489 1545 16383 1386 1407 1315 1119 985 1334 1262 1342 4116 4116 4116 4117 
1282 1463 1380 16383 1386 1405 1314 1117 983 1334 1244 1314 4116 4116 4116 4117 
1283 1453 1390 16383 1387 1406 1314 1117 959 1334 1235 1288 4116 4116 4116 4117 
1284 1452 1265 16383 1388 1407 1315 1118 961 1334 4117 4116 4116 4116 4116 4117 
1285 1465 1294 16383 1388 1407 1314 1118 937 1334 1784 4116 4116 4116 4116 4117 
1286 1503 1331 16383 1391 1409 1318 1120 968 1334 1291 4116 4116 4116 4116 4117 
1284 1534 1586 16383 1387 1408 1314 1119 1016 1334 1279 4116 4116 4116 4116 4117 
1282 1503 1906 16383 1386 1405 1314 1116 996 1334 1577 1347 4115 4115 4115 4116 
1282 1468 1266 16383 1387 1405 1313 1117 935 1334 4117 4116 4116 4116 4116 4117 
1282 1453 1397 16383 1386 1406 1313 1117 958 1333 1237 1281 4116 4116 4116 4117 
1284 1528 1404 16383 1388 1408 1315 1118 1012 1335 1281 1321 4116 4116 4116 4117 
1283 1551 1263 16383 1388 1408 1315 1117 971 1334 4117 4116 4116 4116 4116 4117 
1282 1462 1303 16383 1386 1407 1313 1116 950 1333 1257 4116 4116 4116 4116 4117 
1283 1484 1494 16383 1386 1407 1315 1118 989 1333 1241 4117 4117 4117 4117 4118 
1283 1479 1331 16383 1387 1406 1313 1116 971 1334 1259 1286 4117 4117 4117 4118 
1282 1459 1400 16383 1385 1407 1315 1116 1008 1336 1276 4116 4116 4116 4116 4117 
1284 1552 1270 16383 1388 1406 1314 1119 951 1334 4117 4116 4116 4116 4116 4117 
1283 1455 1268 16383 1385 1406 1314 1118 896 1334 4118 4117 4117 4117 4117 4118 
1282 1472 1639 16383 1387 1407 1314 1117 971 1334 1255 1313 4116 4116 4116 4117 
1284 1457 1267 16383 1389 1407 1316 1119 973 1334 4117 4116 4116 4116 4116 4117 
1283 1464 1268 16383 1389 1409 1316 1118 967 1334 4117 4116 4116 4116 4116 4117 
1286 1462 1271 16383 1390 1410 1317 1119 974 1334 4117 4116 4116 4116 4116 4117 
1285 1460 1443 16383 1388 1407 1314 1118 953 1333 1189 1272 4116 4116 4116 4117 
1284 1462 1497 16383 1387 1409 1315 1118 977 1333 1210 1307 4116 4116 4116 4117 
1284 1463 1268 16383 1388 1407 1315 1119 966 1334 4117 4116 4116 4116 4116 4117 
1284 1470 1307 16383 1388 1407 1316 1118 973 1334 1276 1296 4116 4116 4116 4117 
1282 1572 1460 14519 1384 1405 1312 1115 670 1329 4117 4116 4116 4116 4116 4117 
1285 1468 1337 16383 1389 1407 1314 1118 966 1333 1215 4117 4117 4117 4117 4118 
1284 1508 1566 16383 1386 1407 1315 1118 1002 1335 1258 1328 4117 4117 4117 4118 
1284 1473 1261 16383 1388 1406 1314 1117 987 1333 4117 1294 4116 4116 4116 4117 
1284 1467 1308 16383 1387 1406 1315 1118 909 1335 1240 4116 4116 4116 4116 4117 
1284 1463 1362 16383 1388 1408 1315 1118 963 1334 1228 4116 4116 4116 4116 4117 
1284 1462 1641 16383 1388 1407 1315 1119 964 1334 1207 1314 4116 4116 4116 4117 
1282 1458 1274 16383 1388 1408 1315 1118 950 1333 4117 4116 4116 4116 4116 4117 
1282 1472 1445 16383 1384 1406 1314 1117 982 1334 1260 4116 4116 4116 4116 4117 
1284 1463 1389 16383 1387 1408 1314 1119 926 1335 1184 1288 4116 4116 4116 4117 
1284 1498 1441 16383 1388 1407 1315 1117 974 1333 0 0 4117 4117 4117 4118 
1284 1511 1466 16383 1386 1406 1314 1117 978 1334 1272 4116 4116 4116 4116 4117 
1282 1451 1265 16383 1385 1406 1313 1118 879 1334 4116 4116 4116 4116 4116 4117 
1282 1499 1579 16383 1386 1407 1315 1118 1010 1335 1239 4116 4116 4116 4116 4117 
1283 1473 1555 16383 1387 1406 1314 1118 992 1334 1233 1375 4116 4116 4116 4117 
1282 1479 1481 16383 1386 1406 1314 1116 969 1334 1242 1329 4116 4116 4116 4117 
1283 1461 1355 16383 1386 1405 1315 1118 955 1333 1973 1300 4116 4116 4116 4117 
1282 1497 1716 16383 1387 1406 1314 1118 984 1333 1239 1308 4116 4116 4116 4117 
1283 1470 2023 16383 1386 1405 1315 1116 977 1333 2618 4116 4116 4116 4116 4117 
1284 1478 1444 16383 1386 1406 1316 1118 922 1334 1206 4117 4117 4117 4117 4118 
1283 1462 1491 16383 1388 1407 1314 1116 970 1335 1230 1307 4116 4116 4116 4117 
1284 1478 1639 16383 1388 1409 1316 1119 985 1333 1227 1337 4117 4117 4117 4118 
1282 1468 1334 16383 1387 1406 1314 1118 969 1334 1232 4116 4116 4116 4116 4117 
1282 1466 1613 16383 1388 1406 1315 1118 991 1334 1231 1311 4116 4116 4116 4117 
1283 1470 1514 16383 1387 1407 1315 1117 950 1333 1242 4116 4116 4116 4116 4117 
1282 1519 2013 16383 1387 1404 1313 1115 1009 1335 4117 0 4116 4116 4116 4117 
1282 1466 1370 16383 1386 1406 1314 1117 972 1334 1238 1298 4116 4116 4116 4117 
1286 1472 1452 16383 1389 1409 1317 1119 961 1333 1239 1301 4116 4116 4116 4117 
1282 1480 1517 16383 1386 1407 1314 1117 975 1333 1217 1304 4117 4117 4117 4118 
1282 1458 1385 16383 1386 1407 1314 1118 950 1334 1203 1280 4117 4117 4117 4118 
1282 1487 1373 16383 1386 1404 1313 1117 1000 1336 1256 1334 4117 4117 4117 4118 
1283 1459 1396 16383 1387 1409 1317 1118 976 1333 1226 4116 4116 4116 4116 4117 
1284 1466 1263 16383 1387 1406 1314 1117 973 1334 4118 4117 4117 4117 4117 4118 
1283 1455 1327 16383 1388 1407 1315 1119 977 1334 1256 4117 4117 4117 4117 4118 
1282 1451 1542 16383 1386 1405 1315 1116 962 1334 2026 4115 4115 4115 4115 4116 
1285 1478 1467 16383 1388 1406 1315 1118 990 1334 1267 1329 4117 4117 4117 4118 
1284 1443 1434 16383 1386 1408 1315 1119 925 1333 2969 4116 4116 4116 4116 4117 
1285 1509 1498 16383 1388 1409 1316 1118 1020 1334 1269 1329 4116 4116 4116 4117 
1282 1466 1268 16383 1386 1407 1314 1118 960 1333 4117 4116 4116 4116 4116 4117 
1284 1513 1268 16383 1388 1407 1315 1119 1007 1335 4117 1328 4116 4116 4116 4117 
1284 1453 1447 16383 1386 1406 1316 1118 965 1333 1229 4116 4116 4116 4116 4117 
1284 1486 1266 16383 1388 1407 1316 1118 975 1333 4117 4116 4116 4116 4116 4117 
1285 1471 1331 16383 1390 1409 1316 1119 969 1334 1256 4116 4116 4116 4116 4117 
1280 1439 1263 16383 1386 1405 1313 1118 1061 1334 4117 4116 4116 4116 4116 4117 
1285 1550 1350 16383 1388 1408 1315 1120 999 1335 2119 1379 4115 4115 4115 4116 
1283 1453 1265 16383 1386 1406 1314 1117 1058 1334 4116 4116 4116 4116 4116 4117 
1284 1460 1268 14749 1388 1406 1315 1117 1076 1334 4117 4116 4116 4116 4116 4117 
1284 1490 1386 16383 1387 1408 1314 1118 949 1333 1242 1295 4116 4116 4116 4117 
1284 1457 2083 16383 1388 1408 1314 1118 940 1334 1833 1266 4116 4116 4116 4117 
1286 1462 1594 16383 1388 1409 1315 1118 969 1334 1216 1359 4116 4116 4116 4117 
1284 1458 1363 16383 1386 1406 1314 1118 962 1334 1233 1381 4116 4116 4116 4117 
1282 1453 1586 16383 1386 1406 1314 1117 966 1334 1231 1284 4117 4117 4117 4118 
1283 1462 1361 16383 1384 1407 1314 1117 940 1334 1252 1291 4117 4117 4117 4118 
1284 1455 1501 16383 1387 1407 1315 1118 942 1334 1187 1267 4116 4116 4116 4117 
1284 1454 1267 16383 1386 1407 1314 1118 950 1334 4116 4116 4116 4116 4116 4117 
1284 1473 4120 16383 1387 1408 1315 1119 980 1333 2825 4116 4116 4116 4116 4117 
1284 1458 1534 16383 1388 1407 1314 1117 990 1333 1212 4116 4116 4116 4116 4117 
1284 1462 1260 16383 1389 1408 1314 1117 993 1334 4117 4116 4116 4116 4116 4117 
1282 1518 1530 16383 1386 1406 1314 1118 998 1335 1271 1326 4117 4117 4117 4118 
1284 1466 1500 16383 1387 1406 1315 1118 978 1333 1257 4116 4116 4116 4116 4117 
1285 1467 1267 16383 1390 1409 1316 1120 935 1334 4116 4116 4116 4116 4116 4117 
1283 1458 1292 16383 1387 1407 1315 1118 907 1335 4118 4117 4117 4117 4117 4118 
1285 1450 1394 16383 1390 1410 1317 1119 958 1334 1226 1272 4116 4116 4116 4117 
1283 1465 1442 16383 1387 1407 1314 1118 978 1333 1069 1307 4116 4116 4116 4117 
1284 1455 1265 16383 1388 1408 1315 1118 929 1334 4117 1261 4116 4116 4116 4117 
1285 1488 1463 16383 1389 1407 1315 1118 991 1335 1264 1335 4116 4116 4116 4117 
1286 1444 1590 16383 1389 1409 1316 1118 1070 1334 1330 4116 4116 4116 4116 4117 
1283 1460 1268 16383 1386 1406 1314 1117 902 1332 4117 4116 4117 4116 4117 4118 
1286 1458 1473 16383 1389 1408 1314 1119 925 1335 1257 1264 4116 4116 4116 4117 
1284 1482 1571 16383 1387 1405 1314 1118 988 1334 1257 1307 4116 4116 4116 4117 
1284 1700 1266 16383 1386 1407 1314 1117 969 1334 4116 4116 4116 4116 4116 4117 
1284 1451 1356 16383 1387 1407 1314 1117 903 1334 1158 4117 4117 4117 4117 4118 
1284 1447 1366 16383 1388 1407 1315 1118 965 1334 1237 1286 4116 4116 4116 4117 
1284 1471 1890 16383 1387 1408 1314 1118 979 1333 1897 1335 4115 4115 4115 4116 
1284 1478 1426 16383 1386 1406 1316 1118 928 1334 1213 1269 4117 4117 4117 4118 
1285 1467 1340 16383 1390 1410 1315 1120 970 1334 1230 1319 4116 4116 4116 4117 
1284 1445 1534 16383 1387 1409 1317 1118 964 1334 1195 1289 4116 4116 4116 4117 
1286 1466 1863 16383 1390 1412 1317 1119 967 1334 1853 1315 4117 4117 4117 4118 
1284 1458 1716 16383 1388 1408 1316 1119 900 1335 1220 1239 4117 4117 4117 4118 
1283 1454 1492 16383 1387 1406 1315 1119 921 1334 1186 4116 4116 4116 4116 4117 
1280 1631 1407 16383 1385 1406 1312 1117 1031 1334 1631 4116 4116 4116 4116 4117 
1283 1462 1404 16383 1386 1406 1314 1117 1084 1334 2030 4116 4116 4116 4116 4117 
1284 1455 1269 16383 1389 1407 1316 1118 886 1334 4116 4116 4116 4116 4116 4117 
1282 1476 1378 16383 1387 1405 1314 1116 1049 1335 1334 4117 4117 4117 4117 4118 
1284 1458 1591 16383 1388 1408 1316 1118 964 1334 1196 1292 4117 4117 4117 4118 
1283 1455 1459 16383 1386 1406 1313 1117 955 1333 1235 1264 4116 4116 4116 4117 
1284 1460 1346 16383 1386 1408 1316 1120 994 1334 1237 4116 4116 4116 4116 4117 
1284 1464 1338 16383 1386 1408 1314 1118 970 1334 1262 1299 4116 4116 4116 4117 
1286 1460 1383 16383 1388 1408 1316 1118 961 1334 1207 4117 4117 4117 4117 4118 
1284 1484 1266 16383 1388 1407 1315 1119 995 1335 4118 4117 4117 4117 4117 4118 
1282 1499 1523 16383 1386 1408 1313 1117 1004 1336 1600 3130 4116 4116 4116 4117 
1282 1452 1369 16383 1387 1407 1315 1118 972 1334 1263 4116 4116 4116 4116 4117 
1282 1470 1412 16383 1386 1407 1315 1117 991 1334 1231 1318 4116 4116 4116 4117 
1284 1462 1431 15525 1388 1408 1316 1119 954 1333 1212 1285 4116 4116 4116 4117 
1283 1454 1482 16383 1388 1408 1315 1117 970 1334 1796 1300 4117 4117 4117 4118 
1283 1462 1375 16383 1388 1406 1314 1117 965 1334 1218 4117 4117 4117 4117 4118 
1282 1491 1335 16383 1387 1408 1314 1118 1006 1337 1254 1342 4116 4116 4116 4117 
1284 1498 1268 16383 1388 1409 1315 1118 980 1334 4117 4117 4117 4117 4117 4118 
1283 1477 1266 16383 1387 1408 1315 1120 984 1333 4117 4116 4116 4116 4116 4117 
1284 1469 1314 16383 1388 1406 1315 1118 912 1334 951 4117 4117 4117 4117 4118 
1283 1495 1386 16383 1388 1406 1316 1117 981 1333 1267 1317 4117 4117 4117 4118 
1284 1456 1269 16383 1389 1408 1315 1119 901 1335 4118 4117 4117 4117 4117 4118 
1283 1440 1410 16383 1386 1406 1314 1117 1037 1335 1308 1371 4116 4116 4116 4117 
1284 1583 1354 16383 1388 1409 1315 1119 1016 1334 1304 1324 4116 4116 4116 4117 
1285 1444 1555 16383 1388 1409 1315 1118 959 1334 1137 3600 4116 4116 4116 4117 
1283 1467 1268 16383 1386 1407 1315 1119 939 1334 4118 4117 4117 4117 4117 4118 
1282 1455 1595 16383 1387 1407 1314 1116 970 1334 1235 1309 4116 4116 4116 4117 
1285 1466 1398 16383 1387 1407 1314 1118 986 1333 1244 4117 4117 4117 4117 4118 
1282 1483 1597 16383 1387 1404 1314 1117 985 1334 1231 4117 4117 4117 4117 4118 
1284 1463 1389 16383 1387 1406 1314 1118 957 1333 0 1285 4117 4117 4117 4118 
1283 1503 1262 16383 1387 1406 1315 1119 1017 1334 4117 4116 4116 4116 4116 4117 
1283 1460 1599 16383 1387 1407 1314 1117 961 1334 1188 0 4116 4116 4116 4117 
1284 1473 1342 16383 1388 1406 1316 1119 975 1334 1244 1328 4117 4117 4117 4118 
1282 2346 8074 16383 1386 1405 1313 1117 1056 1333 4117 1383 4116 4116 4116 4117 
1282 1482 1514 16383 1388 1408 1315 1118 977 1334 1241 1300 4116 4116 4116 4117 
1283 1511 1262 16383 1386 1406 1314 1118 1006 1336 4117 1342 4116 4116 4116 4117 
1285 1460 1266 16383 1389 1408 1317 1119 973 1334 4117 4116 4116 4116 4116 4117 
1285 1550 1863 16383 1389 1408 1315 1119 993 1334 1250 1340 4117 4117 4117 4118 
1282 1474 1556 16383 1387 1408 1314 1117 946 1333 1187 4117 4117 4117 4117 4118 
1284 1457 1427 16383 1387 1409 1315 1118 957 1333 1216 4115 4115 4115 4115 4116 
1271 4675 2710 13047 1352 1376 1274 1063 0 3001 4117 4117 4117 4117 4117 4118 
1283 1457 1287 16383 1386 1406 1314 1118 934 1334 1239 1280 4117 4117 4117 4118 
1285 1477 1613 16383 1390 1407 1316 1120 977 1334 1243 4116 4116 4116 4116 4117 
1283 1470 1371 16383 1387 1406 1314 1118 978 1334 1256 4116 4116 4116 4116 4117 
1283 1438 1433 16383 1388 1405 1314 1116 1059 1333 1311 1394 4117 4117 4117 4118 
1285 1470 1622 16383 1387 1406 1314 1118 989 1334 1236 1299 4116 4116 4116 4117 
1285 1465 1559 16383 1389 1409 1315 1119 953 1334 1870 4117 4117 4117 4117 4118 
1282 1485 1311 16383 1386 1407 1313 1117 979 1334 1276 4116 4116 4116 4116 4117 
1284 1470 1327 16383 1386 1406 1313 1117 984 1333 1241 1326 4116 4116 4116 4117 
1282 1448 1496 16383 1388 1406 1314 1117 950 1334 2543 1327 4116 4116 4116 4117 
1284 1448 1466 16383 1389 1409 1316 1119 942 1333 1228 1247 4116 4116 4116 4117 
1282 1474 1388 16383 1386 1406 1313 1116 958 1334 1216 1286 4116 4116 4116 4117 
1283 1465 1411 16383 1388 1406 1314 1119 983 1333 1240 1330 4116 4116 4116 4117 
1282 1462 1403 16383 1388 1406 1315 1118 968 1334 1231 1328 4116 4116 4116 4117 
1284 1476 1505 16383 1387 1407 1315 1118 955 1334 1245 1364 4116 4116 4116 4117 
1284 1478 1403 16383 1386 1406 1314 1116 1062 1334 1328 4117 4117 4117 4117 4118 
1283 1487 1445 16383 1386 1406 1315 1117 942 1334 1262 4116 4116 4116 4116 4117 
1284 1474 1366 16383 1388 1406 1314 1118 1001 1336 1257 1337 4116 4116 4116 4117 
1286 1465 1267 16383 1390 1407 1316 1119 992 1334 4117 4116 4116 4116 4116 4117 
1285 1480 1266 16383 1389 1409 1315 1120 985 1333 4117 4116 4116 4116 4116 4117 
1283 1532 1444 16383 1387 1407 1315 1119 1013 1334 1265 1330 4116 4116 4116 4117 
1285 1506 1311 16383 1387 1407 1315 1119 1018 1335 1288 1352 4116 4116 4116 4117 
1285 1507 2100 16383 1388 1407 1316 1117 1000 1335 1877 1323 4116 4116 4116 4117 
1282 1495 1444 16383 1387 1406 1312 1116 1034 1334 1257 4116 4116 4116 4116 4117 
1282 1467 1496 16383 1385 1407 1314 1118 959 1334 1249 1320 4117 4117 4117 4118 
1284 1477 1373 16383 1388 1407 1317 1118 894 1334 1596 4116 4116 4116 4116 4117 
1283 1463 1297 16383 1387 1407 1314 1118 935 1333 1309 4116 4116 4116 4116 4117 
1283 1466 1779 16383 1387 1406 1314 1116 987 1333 1224 1316 4117 4117 4117 4118 
1285 1493 1512 16383 1387 1408 1314 1118 1001 1336 1262 1324 4116 4116 4116 4117 
1283 1482 1519 16383 1386 1406 1314 1116 994 1334 1282 1317 4115 4115 4115 4116 
1283 1457 1307 16383 1386 1408 1315 1120 930 1334 1212 4117 4117 4117 4117 4118 
1285 1456 1268 16383 1389 1408 1315 1117 972 1334 4117 4116 4116 4116 4116 4117 
1283 1455 1652 16383 1385 1406 1315 1116 963 1334 1168 1304 4116 4116 4116 4117 
1284 1450 1654 16383 1388 1407 1314 1118 971 1334 1213 4116 4116 4116 4116 4117 
1282 1448 1266 16383 1387 1406 1314 1117 941 1333 4116 4116 4116 4116 4116 4117 
1283 1475 1430 16383 1386 1407 1315 1116 991 1334 1241 4116 4116 4116 4116 4117 
1284 1464 1442 16383 1387 1408 1314 1117 965 1334 1240 4117 4117 4117 4117 4118 
1282 1457 1305 16383 1387 1407 1314 1118 937 1334 1281 4116 4116 4116 4116 4117 
1285 1511 5727 16383 1388 1409 1314 1118 989 1334 4117 1348 4116 4116 4116 4117 
1283 1471 1323 16383 1386 1406 1314 1117 974 1334 1273 4117 4117 4117 4117 4118 
1284 1466 1320 16383 1388 1406 1314 1117 981 1334 1362 4116 4116 4116 4116 4117 
1283 1470 1547 16383 1389 1408 1316 1118 970 1334 1216 1300 4116 4116 4116 4117 
1285 1503 1267 16383 1389 1409 1315 1118 1007 1336 4116 4116 4116 4116 4116 4117 
1284 1457 1422 16383 1387 1406 1315 1118 966 1334 1229 1325 4116 4116 4116 4117 
1283 1471 1689 16383 1387 1407 1315 1117 990 1334 1220 1324 4116 4116 4116 4117 
1284 1461 1570 16383 1388 1408 1314 1118 944 1333 1212 4116 4116 4116 4116 4117 
1283 1465 1404 16383 1388 1408 1315 1118 978 1333 1242 1336 4116 4116 4116 4117 
1284 1451 1394 16383 1387 1406 1315 1118 1070 1334 1336 4116 4116 4116 4116 4117 
1283 1494 1671 16383 1386 1406 1315 1117 1000 1335 2035 4116 4116 4116 4116 4117 
1287 1469 1400 16383 1388 1410 1316 1119 954 1333 1220 1280 4117 4117 4117 4118 
1285 1308 1143 1712 1388 1409 1318 1120 0 1328 4118 4117 4117 4117 4117 4118 
1285 1447 1594 16383 1388 1409 1317 1119 967 1334 1553 1317 4116 4116 4116 4117 
1282 1470 1395 16383 1386 1406 1313 1117 953 1334 1239 1288 4116 4116 4116 4117 
1284 1484 1425 16383 1386 1406 1315 1118 991 1334 1262 1317 4117 4117 4117 4118 
1284 1452 1268 16274 1388 1408 1314 1119 1020 1334 4116 4116 4116 4116 4116 4117 
1282 1461 1599 16383 1386 1406 1313 1118 980 1334 1238 1306 4117 4117 4117 4118 
1283 1458 1323 16383 1388 1407 1315 1119 1040 1335 1308 4116 4117 4116 4117 4118 
1284 1470 1350 16383 1387 1408 1315 1118 968 1334 1243 1299 4117 4117 4117 4118 
1282 1528 1459 16383 1386 1405 1316 1118 1007 1336 1267 1344 4116 4116 4116 4117 
1284 1466 1450 16383 1388 1406 1316 1118 938 1333 1246 4117 4117 4117 4117 4118 
1284 1469 1594 16383 1386 1406 1315 1118 954 1333 1216 1294 4116 4116 4116 4117 
1285 1479 1357 16383 1388 1408 1316 1119 956 1334 1217 4117 4117 4117 4117 4118 
1284 1462 1367 16383 1387 1408 1315 1118 935 1334 1251 4116 4116 4116 4116 4117 
1284 1462 1287 16383 1388 1408 1313 1117 925 1334 4116 4116 4116 4116 4116 4117 
1283 1474 1390 16383 1386 1406 1313 1118 911 1335 1261 4116 4116 4116 4116 4117 
1283 1480 1505 16383 1386 1406 1314 1117 966 1334 1212 1314 4116 4116 4116 4117 
1285 1468 1314 16383 1389 1407 1316 1118 974 1334 1307 4116 4116 4116 4116 4117 
1283 1460 1642 16383 1386 1406 1314 1117 967 1334 1224 1297 4116 4116 4116 4117 
1286 1482 1495 16383 1390 1408 1317 1119 1007 1336 1256 1351 4117 4117 4117 4118 
1284 1446 1468 16383 1388 1407 1315 1117 974 1334 1214 1279 4116 4116 4116 4117 
1284 1458 1447 16383 1387 1407 1314 1118 939 1333 1192 1288 4117 4117 4117 4118 
1282 1457 1263 16383 1387 1406 1315 1117 940 1334 4116 4116 4116 4116 4116 4117 
1284 1470 1352 16383 1389 1407 1316 1119 971 1334 1242 1303 4117 4117 4117 4118 
1285 1466 1389 16383 1389 1408 1316 1119 986 1333 1078 299 4117 4117 4117 4118 
1284 1462 1455 16383 1386 1408 1314 1118 957 1333 1239 4117 4117 4117 4117 4118 
1283 1484 1337 16383 1386 1406 1315 1118 989 1334 1261 1321 4117 4117 4117 4118 
1286 1467 1270 16383 1388 1408 1316 1118 914 1334 4118 4117 4117 4117 4117 4118 
1285 1512 1483 16383 1387 1407 1315 1118 1008 1335 1963 4117 4117 4117 4117 4118 
1284 1540 1362 16383 1387 1407 1316 1118 994 1335 1288 1354 4116 4116 4116 4117 
1283 1471 1336 16383 1386 1408 1314 1117 958 1334 1299 4116 4116 4116 4116 4117 
1282 1468 1394 16383 1385 1405 1314 1116 971 1334 1255 4117 4117 4117 4117 4118 
1284 1472 1368 16383 1389 1408 1316 1119 991 1334 1305 1347 4117 4117 4117 4118 
1286 1463 1270 16383 1389 1408 1317 1119 922 1334 4117 4117 4117 4117 4117 4118 
1285 1458 1420 16383 1390 1408 1317 1119 928 1334 1189 1255 4116 4116 4116 4117 
1283 1511 1605 16383 1387 1406 1313 1117 1012 1335 1262 4117 4117 4117 4117 4118 
1285 1498 1275 16383 1389 1408 1317 1118 1014 1334 4116 4116 4116 4116 4116 4117 
1284 1476 1617 16383 1386 1408 1316 1119 992 1334 1218 4117 4117 4117 4117 4118 
1284 1458 1399 16383 1387 1407 1316 1118 956 1333 853 4117 4117 4117 4117 4118 
1284 1496 1349 16383 1388 1406 1315 1118 1005 1336 1260 4117 4117 4117 4117 4118 
1285 1470 1413 16383 1388 1406 1314 1118 959 1334 1239 4117 4117 4117 4117 4118 
1283 1468 1266 16383 1386 1406 1314 1118 974 1334 4116 1289 4116 4116 4116 4117 
1284 1508 1265 16383 1384 1405 1313 1117 990 1334 4117 4116 4116 4116 4116 4117 
1284 1442 1438 16383 1388 1409 1318 1120 1016 1334 1284 1377 4116 4116 4116 4117 
1284 1485 1271 16383 1388 1408 1314 1120 993 1334 4118 4117 4117 4117 4117 4117 
1283 1458 1511 16383 1386 1407 1313 1118 954 1333 2024 1301 4116 4116 4116 4117 
1284 1464 1268 16383 1388 1408 1316 1116 916 1334 4117 4116 4116 4116 4116 4117 
1282 1454 1377 16383 1387 1406 1315 1119 941 1333 1262 4116 4116 4116 4116 4117 
1283 1455 1526 16383 1386 1406 1315 1117 973 1334 1244 4115 4115 4115 4115 4116 
1283 1467 1615 16383 1388 1407 1316 1118 981 1333 1233 4116 4116 4116 4116 4117 
1284 1567 1364 16383 1386 1407 1315 1118 988 1333 1306 1359 4116 4116 4116 4117 
1284 1448 1335 16383 1386 1405 1314 1116 944 1333 1238 1278 4116 4116 4116 4117 
1284 1465 1271 16383 1389 1409 1316 1119 888 1334 4117 4116 4116 4116 4116 4117 
1284 1488 1266 16383 1388 1407 1315 1118 1010 1336 4117 4116 4116 4116 4116 4117 
1283 1450 1301 16383 1386 1408 1315 1118 848 1334 1200 4117 4117 4117 4117 4118 
1285 1464 1491 16383 1388 1407 1316 1119 966 1334 1222 1314 4116 4116 4116 4117 
1286 1460 1495 16383 1389 1409 1316 1119 953 1333 1212 1300 4116 4116 4116 4117 
1284 1455 1267 16383 1388 1408 1316 1117 959 1334 4116 4116 4116 4116 4116 4116 
1286 1477 1270 16383 1389 1409 1316 1121 980 1334 4116 4116 4116 4116 4116 4117 
1282 1461 1266 16151 1386 1406 1313 1118 996 1335 4117 4116 4116 4116 4116 4117 
1285 1465 1597 16383 1390 1410 1318 1120 932 1334 1186 4116 4116 4116 4116 4117 
1284 1488 1426 16383 1388 1410 1316 1118 991 1334 1263 1301 4116 4116 4116 4117 
1284 1478 1268 16383 1389 1408 1316 1118 999 1335 4117 4117 4117 4117 4117 4118 
1284 1468 1446 16383 1388 1409 1316 1118 944 1333 1232 4117 4117 4117 4117 4118 
1284 1470 1306 16383 1386 1406 1314 1118 968 1334 1388 1318 4117 4117 4117 4118 
1282 1454 1483 16383 1386 1405 1313 1116 954 1333 1214 1307 4116 4116 4116 4117 
1284 1491 1482 16383 1386 1407 1316 1116 986 1333 1263 4117 4117 4117 4117 4118 
1282 1465 1551 16383 1388 1408 1314 1117 972 1333 1221 1295 4117 4117 4117 4118 
1284 1482 1269 16383 1388 1407 1314 1118 960 1334 4117 4116 4116 4116 4116 4117 
1285 1448 1406 16383 1388 1407 1315 1117 904 1334 1956 4117 4117 4117 4117 4118 
1284 1830 1260 16383 1388 1408 1315 1117 968 1334 4118 216 4117 4117 4117 4118 
1284 1486 1378 16383 1386 1406 1314 1117 1005 1335 1250 4116 4116 4116 4116 4117 
1284 1468 1266 16383 1388 1409 1316 1119 934 1334 4117 4117 4117 4117 4117 4118 
1283 1467 1266 16383 1387 1408 1314 1118 907 1334 4116 4116 4116 4116 4116 4117 
1285 1481 1967 16383 1388 1409 1315 1119 955 1333 1893 1302 4117 4117 4117 4118 
1284 1472 1428 16383 1389 1408 1314 1117 952 1333 1252 4116 4116 4116 4116 4117 
1284 1459 1280 16383 1387 1406 1314 1118 958 1334 4117 1297 4116 4116 4116 4117 
1283 1455 1286 16383 1386 1406 1315 1116 940 1334 4117 1272 4116 4116 4116 4117 
1282 1460 1270 16383 1386 1406 1314 1117 965 1334 4116 4116 4116 4116 4116 4117 
1282 1462 1258 16383 1386 1407 1312 1116 963 1334 4117 4116 4116 4116 4116 4117 
1283 1467 1529 16383 1386 1407 1314 1116 960 1333 2173 1306 4116 4116 4116 4117 
1283 1479 1267 16383 1386 1405 1314 1117 917 1334 4116 4116 4116 4116 4116 4117 
1284 1451 1268 16383 1386 1407 1314 1117 1036 1335 4116 4116 4116 4116 4116 4117 
1284 1464 1718 16383 1388 1406 1314 1117 973 1334 1233 1315 4117 4117 4117 4118 
1284 1431 1306 16383 1386 1409 1316 1118 1118 1333 1314 4116 4117 4116 4117 4118 
1282 1463 1264 16383 1386 1405 1314 1117 948 1334 4116 4116 4116 4116 4116 4117 
1285 1464 1267 16383 1388 1407 1314 1117 942 1333 4117 4116 4116 4116 4116 4117 
1283 1466 1262 16383 1388 1407 1315 1118 986 1333 4118 4117 4117 4117 4117 4118 
1282 1449 1300 16383 1388 1408 1315 1118 970 1334 1221 4116 4116 4116 4116 4117 
1283 1498 1285 16383 1386 1405 1315 1116 946 1333 4048 4117 4117 4117 4117 4118 
1282 1460 1265 16383 1386 1406 1313 1117 976 1334 4116 4116 4116 4116 4116 4117 
1283 1459 1554 16383 1387 1406 1315 1119 950 1333 1193 4116 4116 4116 4116 4117 
1283 1464 1422 16383 1387 1406 1315 1117 914 1334 1247 4116 4116 4116 4116 4117 
1283 1497 1282 16383 1386 1406 1314 1117 1002 1336 4116 4116 4116 4116 4116 4117 
1283 1457 1470 16383 1387 1406 1314 1118 943 1334 1208 1265 4117 4117 4117 4118 
1284 1469 1508 16383 1387 1407 1317 1118 962 1334 1228 1312 4116 4116 4116 4117 
1283 1546 1268 16383 1387 1406 1314 1116 996 1335 4117 4117 4117 4117 4117 4118 
1285 1463 1607 16383 1389 1408 1314 1118 954 1333 1987 1302 4116 4116 4116 4117 
1283 1460 1494 16383 1388 1406 1315 1117 952 1333 1224 1305 4116 4116 4116 4117 
1282 1454 1534 16383 1387 1406 1313 1118 969 1334 1226 4116 4116 4116 4116 4117 
1283 1465 1320 16383 1387 1408 1314 1118 962 1333 1242 0 4117 4117 4117 4118 
1283 1470 1267 16383 1387 1407 1315 1116 918 1334 4117 4116 4116 4116 4116 4117 
1285 1466 1518 16383 1388 1409 1316 1118 991 1334 1241 1312 4116 4116 4116 4117 
1282 1457 1267 16383 1386 1405 1314 1117 870 1333 4116 4116 4116 4116 4116 4117 
1282 1456 1258 16383 1385 1405 1314 1116 938 1334 4116 662 4116 4116 4116 4117 
1283 1466 1447 16383 1386 1405 1314 1117 988 1333 1236 1342 4117 4117 4117 4118 
1284 1465 1265 16383 1386 1408 1315 1118 921 1334 4118 4117 4117 4117 4117 4118 
1282 1463 1459 16383 1386 1406 1314 1116 960 1334 2187 1284 4116 4116 4116 4117 
1282 1465 1503 16383 1386 1405 1315 1117 963 1334 1216 1329 4116 4116 4116 4117 
1283 1452 1484 16383 1386 1406 1313 1118 957 1334 1216 4116 4116 4116 4116 4117 
1284 1485 1274 16383 1388 1407 1314 1117 954 1334 4117 4116 4116 4116 4116 4117 
1282 1478 1303 16383 1385 1406 1314 1115 996 1334 1308 4116 4116 4116 4116 4117 
1287 1450 1221 16383 1389 1410 1318 1121 1239 415 3126 4116 4116 4116 4116 4117 
1285 1487 1292 16383 1389 1408 1316 1118 983 1333 1336 4116 4116 4116 4116 4117 
1282 1471 1270 16383 1387 1406 1314 1116 972 1334 4117 4116 4116 4116 4116 4117 
1282 1471 1265 16383 1387 1405 1313 1116 983 1334 4116 4116 4116 4116 4116 4117 
1284 1462 1267 16383 1388 1408 1315 1118 958 1334 4117 4116 4116 4116 4116 4117 
1284 1452 1316 16383 1386 1408 1316 1117 960 1334 1274 1291 4116 4116 4116 4117 
1284 1450 1505 16383 1388 1407 1315 1117 941 1334 1197 4117 4117 4117 4117 4118 
1286 1476 1706 16383 1389 1409 1316 1120 968 1334 1233 1307 4116 4116 4116 4117 
1284 1484 1269 16383 1388 1409 1316 1119 924 1334 4117 4116 4116 4116 4116 4117 
1284 1478 1365 16383 1388 1408 1315 1118 951 1334 1238 4117 4117 4117 4117 4118 
1282 1462 1638 16383 1388 1406 1315 1117 984 1333 1239 4116 4116 4116 4116 4117 
1282 1464 1347 16383 1386 1406 1316 1116 955 1333 1235 4116 4116 4116 4116 4117 
1284 1452 1420 16383 1387 1406 1313 1116 968 1334 2390 4116 4116 4116 4116 4117 
1283 1473 1494 16383 1388 1408 1314 1118 928 1334 1211 1265 4116 4116 4116 4117 
1284 1466 1364 16383 1389 1407 1315 1119 911 1334 1164 0 4117 4117 4117 4118 
1286 1470 1479 16383 1390 1410 1318 1119 968 1334 1217 4116 4116 4116 4116 4117 
1284 1469 1386 16383 1388 1406 1316 1118 974 1334 3878 1327 4116 4116 4116 4117 
1284 1462 1335 16383 1387 1407 1314 1117 935 1334 1202 4117 4117 4117 4117 4118 
1282 1456 1409 16383 1386 1404 1313 1117 976 1334 1257 1340 4116 4116 4116 4117 
1285 1478 1441 16383 1388 1408 1314 1119 990 1333 1221 4116 4116 4116 4116 4117 
1284 1460 1506 16383 1387 1407 1315 1116 922 1334 1222 1299 4117 4117 4117 4118 
1282 1479 1279 16383 1387 1407 1315 1117 981 1333 2824 4117 4117 4117 4117 4118 
1282 1463 1276 16383 1385 1404 1313 1116 929 1334 4116 4115 4115 4115 4115 4116 
1284 1459 1281 16383 1388 1407 1314 1118 914 1334 4116 4116 4116 4116 4116 4117 
1283 1478 1458 16383 1387 1406 1315 1117 978 1334 1246 4116 4116 4116 4116 4117 
1284 1450 1483 16383 1388 1407 1314 1117 964 1333 1214 1329 4116 4116 4116 4117 
1285 1462 1523 16383 1389 1408 1317 1119 967 1334 1213 4115 4115 4115 4115 4116 
1284 1479 1359 16383 1386 1406 1315 1118 986 1333 1248 1323 4116 4116 4116 4117 
1282 1555 1392 16383 1385 1405 1314 1117 986 1334 2617 4116 4116 4116 4116 4117 
1285 1524 1275 16383 1389 1408 1315 1119 975 1334 4117 4116 4116 4116 4117 4118 
1283 1478 1266 16383 1386 1406 1312 1118 946 1333 4117 4116 4116 4116 4116 4117 
1282 1471 1978 16383 1388 1405 1314 1117 975 1334 1211 4116 4116 4116 4116 4117 
1283 1460 1541 16383 1386 1406 1312 1117 941 1333 2014 1302 4115 4115 4115 4116 
1284 1457 1269 16383 1388 1407 1314 1117 903 1335 3947 4116 4116 4116 4116 4117 
1284 1466 1802 16383 1387 1408 1315 1117 975 1334 1217 4116 4116 4116 4116 4117 
1285 1447 1269 16383 1389 1408 1315 1118 1054 1334 4117 4116 4116 4116 4116 4117 
1283 1460 1407 16383 1386 1407 1313 1116 987 1334 1231 4116 4116 4116 4116 4117 
1282 1464 1530 16383 1386 1406 1314 1115 940 1334 2036 1248 4116 4116 4116 4117 
1283 1451 1295 16383 1387 1407 1316 1118 1023 1334 1353 4117 4117 4117 4117 4118 
1286 1476 1266 16383 1389 1408 1316 1119 982 1333 4116 4116 4116 4116 4116 4117 
1283 1441 1649 16383 1388 1406 1314 1117 972 1334 1260 1324 4117 4117 4117 4118 
1283 1458 1292 16383 1388 1407 1313 1115 917 1334 1236 4117 4117 4117 4117 4118 
1285 1465 1469 16383 1387 1407 1316 1118 993 1334 1242 1294 4116 4116 4116 4117 
1285 1455 1291 16383 1388 1407 1316 1118 940 1334 4117 1244 4116 4116 4116 4117 
1282 1483 1313 16383 1386 1406 1313 1117 927 1334 1281 1330 4116 4116 4116 4117 
1284 1460 1810 16383 1387 1407 1315 1117 970 1333 1213 1326 4117 4117 4117 4118 
1282 1477 1556 16383 1387 1407 1314 1117 994 1334 1239 1322 4116 4116 4116 4117 
1284 1472 1439 16383 1386 1406 1314 1118 985 1333 1237 1311 4115 4115 4115 4116 
1284 1460 1267 16383 1387 1406 1314 1117 895 1334 4117 4116 4116 4116 4116 4117 
1284 1468 1370 16383 1389 1407 1315 1119 968 1334 1241 1295 4116 4116 4116 4117 
1284 1471 1302 16383 1389 1408 1315 1117 978 1334 1250 4116 4116 4116 4116 4117 
1281 1478 1522 16383 1386 1404 1312 1115 986 1334 1221 1317 4116 4116 4116 4117 
1284 1456 1600 16383 1386 1407 1314 1117 931 1334 2039 4116 4116 4116 4116 4117 
1285 1477 1389 16383 1388 1408 1317 1118 993 1334 1228 4117 4117 4117 4117 4118 
1285 1472 1754 16383 1387 1408 1315 1118 979 1333 1238 1300 4117 4117 4117 4118 
1284 1455 1325 16383 1388 1407 1314 1118 942 1334 1346 1322 4116 4116 4116 4117 
1283 1467 1383 16383 1387 1407 1314 1119 986 1333 1289 4116 4116 4116 4116 4117 
1284 1465 1409 16383 1388 1406 1315 1118 969 1334 1242 4116 4116 4116 4116 4117 
1284 1466 1425 16383 1389 1408 1317 1119 980 1333 1244 1301 4116 4116 4116 4117 
1285 1469 1923 16383 1388 1409 1317 1119 961 1334 1198 1284 4116 4116 4116 4117 
1284 1451 1393 16383 1388 1407 1316 1118 975 1333 1242 1310 4116 4116 4116 4117 
1282 1446 1389 16383 1386 1407 1314 1117 968 1334 1221 1341 4116 4116 4116 4117 
1284 1454 1266 16383 1387 1407 1315 1118 947 1333 4117 4116 4116 4116 4116 4117 
1284 1465 1677 16383 1388 1406 1315 1117 968 1334 1521 1320 4117 4117 4117 4118 
1281 1442 1265 16383 1386 1407 1314 1116 947 1333 4116 4116 4116 4116 4116 4117 
1285 1467 1551 16383 1388 1407 1314 1119 950 1334 1251 1349 4117 4117 4117 4118 
1284 1459 1472 16383 1389 1407 1315 1118 1013 1334 1294 4117 4117 4117 4117 4118 
1282 1438 1533 16383 1387 1408 1314 1118 927 1334 1182 1228 4116 4116 4116 4117 
1282 1487 1406 16383 1386 1406 1312 1116 970 1334 1241 1288 4116 4116 4116 4117 
1283 1449 1349 16383 1388 1407 1315 1116 956 1333 1214 4115 4115 4115 4115 4116 
1285 1477 1270 16383 1388 1408 1316 1118 967 1333 4117 1283 4117 4117 4117 4118 
1284 1460 1263 16383 1387 1407 1314 1118 992 1334 4116 4116 4116 4116 4116 4117 
1284 1460 1560 16383 1388 1406 1317 1118 948 1333 2023 1293 4115 4115 4115 4116 
1282 1472 1271 16383 1386 1406 1314 1117 960 1334 4118 4117 4117 4117 4117 4118 
1284 1470 1554 16383 1388 1407 1314 1117 988 1334 1234 4117 4117 4117 4117 4118 
1285 1452 1378 16383 1391 1409 1316 1120 952 1334 1267 1280 4116 4116 4116 4117 
1281 1494 1435 16383 1386 1407 1313 1115 1051 1334 1246 1328 4116 4116 4116 4117 
1284 1468 1270 16383 1387 1406 1314 1118 964 1334 4117 4116 4116 4116 4116 4117 
1284 1454 1531 16383 1387 1407 1315 1117 962 1334 1215 1293 4115 4115 4115 4116 
1284 1474 1536 16383 1388 1407 1316 1118 992 1334 1234 1330 4116 4116 4116 4117 
1283 1464 1576 16383 1388 1405 1315 1118 949 1333 2046 4116 4116 4116 4116 4117 
1284 1442 1265 16383 1386 1408 1314 1118 908 1334 4116 4116 4116 4116 4116 4117 
1284 1519 1276 16383 1386 1406 1314 1116 981 1334 4117 4117 4117 4117 4117 4118 
1282 1476 1332 16383 1387 1406 1313 1117 942 1333 1233 4117 4117 4117 4117 4118 
1282 1460 1542 16383 1388 1407 1314 1118 944 1334 1190 1270 4116 4116 4116 4117 
1282 1468 1453 16383 1387 1406 1314 1116 970 1334 1270 1316 4117 4117 4117 4118 
1285 1491 1271 16383 1389 1407 1316 1118 958 1334 4118 4117 4117 4117 4117 4118 
1283 1460 1409 16383 1386 1406 1315 1116 918 1334 1974 1271 4116 4116 4116 4117 
