1409 1454 1257 16383 1384 1404 1313 1109 972 1331 4118 4117 4117 4117 4117 4118 
1415 1449 1396 16383 1384 1404 1314 1110 972 1331 1229 1333 4117 4117 4117 4118 
1403 1450 2653 16383 1385 1405 1312 1111 964 1331 3840 1317 4117 4117 4117 4118 
1411 1437 1390 16383 1386 1404 1313 1112 949 1331 1226 1295 4117 4117 4117 4118 
1399 1471 1439 16383 1385 1405 1314 1111 996 1332 1254 1338 4117 4117 4117 4118 
1423 1461 1549 16383 1385 1404 1314 1111 960 1331 1233 4117 4117 4117 4117 4118 
1404 1458 1427 16383 1384 1405 1312 1111 966 1331 1218 4117 4117 4117 4117 4118 
1406 1437 1261 16383 1387 1407 1317 1114 1048 1332 4118 4117 4117 4117 4117 4118 
1398 1458 1615 16383 1387 1406 1316 1112 988 1331 1235 1316 4117 4117 4117 4118 
1410 1460 1500 16383 1385 1405 1314 1111 990 1331 1231 1314 4117 4117 4117 4118 
1419 1452 1262 16383 1384 1405 1314 1111 953 1331 4118 4117 4117 4117 4117 4118 
1387 1474 1259 16383 1385 1405 1314 1112 942 1330 4117 4116 4116 4116 4116 4117 
1463 1451 1410 16383 1386 1406 1315 1113 951 1330 1222 1338 4117 4117 4117 4118 
1423 1436 1312 16383 1384 1408 1316 1113 944 1331 1232 1276 4117 4117 4117 4118 
1405 1463 1260 16383 1385 1407 1315 1113 1002 1333 4117 4116 4116 4116 4116 4117 
1397 1474 1260 16383 1386 1406 1316 1115 1009 1332 4118 4117 4117 4117 4117 4118 
1484 1433 1650 16383 1384 1405 1315 1111 1002 1333 1275 1356 4116 4116 4116 4117 
1393 1444 1501 16383 1383 1404 1314 1112 970 1331 1203 1318 4116 4116 4116 4117 
1384 1437 1586 16383 1382 1404 1313 1111 965 1331 1213 1332 4117 4117 4117 4118 
1397 1448 1441 16383 1384 1405 1314 1111 956 1331 1206 4116 4116 4116 4116 4117 
1374 1468 1413 16383 1385 1405 1315 1112 940 1331 1248 4117 4117 4117 4117 4118 
1405 1460 1435 16383 1384 1405 1315 1112 996 1332 1230 1320 4116 4116 4116 4117 
1397 1421 1337 16383 1384 1407 1317 1112 1021 1331 1274 4116 4116 4116 4116 4117 
1418 1457 1655 16383 1382 1402 1312 1110 948 1330 1202 1319 4116 4116 4116 4117 
1433 1456 1260 16383 1384 1406 1314 1112 960 1331 4117 4116 4116 4116 4116 4117 
1396 1450 1451 16383 1385 1405 1314 1111 988 1331 1242 1314 4117 4117 4117 4118 
1393 1462 1329 16383 1375 1396 1303 1100 979 1333 1339 4116 4116 4116 4116 4117 
1377 1434 1321 16383 1375 1398 1303 1100 1216 1339 3027 4116 4116 4116 4116 4117 
1386 1462 1327 16383 1376 1397 1305 1099 1224 1344 2993 4116 4116 4116 4116 4117 
1380 1450 1321 16383 1377 1398 1307 1102 992 1338 2324 4116 4116 4116 4116 4117 
1407 1474 1349 16383 1373 1394 1302 1095 1063 1329 3982 4117 4117 4117 4117 4118 
1394 1471 1382 16383 1381 1404 1313 1110 993 1331 1235 1339 4117 4117 4117 4118 
1443 1468 1292 16383 1384 1406 1314 1113 968 1331 1330 4117 4117 4117 4117 4118 
1435 1451 1262 16383 1385 1408 1317 1112 947 1331 4117 4116 4116 4116 4116 4117 
1461 1451 1562 16383 1385 1405 1315 1113 938 1331 1206 1304 4117 4117 4117 4118 
1371 1436 16163 8201 1372 1398 1305 1101 1236 1307 0 0 4116 4116 4116 4117 
1351 1404 1177 13179 1384 1406 1315 1111 1235 1313 3071 3143 4116 4116 4116 4117 
1430 1478 1261 16383 1385 1404 1314 1114 991 1331 4117 4116 4116 4116 4116 4117 
1361 1413 1099 10656 1385 1409 1316 1114 1236 1317 3091 0 4116 4116 4116 4117 
1352 1391 1134 11093 1384 1407 1316 1114 1235 1313 3668 3099 4115 4115 4115 4116 
1378 1450 15982 8431 1374 1399 1305 1102 1233 1286 0 3508 4116 4116 4116 4117 
1389 1474 15982 8402 1374 1397 1306 1102 1234 1310 0 0 4117 4117 4117 4118 
1378 1448 15982 8287 1373 1399 1307 1101 1235 1309 0 0 4116 4116 4116 4117 
1384 1464 15892 8330 1373 1397 1306 1100 1235 1310 0 0 4116 4116 4116 4117 
1382 1453 15945 8663 1373 1398 1306 1102 1235 1309 0 0 4116 4116 4116 4117 
1378 1451 15706 7431 1374 1398 1306 1102 1235 1311 0 0 4116 4116 4116 4117 
1417 1449 1253 16383 1383 1404 1313 1111 921 1332 4117 4116 4116 4116 4116 4117 
1407 1439 1286 16383 1383 1406 1314 1111 914 1331 1224 1246 4116 4116 4116 4117 
1370 1438 15932 8307 1373 1397 1306 1101 1235 1308 0 0 4117 4117 4117 4118 
1385 1462 15935 8887 1374 1398 1306 1101 1235 1311 0 0 4115 4115 4115 4116 
1375 1439 15995 7801 1374 1399 1307 1103 1235 1310 0 0 4116 4116 4116 4117 
1354 1400 1080 10134 1384 1407 1316 1114 1237 1320 3660 3112 4116 4116 4116 4117 
1379 1455 15977 8482 1376 1400 1306 1102 1235 1314 0 3496 4116 4116 4116 4117 
1374 1431 16058 9085 1373 1398 1305 1102 1235 1310 0 227 4116 4116 4116 4117 
1380 1452 15858 8294 1375 1398 1307 1103 1235 1309 0 0 4115 4115 4115 4116 
1386 1476 15725 8551 1372 1396 1306 1101 1235 1311 0 0 4116 4116 4116 4117 
1378 1449 15795 7966 1374 1398 1307 1102 1234 1310 0 0 4116 4116 4116 4117 
1388 1484 15749 7833 1373 1399 1305 1102 1235 1312 0 0 4116 4116 4116 4117 
1381 1453 15822 8123 1374 1398 1306 1102 1235 1311 0 0 4116 4116 4116 4117 
1394 1465 1354 16383 1385 1406 1315 1113 986 1331 1246 1308 4116 4116 4116 4117 
1379 1454 15864 7918 1374 1398 1306 1101 1234 1310 0 3507 4116 4116 4116 4117 
1379 1451 15639 7984 1372 1395 1305 1101 1235 1311 0 0 4116 4116 4116 4117 
1361 1414 1148 11436 1384 1407 1317 1116 1235 1312 2901 3083 4116 4116 4116 4117 
1377 1452 15884 8646 1373 1397 1305 1100 1235 1314 0 0 4115 4115 4115 4116 
1383 1458 15671 7773 1373 1397 1306 1101 1235 1311 0 0 4116 4116 4116 4117 
1380 1446 15845 8087 1376 1399 1306 1101 1234 1312 0 0 4116 4116 4116 4117 
1376 1436 15520 8178 1373 1397 1306 1102 1235 1308 0 0 4116 4116 4116 4117 
1375 1434 15922 8002 1376 1400 1309 1104 1235 1310 0 0 4116 4116 4116 4117 
1413 1476 1454 16383 1385 1406 1314 1113 980 1330 1224 4116 4116 4116 4116 4117 
1377 1453 15818 7900 1373 1398 1305 1103 1235 1309 0 3516 4116 4116 4116 4117 
1377 1453 15675 7704 1373 1398 1306 1102 1235 1314 0 0 4116 4116 4116 4117 
1357 1404 1103 11139 1385 1409 1317 1114 1235 1314 2911 2611 4115 4115 4115 4116 
1354 1416 1207 13879 1384 1406 1316 1112 1236 1318 3092 3144 4116 4116 4116 4117 
1386 1466 15677 8087 1374 1401 1306 1103 1236 1317 0 3524 4116 4116 4116 4117 
1359 1393 282 8061 1386 1409 1316 1116 1236 1318 4117 3098 4116 4116 4116 4117 
1401 1451 1339 16383 1385 1405 1313 1111 960 1330 1207 1327 4116 4116 4116 4118 
1349 1407 1199 7459 1385 1407 1316 1113 1236 1318 3072 3122 4117 4117 4117 4118 
1389 1468 15646 7472 1373 1397 1305 1100 1235 1312 0 0 4116 4116 4116 4117 
1353 1408 1172 4991 1385 1408 1316 1115 1235 1312 3074 2352 4115 4115 4115 4116 
1382 1453 15597 7807 1374 1400 1306 1102 1235 1311 0 3520 4115 4115 4115 4116 
1384 1455 15710 8051 1372 1397 1303 1101 1235 1306 0 2855 4116 4116 4116 4117 
1381 1457 15535 6236 1374 1397 1306 1102 1237 1320 0 3512 4116 4116 4116 4117 
1385 1464 15599 8084 1374 1397 1306 1103 1235 1310 0 0 4117 4117 4117 4118 
1390 1469 15964 5767 1374 1399 1306 1101 1235 1314 0 3014 4117 4117 4117 4118 
1364 1397 16305 9853 1386 1409 1317 1117 1234 906 4117 3113 4116 4116 4116 4117 
1352 1399 1007 9989 1382 1406 1315 1113 1235 1314 3276 0 4116 4116 4116 4117 
1421 1454 1355 16383 1384 1405 1314 1112 956 1330 1222 1307 4115 4115 4115 4116 
1381 1458 15636 7815 1373 1397 1304 1100 1235 1309 0 0 4116 4116 4116 4117 
1380 1453 15537 7527 1373 1398 1306 1102 1235 1309 0 3517 4116 4116 4116 4117 
1382 1448 15498 7602 1372 1397 1303 1100 1235 1309 0 0 4116 4116 4116 4117 
1366 1415 16220 8436 1388 1411 1319 1118 1235 913 0 2035 4117 4117 4117 4118 
1381 1463 15563 8263 1372 1398 1305 1103 1235 1310 0 0 4117 4117 4117 4118 
1376 1432 15439 8245 1372 1398 1305 1103 1234 1312 0 0 4116 4116 4116 4117 
1377 1450 15547 8171 1372 1396 1303 1101 1234 1314 0 3518 4116 4116 4116 4117 
1376 1433 15663 7754 1372 1397 1303 1101 1234 1311 0 3520 4116 4116 4116 4117 
1383 1459 15685 8468 1373 1397 1305 1100 1235 1310 0 0 4117 4117 4117 4118 
1403 1470 1493 16383 1384 1406 1314 1111 998 1332 1227 4116 4116 4116 4116 4117 
1378 1437 15756 6995 1375 1399 1306 1103 1236 1303 0 2466 4116 4116 4116 4117 
1349 1402 1172 10562 1382 1405 1314 1111 1234 1312 3085 3136 4116 4116 4116 4117 
1392 1457 15870 7956 1376 1401 1308 1103 1234 896 0 3110 4116 4116 4116 4117 
1351 1398 1182 12657 1386 1410 1318 1116 1234 1311 3092 2313 4115 4115 4115 4116 
1354 1401 1198 14713 1385 1407 1316 1114 1235 1313 3104 3135 4116 4116 4116 4117 
1353 1407 1126 14848 1386 1409 1319 1115 1072 1331 2729 2861 4116 4116 4116 4117 
1386 1476 15497 6800 1372 1397 1306 1103 1235 1313 0 0 4117 4117 4117 4118 
1381 1452 15708 8257 1373 1398 1305 1102 1236 1304 0 0 4117 4117 4117 4118 
1357 1408 1093 15464 1385 1406 1315 1114 1235 1314 3647 3096 4117 4117 4117 4118 
1374 1441 15616 7179 1373 1396 1306 1101 1236 1317 0 3504 4116 4116 4116 4117 
1374 1449 15468 7899 1372 1396 1305 1101 1235 1311 0 0 4116 4116 4116 4117 
1360 1388 16013 6249 1386 1408 1317 1116 1234 1312 0 2814 4116 4116 4116 4117 
1378 1450 15585 7696 1373 1398 1305 1102 1234 1312 0 3520 4116 4116 4116 4117 
1378 1433 15526 8731 1372 1399 1306 1103 1233 1284 0 0 4117 4117 4117 4118 
1359 1421 1158 11526 1385 1408 1316 1115 1236 1317 3096 2873 4117 4117 4117 4118 
1378 1450 15539 8330 1371 1396 1303 1101 1235 1311 0 0 4116 4116 4116 4117 
1357 1386 16172 7086 1388 1412 1321 1118 1236 922 0 2625 4116 4116 4116 4117 
1384 1457 16032 7130 1376 1401 1308 1103 1235 1317 4117 3098 4116 4116 4116 4117 
1378 1451 15615 7938 1373 1397 1306 1101 1234 1311 0 3525 4117 4117 4117 4118 
1386 1464 15553 8590 1374 1397 1305 1102 1238 1323 0 0 4117 4117 4117 4118 
1381 1451 15530 7773 1373 1397 1307 1103 1234 1311 0 3514 4116 4116 4116 4117 
1378 1439 15587 7969 1374 1398 1306 1103 1235 1311 0 3518 4116 4116 4116 4117 
1359 1391 52 9401 1384 1408 1315 1115 1236 1318 0 3115 4117 4117 4117 4118 
1359 1382 16259 7135 1388 1410 1318 1116 1059 1331 0 0 4116 4116 4116 4117 
1357 1403 1120 10682 1388 1409 1318 1115 1238 1324 3040 3125 4115 4115 4115 4116 
1379 1449 15498 8006 1374 1397 1306 1102 1234 1311 0 0 4117 4117 4117 4118 
1382 1458 15501 7966 1375 1398 1306 1102 1235 1310 0 0 4117 4117 4117 4118 
1357 1396 1036 9486 1385 1408 1317 1116 1235 1313 2953 3064 4116 4116 4116 4117 
1379 1452 15556 7885 1374 1397 1305 1102 1235 1308 0 3522 4117 4117 4117 4118 
1376 1448 15650 7786 1373 1397 1305 1102 1234 1313 0 3517 4116 4116 4116 4117 
1359 1401 1113 11620 1386 1409 1318 1117 1235 1314 2890 3025 4116 4116 4116 4117 
1408 1437 1359 16383 1385 1405 1314 1113 939 1330 1206 1295 4116 4116 4116 4117 
1351 1393 1178 11045 1384 1407 1317 1114 1236 1318 3122 3133 4115 4115 4115 4116 
1371 1430 15496 7478 1373 1396 1303 1100 1236 1304 0 3522 4116 4116 4116 4117 
1385 1450 15657 7951 1373 1399 1306 1103 1235 1311 0 0 4117 4117 4117 4118 
1367 1402 16245 5906 1389 1410 1319 1118 1235 1315 4118 2341 4117 4117 4117 4118 
1381 1442 15535 8084 1373 1398 1305 1101 1235 1309 0 0 4116 4116 4116 4117 
1358 1392 16207 7979 1386 1409 1316 1115 1235 918 0 3087 4117 4117 4117 4118 
1381 1452 15447 8215 1372 1397 1305 1102 1235 1306 0 3515 4117 4117 4117 4118 
1355 1403 1143 10292 1384 1406 1316 1114 1234 1314 2953 3052 4116 4116 4116 4117 
1377 1451 15521 6788 1374 1398 1307 1102 1235 1312 0 0 4117 4117 4117 4118 
1344 1392 1155 4159 1384 1405 1314 1112 1234 1311 0 3123 4116 4116 4116 4117 
1359 1399 16290 8491 1388 1411 1320 1117 1235 912 0 1800 4116 4116 4116 4117 
1352 1407 1169 9188 1384 1405 1313 1112 1235 1315 3086 3140 4116 4116 4116 4117 
1361 1394 16049 6943 1386 1410 1318 1116 1234 948 0 2597 4117 4117 4117 4118 
1388 1485 15567 7125 1370 1396 1305 1100 1238 1322 0 938 4117 4117 4117 4118 
1382 1453 15467 8354 1374 1398 1306 1102 1235 1309 0 0 4117 4117 4117 4118 
1385 1455 15499 7927 1372 1396 1305 1101 1234 1310 0 0 4117 4117 4117 4118 
1355 1402 1224 15139 1386 1408 1318 1116 1235 1312 4117 3102 4116 4116 4116 4117 
1372 1431 15351 7620 1372 1397 1305 1102 1234 1313 0 3499 4116 4116 4116 4117 
1359 1393 16204 6700 1385 1409 1316 1116 1237 1319 0 0 4116 4116 4116 4117 
1356 1402 1149 10000 1384 1408 1317 1115 1235 1312 3115 2905 4115 4115 4115 4116 
1386 1482 15550 7787 1374 1398 1305 1102 1234 1311 0 0 4117 4117 4117 4118 
1343 1394 1180 13669 1383 1404 1313 1111 1235 1312 3089 3114 4116 4116 4116 4117 
1380 1454 15634 8210 1376 1399 1307 1103 1235 1307 0 0 4117 4117 4117 4118 
1379 1451 15349 7512 1374 1397 1303 1102 1236 1306 0 0 4116 4116 4116 4117 
1361 1396 16110 6229 1387 1410 1319 1117 1236 1315 0 2488 4117 4117 4117 4118 
1371 1436 15505 7991 1372 1398 1303 1101 1235 1309 0 0 4117 4117 4117 4118 
1350 1391 1183 11787 1382 1406 1314 1113 1235 1316 3084 3134 4116 4116 4116 4117 
1378 1451 15481 8017 1372 1396 1303 1102 1235 1308 0 0 4116 4116 4116 4117 
1433 1472 1424 16383 1383 1403 1313 1110 976 1330 1269 1321 4116 4116 4116 4117 
1389 1477 15528 8006 1372 1397 1306 1103 1235 1308 0 0 4117 4117 4117 4118 
1355 1402 1144 10212 1385 1409 1316 1116 1236 1319 3081 2204 4116 4116 4116 4117 
1357 1399 1167 11338 1383 1406 1315 1114 1238 1322 3081 3124 4115 4115 4115 4116 
1361 1395 16148 7179 1386 1408 1318 1116 1234 938 0 2555 4116 4116 4116 4117 
1380 1453 15452 7840 1373 1396 1305 1102 1234 1312 0 3524 4116 4116 4116 4117 
1385 1476 15414 5461 1371 1396 1303 1100 1236 1330 0 0 4117 4117 4117 4118 
1375 1451 15631 7247 1372 1396 1306 1102 1237 1319 0 0 4117 4117 4117 4118 
1357 1401 1002 10071 1385 1408 1315 1115 1237 1319 2923 3076 4115 4115 4115 4116 
1356 1396 1052 11063 1382 1408 1316 1115 1235 1313 3674 3111 4116 4116 4116 4117 
1359 1407 1118 10289 1384 1408 1317 1114 1238 1322 3075 3133 4116 4116 4116 4117 
1381 1454 15538 8191 1373 1396 1305 1102 1235 1307 0 0 4117 4117 4117 4118 
1358 1410 1036 7081 1388 1410 1319 1117 1235 1310 3013 2519 4116 4116 4116 4117 
1374 1440 15457 7624 1372 1398 1303 1100 1235 1311 0 3528 4117 4117 4117 4118 
1358 1402 1059 10298 1385 1409 1318 1115 1235 1313 3639 3072 4116 4116 4116 4117 
1376 1450 15514 8434 1371 1395 1303 1100 1235 1308 0 3532 4116 4116 4116 4117 
1355 1399 1077 10331 1382 1406 1315 1113 1236 1319 3621 3089 4116 4116 4116 4117 
1360 1393 15766 5861 1382 1405 1315 1113 1228 1330 0 0 4117 4117 4117 4118 
1359 1410 1094 11587 1384 1408 1315 1115 1235 1314 2880 3035 4116 4116 4116 4117 
1353 1404 1173 11727 1385 1406 1315 1115 1235 1313 4117 3127 4116 4116 4116 4117 
1355 1402 1127 10081 1385 1407 1316 1114 1235 1315 3067 3123 4116 4116 4116 4117 
1357 1396 975 9818 1386 1409 1316 1117 1234 1313 2849 3101 4116 4116 4116 4117 
1352 1389 955 10058 1386 1408 1317 1116 1235 1314 2879 3111 4116 4116 4116 4117 
1371 1433 15452 6616 1373 1398 1305 1102 1235 1314 0 3520 4116 4116 4116 4117 
1350 1389 1157 11156 1384 1406 1315 1112 1235 1313 2968 3060 4115 4115 4115 4116 
1358 1408 1162 10719 1385 1406 1317 1115 1235 1318 3091 3133 4116 4116 4116 4117 
1355 1406 1132 10930 1384 1406 1316 1114 1236 1315 3676 3081 4116 4116 4116 4117 
1356 1406 1196 13204 1386 1408 1316 1114 1235 1313 4116 3088 4115 4115 4115 4116 
1355 1402 1127 10359 1385 1409 1316 1116 1236 1316 2925 3044 4115 4115 4115 4116 
1366 1410 16231 5855 1387 1412 1321 1118 1235 970 0 0 4117 4117 4117 4118 
1376 1438 15308 6745 1372 1396 1303 1100 1235 1312 0 0 4116 4116 4116 4117 
1401 1482 1530 16383 1384 1406 1315 1113 1006 1332 2067 1335 4116 4116 4116 4117 
1362 1394 16306 9273 1385 1408 1318 1116 1234 898 0 3113 4116 4116 4116 4117 
1354 1400 1154 11126 1384 1407 1315 1112 1235 1314 2992 3079 4116 4116 4116 4117 
1357 1408 1144 10724 1385 1406 1314 1114 1236 1317 3078 3123 4116 4116 4116 4117 
1353 1397 1067 11317 1384 1407 1314 1114 1235 1315 2891 3060 4116 4116 4116 4117 
1354 1402 1103 10754 1383 1407 1316 1114 1239 1326 2892 3060 4116 4116 4116 4117 
1359 1408 1067 10927 1384 1406 1315 1115 1235 1315 2853 3044 4116 4116 4116 4117 
1354 1416 1203 12230 1384 1406 1314 1114 1235 1313 4117 3108 4116 4116 4116 4117 
1354 1402 1149 11430 1386 1406 1316 1114 1235 1313 2997 3063 4115 4115 4115 4116 
1362 1404 1007 7655 1386 1408 1316 1116 1236 1317 3092 2775 4116 4116 4116 4117 
1355 1397 1169 10868 1384 1408 1315 1114 1236 1316 4116 2905 4116 4116 4116 4117 
1355 1391 996 5859 1384 1407 1316 1114 1234 1312 3094 2790 4115 4115 4115 4116 
1359 1391 16177 5819 1386 1408 1318 1116 1236 1315 0 545 4116 4116 4116 4117 
1356 1404 1085 10517 1384 1406 1316 1116 1236 1318 3643 3074 4116 4116 4116 4117 
1406 1466 1258 16383 1384 1405 1314 1111 980 1330 4117 4116 4116 4116 4116 4117 
1351 1400 1114 12866 1385 1405 1315 1113 1237 1319 2889 3021 4115 4115 4115 4116 
1354 1402 1175 11369 1385 1406 1315 1115 1236 1317 3104 3133 4116 4116 4116 4117 
1356 1401 1052 10099 1384 1406 1316 1115 1235 1312 2946 3091 4116 4116 4116 4117 
1356 1402 1141 10250 1384 1407 1317 1115 1235 1312 2966 3052 4116 4116 4116 4117 
1354 1403 1195 11681 1386 1408 1318 1116 1235 1312 4117 2898 4116 4116 4116 4117 
1381 1458 15484 7680 1372 1396 1306 1101 1235 1311 0 2444 4116 4116 4116 4117 
1356 1407 1132 11627 1386 1409 1318 1118 1235 1316 2966 3094 4116 4116 4116 4117 
1351 1403 1174 12511 1386 1407 1316 1114 1236 1317 3063 3136 4116 4116 4116 4117 
1376 1448 15418 7535 1372 1396 1303 1100 1234 1310 0 3523 4117 4117 4117 4118 
1357 1405 1099 9776 1386 1408 1317 1114 1235 1314 3646 3093 4116 4116 4116 4117 
1352 1397 1135 10776 1384 1407 1315 1114 1237 1320 3022 3086 4117 4117 4117 4118 
1356 1412 1210 1985 1386 1407 1314 1114 1235 1311 3095 3113 4116 4116 4116 4117 
1353 1402 1167 11415 1383 1406 1314 1113 1236 1319 3055 3125 4116 4116 4116 4117 
1355 1404 1167 9974 1387 1409 1318 1117 1235 1312 3128 2816 4116 4116 4116 4117 
1356 1403 1078 10389 1387 1409 1318 1117 1238 1323 3631 3103 4117 4117 4117 4118 
1353 1398 1161 10277 1388 1409 1318 1116 1236 1318 3101 2143 4116 4116 4116 4117 
1362 1422 1169 9686 1388 1410 1318 1115 1234 1310 3111 2465 4116 4116 4116 4117 
1354 1401 1085 9057 1386 1409 1318 1116 1235 1313 3621 2501 4117 4117 4117 4118 
1355 1404 1082 10475 1385 1409 1316 1115 1234 1313 3615 3057 4116 4116 4116 4117 
1359 1405 1154 10278 1383 1405 1314 1114 1237 1319 3031 3113 4117 4117 4117 4118 
1362 1405 1135 9551 1387 1410 1317 1117 1234 1312 3144 2844 4116 4116 4116 4117 
1357 1402 1135 11134 1385 1407 1316 1114 1236 1318 2906 3043 4116 4116 4116 4117 
1355 1404 1180 11697 1385 1409 1316 1114 1235 1313 3119 3133 4116 4116 4116 4117 
1357 1404 1071 9087 1384 1408 1316 1116 1235 1309 3073 2709 4116 4116 4116 4117 
1381 1453 15340 8234 1374 1396 1303 1103 1234 1309 0 3511 4117 4117 4117 4118 
1351 1391 1050 11173 1385 1407 1315 1115 1079 1329 2697 2854 4116 4116 4116 4117 
1355 1404 1115 10836 1384 1407 1316 1114 1237 1318 2919 3048 4116 4116 4116 4117 
1359 1401 991 5271 1385 1407 1317 1116 1236 1316 3078 2279 4116 4116 4116 4117 
1354 1391 1115 10627 1384 1407 1314 1114 1234 1312 3666 0 4116 4116 4116 4117 
1378 1453 15481 5589 1372 1397 1306 1103 1235 1309 0 3048 4116 4116 4116 4117 
1408 1470 11471 7827 1372 1396 1301 1098 1236 831 0 3059 4117 4117 4117 4118 
1354 1391 7622 12363 1384 1408 1317 1116 1238 1318 49 4117 4117 4117 4117 4118 
1341 1382 6472 12897 1383 1408 1318 1117 1239 1326 462 4116 4116 4116 4116 4117 
1361 1397 16232 7670 1390 1413 1320 1119 1237 1320 0 1908 4116 4116 4116 4117 
1389 1451 10975 6631 1367 1391 1299 1093 1236 1307 0 3537 4116 4116 4116 4117 
1358 1416 1088 9127 1383 1405 1315 1114 1237 1319 3100 2849 4116 4116 4116 4117 
1389 1459 15855 8602 1374 1399 1306 1102 1236 1316 0 3117 4116 4116 4116 4117 
1354 1398 1045 9990 1384 1406 1315 1113 1236 1317 2870 3009 4115 4115 4115 4116 
1359 1406 1068 9399 1386 1409 1318 1116 1236 1313 3017 3078 4116 4116 4116 4117 
1351 1388 1156 10734 1384 1407 1314 1114 1237 1320 3044 3106 4116 4116 4116 4117 
1353 1391 1126 10788 1384 1406 1315 1114 1235 1315 2905 3050 4116 4116 4116 4117 
1388 1450 11494 6551 1366 1389 1295 1091 1235 1295 4117 3532 4116 4116 4116 4117 
1376 1447 15602 7298 1374 1397 1303 1102 1235 1307 0 3488 4116 4116 4116 4117 
1399 1470 12017 6751 1366 1391 1298 1092 1234 1292 4116 3528 4115 4115 4115 4116 
1356 1396 1074 8525 1385 1410 1316 1116 1236 1313 3071 2750 4116 4116 4116 4117 
1353 1396 1124 11256 1386 1410 1318 1117 1235 1314 3615 3049 4116 4116 4116 4117 
1382 1454 15460 7487 1374 1398 1306 1103 1234 1310 0 3512 4116 4116 4116 4117 
1359 1418 1166 11065 1385 1408 1316 1115 1236 1317 2954 3081 4116 4116 4116 4117 
1351 1397 1184 10662 1386 1407 1316 1115 1235 1311 4117 2867 4116 4116 4116 4117 
1350 1389 1095 10861 1384 1406 1315 1113 1237 1330 2993 3082 4116 4116 4116 4117 
1359 1403 914 6447 1386 1410 1317 1117 1235 1312 2896 2307 4116 4116 4116 4117 
1402 1476 11590 6781 1366 1390 1298 1093 1233 1287 4117 3529 4116 4116 4116 4117 
1360 1418 1127 10847 1384 1406 1316 1116 1236 1316 3665 3041 4115 4115 4115 4116 
1354 1399 1112 10271 1384 1406 1314 1114 1236 1318 3081 3126 4115 4115 4115 4116 
1348 1390 1112 11326 1384 1406 1315 1114 1235 1313 2902 3023 4116 4116 4116 4117 
1424 1465 1852 16383 1384 1406 1314 1112 983 1329 1894 1336 4116 4116 4116 4117 
1358 1406 1140 9335 1386 1408 1316 1116 1236 1316 3093 2845 4115 4115 4115 4116 
1357 1401 1013 10361 1384 1407 1317 1113 1236 1317 2919 3093 4116 4116 4116 4117 
1358 1402 1151 11404 1386 1409 1317 1116 1236 1318 4116 3086 4115 4115 4115 4116 
1356 1404 1110 10994 1386 1408 1317 1117 1237 1319 2875 3055 4116 4116 4116 4117 
1355 1408 1232 12139 1385 1408 1316 1114 1239 1324 4117 3086 4116 4116 4116 4117 
1355 1411 1161 9755 1389 1410 1319 1117 1225 1331 3156 1740 4116 4116 4117 4118 
1354 1403 1199 11670 1385 1407 1316 1114 1236 1313 4117 3092 4116 4116 4116 4117 
1382 1458 15467 7816 1373 1397 1305 1101 1236 1307 0 0 4116 4116 4116 4117 
1391 1459 10798 6786 1368 1391 1298 1093 1237 1304 4117 3536 4116 4116 4116 4117 
1356 1407 1210 11215 1384 1407 1315 1114 1235 1312 4117 3127 4116 4116 4116 4117 
1409 1473 10776 6714 1365 1391 1298 1093 1233 1289 4117 3520 4116 4116 4116 4117 
1386 1462 15799 8252 1374 1398 1307 1105 1235 891 0 1533 4116 4116 4116 4117 
1352 1400 1165 11801 1384 1405 1316 1114 1235 1315 3122 3128 4116 4116 4116 4117 
1352 1399 1134 11068 1385 1407 1314 1114 1237 1330 3023 3105 4116 4116 4116 4117 
1353 1406 1223 5423 1384 1405 1315 1114 1235 1312 4117 3087 4116 4116 4116 4117 
1355 1399 1095 8615 1386 1408 1317 1115 1235 1313 3090 2823 4116 4116 4116 4117 
1351 1394 1203 12197 1385 1407 1317 1114 1235 1311 4118 3080 4117 4117 4117 4118 
1349 1392 1201 10484 1385 1407 1316 1114 1236 1314 3112 3135 4115 4115 4115 4116 
1395 1466 15839 7609 1376 1400 1307 1103 1234 864 0 3089 4116 4116 4116 4117 
1353 1394 1101 10992 1387 1410 1318 1117 1236 1316 2878 3023 4116 4116 4116 4117 
1355 1400 1121 10503 1385 1407 1316 1115 1237 1329 3011 3081 4116 4116 4116 4117 
1362 1405 1060 9175 1385 1408 1316 1116 1237 1317 0 3062 4117 4117 4117 4118 
1356 1399 1115 9289 1386 1408 1318 1115 1235 1315 3132 2865 4117 4117 4117 4118 
1350 1386 1043 10714 1384 1405 1316 1114 1237 1319 2872 3031 4116 4116 4116 4117 
1353 1398 1113 10541 1388 1409 1318 1116 1052 1330 2866 2925 4116 4116 4116 4117 
1349 1390 1193 114 1384 1408 1316 1115 1235 1310 4117 3075 4116 4116 4116 4117 
1401 1447 11527 8007 1373 1396 1302 1098 1236 825 0 0 4116 4116 4116 4117 
1352 1402 1181 12545 1382 1406 1315 1113 1236 1316 3073 3132 4117 4117 4117 4118 
1360 1403 1081 10420 1384 1407 1317 1115 1236 1315 3662 3089 4116 4116 4116 4117 
1354 1403 1119 9943 1385 1406 1316 1114 1235 1314 2898 3054 4116 4116 4116 4117 
1349 1398 1197 12830 1384 1406 1315 1113 1235 1315 4116 3131 4116 4116 4116 4117 
1358 1402 988 9314 1384 1407 1317 1114 1236 1318 2955 3080 4116 4116 4116 4117 
1357 1406 935 10035 1383 1407 1316 1114 1235 957 2893 3093 4116 4116 4116 4117 
1353 1389 1093 10673 1384 1406 1316 1115 1234 1311 3639 3075 4116 4116 4116 4117 
1353 1404 1196 11848 1385 1407 1317 1114 1235 1311 3141 3100 4116 4116 4116 4117 
1364 1406 997 8810 1385 1409 1317 1115 1237 1319 2895 3113 4116 4116 4116 4117 
1377 1450 15394 7438 1372 1396 1306 1101 1237 1329 0 122 4116 4116 4116 4117 
1355 1399 1085 10261 1384 1407 1316 1114 1235 1313 2842 196 4116 4116 4116 4117 
1381 1453 15456 7978 1372 1398 1306 1101 1234 1312 0 0 4116 4116 4116 4117 
1354 1396 1055 10373 1385 1408 1318 1115 1236 1315 3047 3124 4116 4116 4116 4117 
1356 1403 1146 9354 1385 1409 1317 1116 1235 1314 3300 2802 4115 4115 4115 4116 
1354 1393 1172 9490 1385 1409 1317 1116 1235 1310 4116 2746 4115 4115 4115 4116 
1347 1391 1210 4625 1383 1405 1314 1113 1235 1311 3107 3138 4116 4116 4116 4117 
1356 1402 1087 10130 1386 1409 1317 1114 1235 1312 3638 3099 4115 4115 4115 4116 
1353 1391 1085 9361 1384 1407 1316 1115 1235 1315 3041 3077 4116 4116 4116 4117 
1351 1402 1161 10795 1384 1406 1314 1114 1235 1314 3112 2950 4116 4116 4116 4117 
1360 1391 16128 7962 1385 1407 1316 1115 1237 1320 0 3059 4115 4115 4115 4116 
1357 1408 1180 11233 1386 1406 1316 1115 1236 1319 4117 3126 4116 4116 4116 4117 
1355 1402 1099 11276 1384 1406 1316 1114 1234 1314 2875 3017 4116 4116 4116 4117 
1356 1398 1099 10617 1384 1407 1315 1114 1236 1318 2864 3015 4115 4115 4115 4116 
1349 1389 1172 11306 1384 1406 1315 1114 1235 1313 2965 3066 4116 4116 4116 4117 
1357 1404 1159 10545 1384 1408 1316 1115 1235 1317 3108 3131 4116 4116 4116 4117 
1355 1404 1217 12483 1384 1407 1315 1112 1235 1312 4117 3098 4116 4116 4116 4117 
1357 1411 1146 9826 1385 1407 1316 1116 1236 1316 3091 3106 4117 4117 4117 4118 
1355 1403 1144 10910 1386 1407 1315 1115 1236 1314 2938 3065 4116 4116 4116 4117 
1350 1394 1109 10780 1386 1408 1316 1115 1235 1311 3617 3081 4116 4116 4116 4117 
1351 1394 1143 9820 1385 1408 1316 1115 1236 1308 3058 2525 4116 4116 4116 4117 
1362 1409 1044 8348 1385 1408 1317 1114 1234 1312 3072 2836 4116 4116 4116 4117 
1357 1406 1052 6757 1388 1411 1319 1118 1234 438 3380 2244 4117 4117 4117 4118 
1354 1389 1022 8976 1384 1407 1316 1114 1235 1313 2935 2529 4116 4116 4116 4117 
1351 1391 1074 10495 1384 1408 1317 1114 1061 1330 2885 2630 4115 4115 4115 4116 
1355 1404 1181 10414 1386 1408 1316 1116 1235 1313 3079 2348 4116 4116 4116 4117 
1353 1406 1148 11103 1387 1411 1319 1118 1237 1319 3113 1942 4116 4116 4116 4117 
1351 1391 1152 11546 1384 1407 1315 1114 1234 1313 4117 2939 4116 4116 4116 4117 
1356 1404 1119 10906 1385 1408 1317 1116 1234 1311 2914 3032 4116 4116 4116 4117 
1354 1404 1154 1239 1386 1409 1317 1116 1235 1313 3110 2876 4116 4116 4116 4117 
1357 1402 1080 10948 1385 1408 1317 1114 1235 1315 2879 3070 4116 4116 4116 4117 
1354 1407 1217 11391 1383 1406 1315 1114 1237 1319 4117 3092 4116 4116 4116 4117 
1358 1420 1191 15263 1386 1408 1316 1114 1235 1313 3142 3121 4116 4116 4116 4117 
1354 1405 1168 10960 1383 1405 1315 1114 1235 1313 3133 2934 4116 4116 4116 4117 
1349 1396 1115 10723 1385 1407 1317 1115 1236 1315 2981 3087 4115 4115 4115 4116 
1356 1402 1108 10429 1385 1409 1318 1116 1236 1316 3635 3073 4116 4116 4116 4117 
1354 1401 1147 9602 1384 1407 1316 1114 1235 1314 3078 3154 4116 4116 4116 4117 
1354 1405 1140 10647 1385 1405 1316 1114 1229 1331 3070 3099 4115 4115 4115 4116 
1360 1412 897 11178 1386 1410 1318 1117 852 1330 2948 1166 4115 4115 4115 4116 
1357 1402 1042 8391 1385 1409 1317 1117 1235 1311 3105 2766 4116 4116 4116 4117 
1352 1393 1189 11727 1386 1408 1316 1116 1236 1306 4117 3087 4116 4116 4116 4117 
1357 1400 1124 9199 1387 1408 1316 1115 1235 1315 3114 2873 4116 4116 4116 4117 
1357 1405 1055 10370 1386 1408 1316 1116 1236 1316 2896 3097 4116 4116 4116 4117 
1356 1402 1096 10494 1386 1408 1317 1117 1235 1314 3072 3120 4115 4115 4115 4116 
1356 1408 1167 10575 1382 1405 1315 1113 1235 1314 4118 3099 4117 4117 4117 4118 
1354 1400 1048 9953 1384 1405 1315 1114 1234 1312 3060 3115 4116 4116 4117 4118 
1348 1397 1211 4032 1386 1407 1316 1114 1235 1311 3124 3100 4116 4116 4116 4117 
1347 1394 1210 11682 1384 1407 1316 1114 1235 1315 4118 2964 4117 4117 4117 4118 
1353 1400 1125 11219 1385 1407 1316 1114 1235 1312 2973 3059 4116 4116 4116 4117 
1352 1396 1142 11279 1386 1408 1319 1117 1235 1315 3116 3134 4116 4116 4116 4117 
1362 1399 1069 8785 1385 1408 1317 1116 1235 1315 3168 3001 4116 4116 4116 4117 
1356 1407 1180 10642 1385 1408 1318 1115 1235 1312 3118 0 4117 4117 4117 4118 
1352 1402 1182 11683 1385 1408 1315 1115 1235 1314 4117 3090 4116 4116 4116 4117 
1351 1388 997 8951 1384 1406 1315 1114 1234 1312 3269 3412 4116 4116 4116 4117 
1354 1401 1141 10619 1383 1405 1315 1113 1234 1312 3084 3129 4117 4117 4117 4118 
1358 1401 1078 8905 1386 1410 1317 1116 1235 1316 3050 2713 4116 4116 4116 4117 
1357 1399 1145 10233 1383 1406 1315 1114 1236 1318 3116 3131 4116 4116 4116 4117 
1354 1393 1186 11529 1384 1406 1315 1115 1235 1315 4117 3096 4116 4116 4116 4117 
1359 1399 1191 11191 1385 1407 1317 1116 1235 1313 4117 3119 4116 4116 4116 4117 
1356 1401 1149 10667 1385 1408 1315 1115 1236 1318 3016 3105 4116 4116 4116 4117 
1355 1405 1179 14347 1385 1409 1316 1116 1235 1313 4117 2922 4116 4116 4116 4117 
1379 1452 15470 7462 1376 1399 1307 1103 818 1329 0 3091 4117 4117 4117 4118 
1359 1391 1102 8933 1384 1408 1317 1114 1236 1317 3122 3093 4116 4116 4116 4117 
1352 1391 1163 10348 1384 1407 1315 1114 1235 1313 2923 3031 4116 4116 4116 4117 
1353 1398 1170 9471 1386 1408 1315 1114 1235 1313 3112 3103 4116 4116 4116 4117 
1353 1401 1194 10201 1383 1406 1315 1114 1236 1315 3129 3133 4116 4116 4116 4117 
1357 1404 1135 10339 1384 1406 1316 1115 1236 1316 3138 3120 4117 4117 4117 4118 
1356 1405 1130 10126 1386 1408 1317 1116 1236 1318 3128 2909 4116 4116 4116 4117 
1351 1396 1155 11883 1384 1406 1315 1114 1234 1310 3108 3119 4116 4116 4116 4117 
1361 1413 1230 12061 1384 1407 1315 1114 1234 1311 4118 3114 4117 4117 4117 4118 
1351 1395 1174 12037 1385 1407 1316 1115 1234 1331 3101 3117 4116 4116 4116 4117 
1354 1399 1103 8807 1384 1406 1315 1114 1235 1314 4117 2880 4116 4116 4116 4117 
1354 1400 1112 9993 1384 1407 1314 1113 1236 1315 3079 3113 4116 4116 4116 4117 
1352 1402 1169 10879 1386 1407 1316 1116 1236 1316 4117 2986 4116 4116 4116 4117 
1350 1390 1169 10651 1384 1408 1316 1115 1235 1312 4117 0 4116 4116 4116 4117 
1412 1454 1383 16383 1384 1405 1314 1113 941 1329 1206 1291 4117 4117 4117 4118 
1353 1403 1172 11118 1385 1407 1318 1116 1236 1311 3131 3120 4115 4115 4115 4116 
1356 1402 1111 11185 1382 1408 1315 1114 1236 1317 2945 3058 4117 4117 4117 4118 
1353 1400 1101 15546 1384 1407 1316 1114 1236 1316 3643 3072 4116 4116 4116 4117 
1357 1401 1062 10267 1383 1405 1315 1114 1236 1316 2855 3026 4117 4117 4117 4118 
1358 1411 1183 11619 1382 1405 1315 1113 1234 1313 4118 3122 4117 4117 4117 4118 
1354 1402 1169 10545 1385 1407 1316 1114 1236 1317 2924 3029 4117 4117 4117 4118 
1362 1412 1185 11010 1385 1408 1316 1114 1235 1315 2896 3061 4117 4117 4117 4118 
1352 1406 1108 9075 1384 1407 1315 1114 1236 1316 3669 3091 4117 4117 4117 4118 
1357 1399 1071 8885 1385 1407 1316 1115 1237 1318 3116 2849 4117 4117 4117 4118 
1360 1404 1111 11133 1386 1409 1317 1117 1236 1318 2872 0 4117 4117 4117 4118 
1361 1415 1177 11967 1385 1408 1316 1114 1234 1310 3107 3115 4117 4117 4117 4118 
1348 1391 1084 11051 1384 1408 1316 1115 1237 1318 2899 3045 4117 4117 4117 4118 
1355 1402 1100 9616 1383 1406 1316 1113 1236 1330 2986 3091 4117 4117 4117 4118 
1354 1403 1212 11382 1384 1408 1316 1115 1234 1314 4118 3074 4117 4117 4117 4118 
1352 1402 1094 11257 1384 1406 1315 1114 1235 1311 3640 3083 4116 4116 4116 4117 
1353 1393 1210 11551 1385 1408 1318 1115 1235 1312 3134 3109 4116 4116 4116 4117 
1355 1402 1186 10873 1386 1409 1317 1116 1234 1312 3134 2933 4116 4116 4116 4117 
1355 1391 1061 9881 1386 1408 1317 1117 1235 1312 3662 3096 4117 4117 4117 4118 
1351 1388 1130 9531 1384 1407 1316 1114 1235 1311 3132 2841 4117 4117 4117 4118 
1357 1401 1102 10995 1385 1409 1319 1116 1235 1314 3136 3070 4117 4117 4117 4118 
1351 1393 1076 10482 1384 1408 1315 1116 1234 1315 2895 3086 4116 4116 4116 4117 
1361 1407 1103 10465 1384 1407 1315 1114 1235 1312 3663 3083 4117 4117 4117 4118 
1358 1398 948 10663 1385 1409 1317 1116 1234 1312 2850 3100 4117 4117 4117 4118 
1352 1406 1173 11543 1386 1406 1316 1114 1236 1318 4118 2964 4117 4117 4117 4118 
1356 1404 1126 10289 1386 1407 1316 1116 1235 1314 2989 3092 4116 4116 4116 4117 
1361 1412 1203 11204 1385 1409 1316 1115 1234 1312 3122 3125 4117 4117 4117 4118 
1358 1403 1124 10837 1384 1408 1317 1116 1236 1314 3107 3094 4116 4116 4116 4117 
1360 1401 1050 9415 1385 1407 1316 1114 1236 1317 2881 3121 4117 4117 4117 4118 
1358 1411 1171 9966 1385 1408 1316 1114 1235 1311 3131 2596 4117 4117 4117 4118 
1361 1408 1229 11815 1385 1408 1316 1116 1234 1312 3148 3106 4117 4117 4117 4118 
1356 1400 1124 9223 1386 1409 1318 1116 1236 1314 3059 2803 4116 4116 4116 4117 
1354 1403 1135 9763 1385 1408 1316 1116 1234 1311 3120 2850 4117 4117 4117 4118 
1349 1393 1185 11159 1382 1405 1314 1113 1234 1313 3110 3120 4116 4116 4116 4117 
1353 1391 1154 11166 1384 1409 1316 1115 1239 1323 4117 2874 4116 4116 4116 4117 
1351 1398 1130 11607 1385 1407 1316 1116 1236 1307 2916 3034 4116 4116 4116 4117 
1351 1393 1167 10807 1385 1406 1316 1114 1236 1317 2963 3054 4117 4117 4117 4118 
1358 1403 1095 10902 1384 1406 1314 1114 1235 1314 3626 3080 4117 4117 4117 4118 
1359 1420 1173 11215 1384 1407 1316 1113 1236 1318 3126 0 4117 4117 4117 4118 
1357 1419 1053 10591 1384 1408 1315 1114 1236 1316 2949 3083 4116 4116 4116 4117 
1358 1399 1007 6960 1385 1407 1316 1115 1235 1311 890 3010 4117 4117 4117 4118 
1354 1386 1056 9914 1384 1407 1317 1115 1236 1319 3033 3111 4116 4116 4116 4117 
1351 1389 1146 10619 1383 1406 1315 1114 1235 1311 3144 3124 4115 4115 4115 4116 
1351 1391 1197 11565 1383 1407 1316 1114 1237 1318 3124 3095 4115 4115 4115 4116 
1355 1417 1133 11952 1384 1404 1314 1114 1236 1316 3086 3146 4116 4116 4116 4117 
1350 1390 1071 10700 1382 1407 1315 1114 1236 1316 2966 3058 4115 4115 4115 4116 
1353 1398 1090 10229 1384 1405 1313 1112 1237 1320 3047 3113 4116 4116 4116 4117 
1353 1402 1124 10743 1384 1406 1316 1113 1236 1316 2927 3074 4117 4117 4117 4118 
1355 1408 1165 11556 1384 1406 1314 1114 1236 1316 4118 3083 4117 4117 4117 4118 
1354 1404 1146 11395 1386 1408 1318 1116 1235 1311 3625 3066 4116 4116 4116 4117 
1359 1402 1033 9955 1385 1407 1317 1115 1235 1315 2953 3097 4116 4116 4116 4117 
1354 1402 1212 11757 1384 1407 1316 1114 1235 1310 4117 2975 4116 4116 4116 4117 
1356 1404 1161 11165 1385 1408 1317 1115 1236 1314 4118 3052 4117 4117 4117 4118 
1353 1405 1194 13226 1385 1407 1316 1114 1236 1316 3117 3126 4117 4117 4117 4118 
1357 1404 1129 11653 1385 1407 1317 1115 1235 1312 3109 3140 4117 4117 4117 4118 
1355 1400 1100 10056 1382 1406 1316 1114 1236 1316 3674 491 4117 4117 4117 4118 
1351 1385 971 9434 1381 1406 1315 1113 1234 1311 3291 3377 4117 4117 4117 4118 
1357 1391 1149 10749 1386 1410 1319 1117 1235 1312 4117 3085 4116 4116 4116 4117 
1357 1401 1039 9102 1386 1408 1316 1114 1238 1320 3085 2879 4117 4117 4117 4118 
1350 1404 1133 11357 1383 1406 1314 1115 1236 1317 3109 3116 4117 4117 4117 4118 
1351 1394 1221 13035 1384 1404 1314 1114 1235 1311 4117 3120 4116 4116 4116 4117 
1355 1412 1181 11786 1384 1407 1315 1114 1236 1311 4118 2935 4117 4117 4117 4118 
1352 1400 1182 11426 1384 1406 1315 1115 1239 1327 3154 3122 4117 4117 4117 4118 
1353 1404 1167 14875 1384 1407 1316 1114 1237 1320 4118 3093 4117 4117 4117 4118 
1356 1410 1140 10260 1384 1406 1315 1114 1239 1328 4118 3085 4117 4117 4117 4118 
1356 1403 1134 9484 1384 1408 1315 1114 1236 1318 3104 3183 4116 4116 4116 4117 
1359 1420 1092 10412 1384 1407 1316 1114 1236 1317 3663 3106 4117 4117 4117 4118 
1403 1465 1595 16383 1386 1408 1315 1114 997 1332 1244 1331 4117 4117 4117 4118 
1352 1402 1185 11042 1384 1406 1315 1115 1235 1312 3116 3124 4117 4117 4117 4118 
1359 1403 1129 10148 1384 1408 1315 1115 1235 1312 3151 2953 4117 4117 4117 4118 
1351 1393 1203 11695 1384 1407 1315 1115 1235 1311 4118 2975 4117 4117 4117 4118 
1360 1402 1074 10528 1383 1407 1316 1115 1235 1314 3659 3094 4117 4117 4117 4118 
1359 1422 1094 10740 1385 1408 1316 1115 1234 1313 3618 3077 4117 4117 4117 4118 
1357 1394 1034 10195 1386 1409 1317 1115 1236 1317 2936 3083 4116 4116 4116 4117 
1358 1402 1098 10007 1386 1408 1317 1117 1235 1314 3096 2931 4116 4116 4116 4117 
1358 1405 1150 10923 1384 1408 1315 1114 1235 1314 3080 3122 4117 4117 4117 4118 
1354 1401 1145 10999 1386 1407 1317 1114 1235 1313 3017 3098 4116 4116 4116 4117 
1358 1412 1154 11995 1384 1406 1315 1115 1236 1313 3314 3106 4117 4117 4117 4118 
1393 1450 1441 16383 1383 1404 1312 1113 953 1329 1213 1276 4117 4117 4117 4118 
1354 1396 1209 14230 1385 1407 1316 1115 1235 1315 4117 3115 4116 4116 4116 4117 
1352 1388 1149 10670 1384 1407 1316 1115 1235 1315 3160 3110 4116 4116 4116 4117 
1355 1401 1070 10233 1384 1407 1316 1114 1237 1321 2911 3066 4116 4116 4116 4117 
1354 1390 1146 10471 1386 1405 1315 1114 1235 1314 3116 3124 4116 4116 4116 4117 
1355 1405 1178 11502 1385 1409 1315 1115 1237 1316 3123 3103 4116 4116 4116 4117 
1394 1448 10678 5044 1375 1400 1307 1104 1236 1315 0 1600 4117 4117 4117 4118 
1356 1412 1164 3197 1384 1406 1315 1115 1236 1318 3102 3141 4116 4116 4116 4117 
1355 1399 1152 10621 1384 1404 1313 1114 1234 1313 3130 3114 4116 4116 4116 4117 
1354 1413 1195 11955 1382 1405 1314 1113 1236 1316 3060 3093 4117 4117 4117 4118 
1349 1390 1009 10125 1383 1408 1315 1114 1236 1314 2869 3080 4117 4117 4117 4118 
1355 1404 1151 11487 1383 1407 1316 1115 1235 1314 4118 2928 4117 4117 4117 4118 
1356 1406 1169 11509 1384 1407 1315 1114 1235 1314 3144 3084 4117 4117 4117 4118 
1358 1402 1129 10434 1385 1408 1317 1117 1236 1312 4117 2994 4116 4116 4116 4117 
1361 1410 1106 10628 1384 1406 1317 1116 1237 1316 4118 3081 4117 4117 4117 4118 
1358 1402 1106 10397 1385 1406 1316 1116 1235 1315 3637 3097 4117 4117 4117 4118 
1349 1392 1174 11529 1384 1407 1317 1115 1235 1314 3131 3084 4116 4116 4116 4117 
1350 1403 1144 12402 1384 1407 1315 1115 1236 1316 3091 3128 4117 4117 4117 4118 
1362 1408 1092 10761 1384 1407 1315 1114 1235 1314 3644 3000 4117 4117 4117 4118 
1354 1397 1086 11019 1384 1408 1316 1116 1235 1315 3628 3080 4116 4116 4116 4117 
1361 1415 1138 10144 1384 1406 1315 1114 1234 1312 2927 3073 4117 4117 4117 4118 
1352 1404 1182 793 1384 1406 1315 1114 1082 1330 2936 2937 4117 4117 4117 4118 
1358 1397 1039 10680 1386 1407 1317 1114 1234 1312 2869 3090 4115 4115 4115 4116 
1350 1402 1172 11418 1384 1408 1317 1115 1234 1313 4117 3126 4116 4116 4116 4117 
1420 1450 1250 16383 1385 1405 1315 1114 970 1330 4117 4116 4116 4116 4116 4117 
1350 1401 1127 10154 1384 1408 1317 1115 1234 1312 4117 2978 4116 4116 4116 4117 
1356 1399 967 9435 1385 1409 1317 1116 1237 1319 2966 3099 4116 4116 4116 4117 
1357 1398 1049 9221 1383 1408 1315 1115 1235 1314 3066 3021 4117 4117 4117 4118 
1352 1393 1130 10783 1384 1406 1315 1114 1235 1312 3116 3129 4116 4116 4116 4117 
1358 1412 1188 625 1386 1407 1316 1116 1234 1313 4118 2912 4117 4117 4117 4118 
1357 1404 1173 11942 1384 1408 1315 1115 1236 1318 3104 3095 4117 4117 4117 4118 
1357 1397 1198 11154 1384 1406 1316 1114 1236 1314 0 0 4116 4116 4116 4117 
1354 1406 1207 12807 1384 1406 1316 1115 1235 1310 4117 3089 4116 4116 4116 4117 
1359 1402 1111 9905 1385 1407 1316 1115 1236 1317 2905 3011 4117 4117 4117 4118 
1354 1403 1135 10572 1381 1405 1314 1113 1235 1314 3111 3115 4117 4117 4117 4118 
1357 1401 1135 10265 1384 1407 1315 1115 1234 1309 3089 3133 4116 4116 4116 4117 
1357 1402 1157 10183 1384 1407 1316 1114 1238 1323 3074 3146 4116 4116 4116 4117 
1361 1410 1150 11134 1385 1408 1316 1116 1236 1316 3109 2770 4117 4117 4117 4118 
1356 1402 1134 10275 1385 1409 1317 1116 1236 1314 4118 2840 4117 4117 4117 4118 
1354 1394 1145 10706 1384 1408 1315 1114 1234 1312 2955 3076 4116 4116 4116 4117 
1361 1410 1126 10450 1386 1407 1316 1117 1236 1313 3660 3101 4117 4117 4117 4118 
1355 1404 1138 11374 1384 1407 1315 1114 1236 1317 3116 3122 4116 4116 4116 4117 
1357 1389 964 8473 1385 1408 1315 1115 1235 1315 3019 3066 4116 4116 4116 4117 
1356 1402 1123 10835 1385 1407 1316 1114 1235 1315 3059 3120 4115 4115 4115 4116 
1353 1406 1185 11103 1386 1410 1318 1116 1235 1312 3130 3130 4116 4116 4116 4117 
1354 1398 1098 10111 1383 1405 1314 1114 1236 1318 3141 3117 4116 4116 4116 4117 
1349 1391 1122 9696 1383 1406 1315 1113 1235 1314 3102 3156 4116 4116 4116 4117 
1357 1401 1091 10397 1384 1407 1315 1115 1235 1316 3623 3089 4116 4116 4116 4117 
1354 1394 1153 11271 1384 1407 1316 1115 1234 1310 2984 3064 4116 4116 4116 4117 
1354 1406 1102 11559 1384 1407 1317 1114 1238 1324 2904 3038 4116 4116 4116 4117 
1355 1402 1155 10823 1383 1407 1314 1116 1236 1315 2902 2975 4116 4116 4116 4117 
1355 1402 1142 10856 1382 1406 1314 1114 1236 1315 2933 3092 4116 4116 4116 4117 
1357 1403 1130 11436 1384 1407 1316 1114 1235 1313 4116 3056 4116 4116 4116 4117 
1348 1392 1158 11965 1383 1404 1314 1113 1235 1314 3098 3107 4116 4116 4116 4117 
1358 1404 1129 10075 1385 1409 1316 1116 1235 1313 3141 3113 4117 4117 4117 4118 
1359 1400 1095 10398 1384 1406 1316 1114 1234 1312 3661 3092 4116 4116 4116 4117 
1351 1401 1117 10478 1384 1407 1314 1113 1236 1315 3111 3121 4117 4117 4117 4118 
1352 1392 1132 10487 1385 1408 1316 1116 1235 1311 3115 2925 4116 4116 4116 4117 
1358 1415 1047 9029 1382 1407 1315 1114 1236 1316 3069 3186 4117 4117 4117 4118 
1353 1394 1109 10132 1384 1405 1314 1114 1238 1321 4117 3127 4116 4116 4116 4117 
1355 1399 1140 11210 1385 1409 1317 1116 1235 1312 3124 3115 4115 4115 4115 4116 
1358 1401 1172 10685 1385 1408 1316 1114 1235 1311 0 3056 4117 4117 4117 4118 
1356 1402 1166 10782 1384 1406 1315 1115 1235 1309 2960 3079 4117 4117 4117 4118 
1359 1406 1066 9761 1386 1409 1316 1116 1083 1330 2898 3060 4117 4117 4117 4118 
1354 1406 1193 11550 1384 1407 1314 1115 1234 1311 3127 3106 4116 4116 4116 4117 
1359 1412 1177 11395 1384 1408 1316 1116 1235 1312 3119 3124 4117 4117 4117 4118 
1352 1396 1185 11946 1385 1410 1318 1116 1235 1316 3149 3117 4116 4116 4116 4117 
1353 1399 966 9671 1384 1405 1315 1114 937 1329 2968 0 4116 4116 4116 4117 
1350 1394 1159 11191 1386 1409 1316 1116 1234 1312 4118 3104 4117 4117 4117 4118 
1354 1400 1162 10879 1384 1407 1315 1115 1234 1313 3083 3113 4116 4116 4116 4117 
1360 1420 1183 11651 1386 1408 1317 1116 1237 1319 3115 3101 4117 4117 4117 4118 
1354 1409 1143 11335 1385 1408 1316 1115 1083 1331 4118 2929 4117 4117 4117 4118 
1353 1401 1200 10877 1384 1406 1316 1113 1234 1311 4117 2923 4116 4116 4116 4117 
1355 1405 1191 11783 1383 1405 1314 1113 1236 1319 4117 3103 4116 4116 4116 4117 
1358 1404 1185 11073 1383 1405 1315 1115 1235 1311 3126 3100 4116 4116 4116 4117 
1385 1460 1246 16383 1383 1404 1313 1112 922 1330 4117 4116 4116 4116 4116 4117 
1356 1408 1120 10521 1382 1406 1315 1114 1236 1317 2914 3038 4116 4116 4116 4117 
1356 1401 1148 10765 1384 1408 1317 1115 1234 1311 3113 2925 4116 4116 4116 4117 
1356 1399 1186 11413 1385 1408 1316 1116 1235 1313 3150 3110 4116 4116 4116 4117 
1353 1398 1174 11151 1386 1408 1316 1114 1235 1311 3155 3120 4116 4116 4116 4117 
1358 1402 1091 10518 1385 1408 1315 1114 1235 1313 3682 3096 4116 4116 4116 4117 
1350 1404 1184 15849 1384 1407 1315 1115 1235 1314 4117 2953 4116 4116 4116 4117 
1358 1406 1151 11319 1385 1408 1315 1116 1234 1313 0 3088 4116 4116 4116 4117 
1349 1399 1169 11147 1385 1407 1316 1116 1236 1316 4118 0 4117 4117 4117 4118 
1357 1404 1162 11454 1384 1407 1316 1115 1235 1314 2963 3045 4115 4115 4115 4116 
1350 1404 1187 2847 1386 1406 1316 1115 1235 1310 4116 3102 4115 4115 4115 4116 
1355 1402 1154 9398 1385 1407 1317 1115 1235 1314 3121 3130 4116 4116 4116 4117 
1356 1397 1114 10222 1385 1408 1316 1116 1234 1314 3067 3131 4116 4116 4116 4117 
1356 1402 1078 9936 1385 1407 1316 1116 1235 1312 2862 3092 4116 4116 4116 4117 
1354 1393 1089 10559 1384 1407 1316 1116 1235 1311 2863 3089 4116 4116 4116 4117 
1407 1462 1567 16383 1384 1405 1313 1111 974 1330 1207 1306 4116 4116 4116 4117 
1360 1408 1098 10796 1384 1408 1315 1114 1235 1314 3610 3079 4116 4116 4116 4117 
1353 1399 1125 9383 1382 1406 1314 1111 1235 1314 3092 3173 4115 4115 4115 4116 
1349 1394 1210 11259 1384 1408 1315 1115 1234 1312 3139 3106 4116 4116 4116 4117 
1353 1391 1107 10112 1384 1408 1315 1115 1106 1330 2926 3044 4115 4115 4115 4116 
1354 1391 1068 10886 1382 1406 1315 1114 1235 1312 3103 3178 4116 4116 4116 4117 
1354 1420 1169 14175 1384 1405 1314 1114 1235 1309 3065 3111 4116 4116 4116 4117 
1353 1401 1127 10043 1385 1408 1316 1115 1211 1332 888 3074 4115 4115 4115 4116 
1358 1416 1140 11582 1384 1406 1315 1115 1235 1314 2921 3028 4116 4116 4116 4117 
1354 1403 1186 11401 1384 1408 1316 1115 1236 1315 4117 3114 4116 4116 4116 4117 
1357 1400 1138 9499 1385 1407 1316 1116 1235 1313 4117 2823 4116 4116 4116 4117 
1365 1400 885 8189 1384 1409 1316 1116 1237 1318 2869 3082 4116 4116 4116 4117 
1359 1421 1135 9618 1384 1406 1316 1115 1238 1321 3124 3136 4117 4117 4117 4118 
1353 1404 1130 10763 1385 1409 1317 1116 1235 1314 3121 3076 4116 4116 4116 4117 
1355 1416 1159 10766 1383 1407 1315 1116 1236 1317 2970 3075 4116 4116 4116 4117 
1357 1403 1108 9409 1385 1408 1317 1117 1235 1311 830 2851 4116 4116 4116 4117 
1354 1403 1077 9923 1386 1407 1316 1115 1236 1317 3045 3082 4116 4116 4116 4117 
1359 1403 1088 10426 1384 1408 1317 1115 1236 1317 3620 3086 4116 4116 4116 4117 
1350 1391 1172 11422 1384 1406 1315 1114 1234 1311 4117 3085 4116 4116 4116 4117 
1355 1401 1122 10630 1384 1407 1316 1116 1236 1318 2954 3082 4116 4116 4116 4117 
1354 1404 1156 10966 1385 1406 1316 1115 1235 1314 4118 3036 4117 4117 4117 4118 
1359 1410 1147 9278 1384 1406 1314 1114 1235 1312 3126 2803 4116 4116 4116 4117 
1351 1402 1175 11241 1382 1407 1316 1114 1235 1315 4117 2980 4116 4116 4116 4117 
1357 1422 1205 12589 1386 1408 1316 1114 1236 1314 4118 3105 4117 4117 4117 4118 
1354 1404 1192 11365 1385 1409 1316 1116 1235 1311 2978 3067 4116 4116 4116 4117 
1354 1403 1151 11161 1382 1406 1315 1115 1236 1314 2983 3069 4116 4116 4116 4117 
1359 1397 921 8776 1385 1408 1316 1115 1236 1316 2864 3094 4116 4116 4116 4117 
1357 1405 1121 11162 1384 1407 1317 1116 1236 1316 3485 3005 4116 4116 4116 4117 
1350 1396 1216 7957 1384 1406 1315 1113 1235 1313 3142 3110 4115 4115 4115 4116 
1352 1393 1166 10730 1384 1406 1314 1115 1234 1312 4117 3122 4116 4116 4116 4117 
1357 1397 1122 10292 1384 1406 1315 1114 1235 1314 3087 0 4116 4116 4116 4117 
1349 1392 1175 11157 1384 1409 1317 1117 1235 1314 2923 3043 4116 4116 4116 4117 
1354 1400 1091 10993 1384 1408 1317 1116 1235 1315 2894 3016 4116 4116 4116 4117 
1354 1408 1137 11580 1386 1407 1315 1114 1101 1330 2836 2929 4116 4116 4116 4117 
1357 1408 1174 12429 1384 1407 1316 1115 1235 1314 4118 962 4117 4117 4117 4118 
1353 1398 1160 11510 1385 1409 1316 1115 1235 1310 4117 2876 4116 4116 4116 4117 
1351 1402 1145 11403 1382 1406 1315 1114 1236 1317 2856 2981 4116 4116 4116 4117 
1349 1391 1134 10131 1383 1406 1315 1115 1235 1310 3091 3103 4116 4116 4116 4117 
1349 1402 1146 11253 1384 1407 1316 1114 1235 1315 2987 3084 4117 4117 4117 4118 
1375 1450 15262 8173 1372 1396 1303 1102 1234 1309 0 3524 4116 4116 4116 4117 
1356 1405 1093 10708 1386 1409 1317 1117 1236 1318 2900 3072 4116 4116 4116 4117 
1347 1391 1131 11111 1383 1407 1316 1114 1235 1312 3146 3101 4116 4116 4116 4117 
1354 1404 1184 11376 1384 1407 1315 1114 1235 1313 4117 3085 4116 4116 4116 4117 
1358 1410 1148 10901 1382 1406 1314 1114 1235 1314 4118 3070 4117 4117 4117 4118 
1361 1419 1170 10943 1384 1406 1316 1113 1234 1310 4117 3084 4116 4116 4116 4117 
1354 1409 1182 11251 1384 1408 1316 1116 1235 1312 4117 3081 4116 4116 4116 4117 
1366 1418 1137 10811 1385 1408 1318 1116 1236 1318 3670 3091 4117 4117 4117 4118 
1350 1405 1168 11923 1383 1405 1315 1114 1236 1315 3101 3119 4116 4116 4116 4117 
1363 1411 1132 10659 1384 1406 1314 1114 1235 1314 2970 3072 4116 4116 4116 4117 
1357 1402 1067 10347 1384 1406 1315 1116 1236 1317 3625 3086 4116 4116 4116 4117 
1354 1404 1149 11594 1384 1405 1315 1116 1236 1310 4117 3052 4116 4116 4116 4117 
1361 1410 1124 10308 1384 1406 1314 1115 1235 1313 3144 3095 4117 4117 4117 4118 
1358 1405 1167 11317 1385 1407 1316 1117 1236 1315 3013 3082 4116 4116 4116 4117 
1360 1401 1023 9926 1384 1408 1317 1115 1235 1315 3653 3110 4116 4116 4116 4117 
1355 1401 1117 10710 1385 1408 1318 1116 1235 1314 3053 3125 4116 4116 4116 4117 
1356 1400 1083 10314 1386 1407 1316 1116 1236 1317 2934 3073 4116 4116 4116 4117 
1357 1391 1174 10587 1385 1408 1316 1115 1235 1312 3116 3128 4116 4116 4116 4117 
1361 1407 1210 11575 1384 1407 1316 1115 1235 1310 3790 3092 4116 4116 4116 4117 
1359 1399 1127 9317 1385 1406 1317 1115 1235 1311 3106 3139 4116 4116 4116 4117 
1357 1407 1148 10649 1383 1406 1316 1115 1235 1312 4118 3094 4117 4117 4117 4118 
1359 1407 1195 11151 1385 1410 1317 1117 1234 1313 4117 2951 4116 4116 4116 4117 
1360 1410 1054 9727 1386 1408 1316 1116 1235 1313 2999 3089 4116 4116 4116 4117 
1354 1405 1126 11566 1385 1407 1316 1116 1235 1312 2933 3054 4116 4116 4116 4117 
1354 1391 1079 10005 1384 1407 1316 1115 1238 1319 3645 3104 4116 4116 4116 4117 
1356 1410 1160 11315 1382 1405 1314 1115 1234 1312 4117 2936 4116 4116 4116 4117 
1356 1403 1111 9705 1384 1407 1316 1115 1235 1315 3097 2902 4115 4115 4115 4116 
1346 1396 1198 13374 1385 1408 1316 1116 1084 1330 4117 2938 4116 4116 4116 4117 
1356 1404 1173 10970 1384 1406 1316 1115 1236 1317 2947 3070 4115 4115 4115 4116 
1357 1413 1103 8619 1384 1406 1316 1114 1237 1318 3291 2845 4116 4116 4116 4117 
1354 1402 1082 10740 1385 1409 1316 1116 1234 1313 3079 3131 4116 4116 4116 4117 
1353 1402 1170 10532 1385 1407 1316 1115 1235 1313 3122 3101 4116 4116 4116 4117 
1358 1407 973 10342 1385 1410 1316 1116 1234 1313 3845 3113 4116 4116 4116 4117 
1351 1395 1175 11324 1384 1406 1315 1115 1236 1315 4117 3094 4116 4116 4116 4117 
1355 1402 1157 11406 1384 1407 1315 1114 1236 1315 3298 3061 4116 4116 4116 4117 
1351 1394 1083 10438 1386 1410 1318 1117 1236 1315 3655 3062 4116 4116 4116 4117 
1357 1403 1030 9828 1386 1408 1317 1117 1071 1330 2900 3037 4116 4116 4116 4117 
1354 1403 1125 11228 1384 1406 1315 1115 1235 1315 2968 3057 4116 4116 4116 4117 
1349 1391 1137 11395 1382 1405 1314 1113 1236 1317 3067 3068 4116 4116 4116 4117 
1356 1391 1186 10580 1384 1408 1315 1117 1235 1314 4117 3073 4116 4116 4116 4117 
1360 1410 917 7378 1387 1408 1317 1117 1236 1316 3018 2674 4116 4116 4116 4117 
1383 1464 1282 16383 1382 1404 1312 1113 917 1331 1266 4117 4117 4117 4117 4118 
1353 1394 1152 10838 1382 1405 1314 1112 1236 1317 0 2461 4115 4115 4115 4116 
1360 1405 1091 9593 1385 1407 1314 1114 1235 1313 2900 3074 4116 4116 4116 4117 
1359 1403 1109 11137 1385 1408 1315 1116 1235 1312 2911 3057 4116 4116 4116 4117 
1361 1400 972 8668 1386 1408 1318 1117 1238 1324 2894 3041 4116 4116 4116 4117 
1367 1420 1129 8222 1385 1410 1316 1118 1238 1322 0 2836 4117 4117 4117 4118 
1411 1456 1463 16383 1386 1406 1315 1114 964 1329 1242 1300 4116 4116 4116 4117 
1362 1406 1176 11188 1382 1408 1315 1114 1235 1310 2985 3051 4116 4116 4116 4117 
1359 1414 1217 11255 1382 1406 1313 1115 1235 1311 4117 3080 4116 4116 4116 4117 
1360 1404 1060 10622 1385 1407 1316 1116 1238 1320 2887 3019 4116 4116 4116 4117 
1355 1403 1207 11947 1382 1405 1315 1112 1235 1313 4117 3089 4116 4116 4116 4117 
1361 1405 1146 10647 1385 1408 1317 1116 1234 1310 2885 3061 4116 4116 4116 4117 
1355 1391 1175 10964 1384 1407 1315 1116 1236 1317 2895 3059 4116 4116 4116 4117 
1358 1400 1152 9207 1386 1410 1317 1116 1235 1312 3154 2849 4116 4116 4116 4117 
1354 1396 1074 8695 1385 1408 1317 1116 1235 1313 3100 2826 4116 4116 4116 4117 
1358 1404 1039 9889 1384 1406 1316 1117 1236 1317 3644 3111 4116 4116 4116 4117 
1352 1400 1138 11283 1384 1407 1314 1114 1236 1319 2898 3051 4116 4116 4116 4117 
1399 1440 1790 16383 1384 1404 1313 1112 959 1329 1853 4116 4116 4116 4116 4117 
1359 1408 975 8262 1384 1406 1314 1116 1235 1313 3062 3085 4117 4117 4117 4118 
1348 1389 1141 9003 1384 1408 1314 1114 1236 1313 4117 2894 4116 4116 4116 4117 
1359 1401 1153 10953 1388 1408 1318 1118 1235 1313 2928 3041 4116 4116 4116 4117 
1355 1402 1150 10790 1384 1406 1316 1116 1237 1319 3121 3129 4116 4116 4116 4117 
1351 1395 1130 11050 1385 1407 1315 1114 1235 1316 3660 3075 4116 4116 4116 4117 
1357 1416 1179 11219 1384 1408 1315 1117 1236 1314 2977 3069 4117 4117 4117 4118 
1355 1404 1202 11579 1384 1408 1316 1116 1236 1312 4117 3098 4116 4116 4116 4117 
1354 1401 1128 10446 1385 1407 1317 1115 1236 1319 3049 3117 4116 4116 4116 4117 
1349 1389 1174 10050 1383 1406 1316 1115 1234 1313 4117 3110 4116 4116 4116 4117 
1355 1402 1158 452 1384 1407 1316 1115 1235 1311 3064 3120 4117 4117 4117 4118 
1354 1401 1106 9983 1385 1406 1316 1115 1236 1316 858 3083 4116 4116 4116 4117 
1360 1410 1161 10350 1384 1406 1315 1114 1235 1312 3118 3127 4117 4117 4117 4118 
1353 1405 1201 13251 1382 1407 1316 1114 1238 1324 4118 3097 4117 4117 4117 4118 
1355 1400 1143 10177 1385 1407 1316 1114 1236 1314 4117 3086 4116 4116 4116 4117 
1348 1402 1178 13274 1384 1405 1315 1114 1236 1317 4117 3087 4116 4116 4116 4117 
1353 1399 1128 10223 1384 1406 1315 1114 1238 1323 3023 3098 4116 4116 4116 4117 
1353 1400 1150 10202 1384 1407 1314 1114 1238 1320 3095 3095 4116 4116 4116 4117 
1356 1401 1159 11197 1384 1408 1316 1116 1235 1313 3131 3123 4116 4116 4116 4117 
1361 1411 1114 10781 1384 1407 1316 1115 1236 1317 4118 3048 4117 4117 4117 4118 
1352 1401 1121 11339 1386 1410 1316 1116 1235 1312 2901 3014 4116 4116 4116 4117 
1361 1405 1159 10421 1384 1408 1317 1116 1235 1313 3118 3120 4115 4115 4115 4116 
1359 1400 1045 10091 1385 1406 1316 1115 1235 1312 2982 3102 4115 4115 4115 4116 
1359 1409 1126 11129 1386 1410 1317 1117 1235 1315 3610 3040 4116 4116 4116 4117 
1355 1404 1147 11126 1385 1408 1317 1116 1236 1318 4118 2900 4117 4117 4117 4118 
1354 1404 1156 11495 1385 1408 1315 1115 1236 1313 2936 3050 4115 4115 4115 4116 
1361 1415 1167 10443 1384 1408 1314 1114 1235 1315 3685 3111 4116 4116 4116 4117 
1354 1405 1154 9945 1384 1406 1315 1115 1237 1317 3136 3113 4115 4115 4115 4116 
1354 1406 1183 10740 1383 1408 1315 1114 1235 1312 4117 3074 4116 4116 4116 4117 
1349 1392 1119 10763 1384 1408 1315 1115 1235 1309 3096 3071 4116 4116 4116 4117 
1356 1412 1129 10797 1385 1407 1316 1115 1234 1312 3682 3096 4116 4116 4116 4117 
1351 1393 1151 10674 1386 1407 1316 1116 1236 1316 2957 3075 4116 4116 4116 4117 
1357 1412 1157 10397 1384 1406 1315 1116 1235 1313 3108 2826 4116 4116 4116 4117 
1365 1410 1107 10829 1385 1407 1316 1116 1235 1309 3649 3075 4116 4116 4116 4117 
1359 1407 1162 11025 1385 1408 1316 1115 1235 1314 0 3084 4116 4116 4116 4117 
1360 1403 1075 10407 1386 1408 1317 1116 1236 1315 3042 3118 4115 4115 4115 4116 
1355 1405 1204 12081 1387 1409 1316 1116 1234 1311 3996 3070 4116 4116 4116 4117 
1354 1402 1090 11018 1386 1407 1315 1116 1235 1310 3639 3082 4116 4116 4116 4117 
1357 1398 1151 11527 1384 1408 1317 1115 1235 1313 2923 3066 4116 4116 4116 4117 
1349 1388 1024 8653 1383 1406 1316 1114 1236 1318 3625 3073 4117 4116 4117 4118 
1356 1401 1081 9783 1385 1408 1316 1115 1235 1312 0 3089 4116 4116 4116 4117 
1353 1405 1188 11638 1384 1407 1316 1115 1235 1315 4116 2945 4115 4115 4115 4116 
1359 1404 1218 15755 1384 1406 1316 1115 1236 1315 4117 3124 4116 4116 4116 4117 
1355 1401 1128 10801 1385 1407 1314 1115 1237 1330 3063 3094 4116 4116 4116 4117 
1354 1384 1055 8075 1384 1408 1316 1115 1235 1310 3467 2962 4116 4116 4116 4117 
1359 1410 1150 11232 1387 1407 1316 1116 1236 1312 2995 3082 4116 4116 4116 4117 
1359 1401 1145 10450 1385 1409 1316 1114 1234 1312 2909 3018 4115 4115 4115 4116 
1354 1402 1185 10309 1384 1408 1315 1115 1235 1314 4117 3125 4116 4116 4116 4117 
1356 1396 1116 10272 1385 1407 1316 1116 1236 1315 3047 3108 4116 4116 4116 4117 
1360 1403 1176 10269 1383 1406 1314 1115 1235 1313 4116 3103 4115 4115 4115 4116 
1355 1401 1106 10417 1384 1409 1317 1117 1236 1317 3115 3111 4116 4116 4116 4117 
1351 1391 1100 10885 1384 1407 1315 1115 1235 1313 3665 3088 4116 4116 4116 4117 
1357 1403 1180 10311 1382 1407 1314 1114 1235 1314 3135 3122 4115 4115 4115 4116 
1361 1421 1167 12266 1384 1407 1316 1116 1235 1310 4117 3117 4116 4116 4116 4117 
1355 1399 1138 10183 1386 1408 1317 1117 1235 1312 3128 2892 4115 4115 4115 4116 
1354 1402 1100 11097 1384 1408 1315 1115 1234 1312 3652 3096 4115 4115 4115 4116 
1348 1389 1157 10804 1384 1407 1316 1114 1235 1311 2845 3026 4116 4116 4116 4117 
1355 1391 1083 10507 1384 1406 1316 1115 1234 1311 2865 3105 4116 4116 4116 4117 
1351 1403 1117 10091 1384 1406 1314 1115 1238 1324 3085 3132 4116 4116 4116 4117 
1352 1399 1154 11177 1384 1407 1316 1115 1236 1315 3132 3095 4116 4116 4116 4117 
1356 1400 1081 8790 1385 1407 1316 1115 1234 1312 3636 3039 4116 4116 4116 4117 
1356 1402 1193 11032 1385 1406 1314 1114 1236 1317 4117 3112 4116 4116 4116 4117 
1358 1412 1119 10945 1384 1408 1316 1115 1235 1315 3130 3095 4116 4116 4116 4117 
1352 1394 1109 10555 1385 1407 1317 1116 1236 1316 3650 3081 4116 4116 4116 4117 
1354 1398 1098 9834 1384 1407 1315 1115 1235 1314 3077 3118 4115 4115 4115 4116 
1360 1412 1129 8741 1385 1409 1316 1116 1235 1312 3110 2859 4116 4116 4116 4117 
1357 1402 1127 11297 1385 1406 1317 1116 1237 1320 3629 3076 4116 4116 4116 4117 
1355 1400 1028 10082 1384 1407 1315 1117 1235 1315 3643 3101 4116 4116 4116 4117 
1352 1403 1148 10917 1387 1408 1317 1115 1235 1313 3132 3119 4116 4116 4116 4117 
1357 1399 1091 9621 1384 1407 1317 1117 1235 1314 3071 3110 4116 4116 4116 4117 
1356 1404 1090 9556 1386 1408 1316 1115 1237 1319 3100 3138 4116 4116 4116 4117 
1355 1402 986 10238 1385 1408 1316 1116 1234 955 2885 3087 4116 4116 4116 4117 
1356 1422 1207 11627 1386 1408 1317 1116 1237 1319 4118 3107 4117 4117 4117 4118 
1360 1407 1206 10942 1386 1409 1317 1116 1235 1312 1360 3062 4117 4117 4117 4118 
1358 1415 1184 10879 1382 1405 1314 1115 1239 1328 4118 3098 4117 4117 4117 4118 
1353 1402 1171 11017 1385 1409 1316 1115 1236 1313 3133 3101 4117 4117 4117 4118 
1355 1400 1119 11688 1385 1409 1317 1116 1235 1311 2970 3061 4116 4116 4116 4117 
1357 1409 1163 644 1384 1407 1314 1115 1234 1312 4118 3079 4117 4117 4117 4118 
1356 1406 1167 11664 1385 1407 1315 1115 1235 1312 4118 3063 4117 4117 4117 4118 
1350 1394 1170 11752 1384 1406 1314 1114 1235 1311 4117 3090 4116 4116 4116 4117 
1357 1402 1099 10965 1384 1406 1315 1115 1237 1318 4118 0 4117 4117 4117 4118 
1350 1406 1106 10756 1383 1406 1314 1114 1235 1313 3076 3116 4116 4116 4116 4117 
1357 1404 1042 10468 1386 1407 1316 1114 1236 1313 2903 3074 4117 4117 4117 4118 
1359 1416 1199 11314 1385 1408 1315 1116 1239 1323 3108 3089 4117 4117 4117 4118 
1355 1406 1147 10975 1383 1407 1314 1114 1236 1316 2921 3072 4117 4117 4117 4118 
1356 1402 1158 16330 1385 1408 1317 1117 1235 1309 2926 3043 4117 4117 4117 4118 
1357 1401 1167 10450 1384 1408 1316 1115 1234 1313 3425 2935 4116 4116 4116 4117 
1358 1402 1146 10337 1384 1408 1316 1117 1236 1315 3107 3131 4117 4117 4117 4118 
1357 1409 1189 11920 1384 1407 1314 1114 1236 1316 4118 3078 4117 4117 4117 4118 
1359 1410 1127 11150 1386 1407 1315 1116 1236 1317 3118 3129 4117 4117 4117 4118 
1355 1401 1222 9894 1386 1407 1317 1116 1079 1329 0 2911 4117 4117 4117 4118 
1356 1400 1145 10065 1384 1406 1314 1116 1234 1311 2991 3081 4117 4117 4117 4118 
1354 1416 1187 12839 1384 1406 1316 1114 1235 1313 4118 3090 4117 4117 4117 4118 
1353 1393 1132 10958 1384 1408 1314 1115 1237 1319 3027 3113 4117 4117 4117 4118 
1359 1404 1125 10155 1384 1406 1315 1115 1235 1315 3101 3091 4117 4117 4117 4118 
1351 1404 1179 11159 1386 1407 1316 1116 1234 1313 4118 3099 4117 4117 4117 4118 
1359 1402 1089 10710 1386 1408 1317 1117 1235 1313 2875 3069 4117 4117 4117 4118 
1350 1404 1182 11097 1384 1405 1313 1114 1238 1322 4118 3080 4117 4117 4117 4118 
1363 1410 1044 10615 1385 1407 1316 1115 1236 1316 4118 3095 4117 4117 4117 4118 
1356 1405 1121 11150 1386 1408 1318 1116 1239 1325 2910 3064 4117 4117 4117 4118 
1358 1409 1175 10364 1384 1408 1316 1115 1235 1313 4118 2914 4117 4117 4117 4118 
1361 1400 1092 9478 1384 1408 1315 1116 1237 1319 3057 3106 4117 4117 4117 4118 
1352 1397 1175 11451 1384 1407 1316 1116 1235 1312 4118 3102 4117 4117 4117 4118 
1353 1391 1174 11043 1384 1409 1317 1116 1235 1313 3111 3128 4116 4116 4116 4117 
1356 1404 1181 11835 1385 1406 1317 1116 1235 1313 4118 3087 4117 4117 4117 4118 
1360 1404 1146 10113 1384 1406 1316 1114 1237 1319 3653 3120 4117 4117 4117 4118 
1387 1452 10885 4955 1369 1396 1303 1101 1235 1310 4118 3200 4117 4117 4117 4118 
1353 1402 1188 11629 1384 1406 1316 1114 1235 1311 3146 3125 4116 4116 4116 4117 
1359 1405 1212 11417 1385 1409 1317 1116 1235 1313 0 0 4117 4117 4117 4118 
1352 1401 1161 10796 1385 1407 1315 1115 1235 1311 4118 3110 4117 4117 4117 4118 
1351 1391 1196 10178 1383 1406 1314 1115 1236 1311 3119 3134 4116 4116 4116 4117 
1355 1389 1157 10276 1385 1408 1315 1116 1236 1316 3123 3123 4117 4117 4117 4118 
1354 1402 1151 11178 1384 1406 1314 1116 1236 1315 2979 3065 4117 4117 4117 4118 
1347 1391 1199 4119 1385 1408 1314 1114 1235 1314 4118 2974 4117 4117 4117 4118 
1356 1402 1143 10786 1384 1407 1316 1116 1235 1312 4118 3087 4117 4117 4117 4118 
1349 1394 1199 2715 1384 1406 1316 1115 1234 1310 3114 3126 4116 4116 4116 4117 
1352 1402 1144 11211 1385 1408 1316 1116 1235 1311 2940 3051 4116 4116 4116 4117 
1355 1406 1153 11293 1385 1406 1314 1114 1236 1315 3105 3123 4117 4117 4117 4118 
1355 1404 1175 10363 1384 1407 1316 1114 1236 1316 3169 3112 4117 4117 4117 4118 
1354 1403 1159 10699 1384 1407 1315 1116 1236 1312 2887 2955 4117 4117 4117 4118 
1358 1400 1020 10295 1385 1405 1316 1114 1236 1315 2957 3100 4117 4117 4117 4118 
1359 1406 1132 11116 1384 1407 1317 1115 1235 1312 4118 2992 4117 4117 4117 4118 
1356 1398 1129 10650 1383 1406 1317 1114 1237 1320 3106 3080 4117 4117 4117 4118 
1359 1407 1139 10140 1384 1408 1316 1116 1236 1316 2987 3074 4117 4117 4117 4118 
1352 1404 1166 11132 1386 1407 1317 1116 1235 1313 3109 3065 4116 4116 4116 4117 
1359 1403 1186 9835 1386 1408 1317 1117 1235 1310 3120 3125 4117 4117 4117 4118 
1354 1393 1106 10342 1385 1409 1316 1117 1235 1313 3108 3062 4117 4117 4117 4118 
1359 1400 1032 9606 1384 1408 1316 1116 1237 1318 3028 3108 4117 4117 4117 4118 
1358 1402 1144 10807 1386 1406 1317 1116 1236 1317 3499 3078 4116 4116 4116 4117 
1356 1403 1167 10849 1384 1408 1314 1115 1236 1317 4118 3075 4117 4117 4117 4118 
1355 1402 1106 10406 1384 1408 1316 1116 1235 1313 2900 3096 4117 4117 4117 4118 
1351 1405 1201 11748 1384 1407 1316 1115 1235 1313 4117 3072 4116 4116 4116 4117 
1355 1404 1187 10515 1384 1406 1315 1114 1240 1326 4118 3101 4117 4117 4117 4118 
1354 1397 1099 10731 1384 1407 1314 1116 1236 1318 3640 3081 4116 4116 4116 4117 
1364 1413 1185 10546 1385 1408 1317 1115 1235 1314 3153 3116 4117 4117 4117 4118 
1357 1410 1194 12033 1383 1406 1313 1115 1236 1310 4118 3069 4117 4117 4117 4118 
1345 1392 1098 11035 1383 1406 1314 1113 1236 1314 3656 3063 4116 4116 4116 4117 
1352 1404 1144 12883 1387 1407 1316 1116 1235 1313 3128 3109 4117 4117 4117 4118 
1356 1406 1111 10746 1385 1407 1317 1115 1235 1312 3018 3094 4117 4117 4117 4118 
1360 1401 1066 9671 1387 1411 1318 1118 1235 1313 3623 3077 4117 4117 4117 4118 
1357 1402 1130 10734 1384 1407 1316 1114 1235 1313 3062 3132 4117 4117 4117 4118 
1358 1409 1149 10511 1383 1407 1314 1115 1234 1310 3117 2881 4117 4117 4117 4118 
1361 1408 1184 10618 1385 1408 1316 1116 1235 1313 3119 3065 4117 4117 4117 4118 
1356 1401 1043 8105 1386 1410 1317 1117 1235 1312 3075 2625 4117 4117 4117 4118 
1357 1409 1129 10091 1384 1408 1314 1116 1239 1322 3032 3087 4117 4117 4117 4118 
1353 1409 1135 16009 1384 1406 1316 1114 1235 1311 2842 2930 4117 4117 4117 4118 
1356 1404 1201 11392 1382 1406 1314 1115 1235 1309 4118 3063 4117 4117 4117 4118 
1357 1400 1031 10239 1384 1406 1315 1114 1236 1314 2905 3086 4116 4116 4116 4117 
1359 1404 1126 9984 1386 1406 1316 1114 1236 1317 3108 2925 4117 4117 4117 4118 
1356 1401 1105 10311 1386 1408 1317 1116 1236 1318 3651 3068 4117 4117 4117 4118 
1359 1388 954 8754 1384 1409 1316 1117 1235 1315 3367 3096 4116 4116 4116 4117 
1356 1404 1117 11151 1385 1408 1317 1116 1236 1317 2849 2988 4117 4117 4117 4118 
1352 1400 1135 10235 1384 1406 1314 1115 1237 1319 3108 3121 4116 4116 4116 4117 
1346 1396 1166 11113 1385 1406 1315 1115 1236 1314 4118 2908 4117 4117 4117 4118 
1355 1395 1145 9918 1385 1408 1316 1117 1235 1313 4118 2915 4117 4117 4117 4118 
1361 1420 1098 9269 1386 1408 1317 1116 1235 1313 3092 2993 4117 4117 4117 4118 
1361 1406 1239 11144 1386 1408 1316 1115 1235 1316 4118 3105 4117 4117 4117 4118 
1359 1416 1207 11058 1386 1407 1316 1116 1236 1313 4118 2937 4117 4117 4117 4118 
1355 1405 1150 11127 1383 1407 1316 1114 1236 1316 3293 3103 4117 4117 4117 4118 
1360 1412 1047 10303 1382 1406 1314 1114 1070 1330 2884 3015 4117 4117 4117 4118 
1353 1402 1188 11180 1385 1406 1314 1114 1234 1312 4118 2928 4117 4117 4117 4118 
1354 1402 1090 9880 1384 1407 1318 1116 1235 1311 3090 3072 4117 4117 4117 4118 
1352 1391 1058 9863 1384 1406 1316 1115 1235 1313 2998 3066 4116 4116 4116 4117 
1350 1394 1198 11125 1384 1406 1315 1114 1235 1311 4118 3074 4117 4117 4117 4118 
1352 1401 1106 9901 1384 1407 1316 1115 1235 1313 3676 3090 4117 4117 4117 4118 
1358 1402 1135 10189 1383 1406 1315 1115 1238 1321 3023 3081 4117 4117 4117 4118 
1355 1404 1186 11286 1383 1405 1316 1114 1234 1310 4118 2934 4117 4117 4117 4118 
1356 1405 1176 11477 1385 1408 1315 1115 1235 1311 4118 3072 4117 4117 4117 4118 
1475 1534 1306 16383 1384 1405 1313 1112 1038 1330 1292 4117 4117 4117 4117 4118 
1355 1404 1201 10790 1387 1410 1318 1118 1235 1315 4118 3078 4117 4117 4117 4118 
1350 1391 1114 10279 1383 1406 1315 1114 1236 1316 2893 3095 4116 4116 4116 4117 
1353 1391 1154 10162 1385 1407 1317 1116 1235 1313 3138 3114 4116 4116 4116 4117 
1355 1411 1124 4560 1384 1405 1313 1114 1236 1312 2957 3070 4117 4117 4117 4118 
1353 1395 1034 10362 1382 1406 1314 1114 1235 1314 2932 3086 4116 4116 4116 4117 
1353 1404 1199 12272 1382 1406 1314 1113 1236 1315 4118 3076 4117 4117 4117 4118 
1360 1402 1161 10172 1384 1408 1317 1115 1236 1316 2882 3004 4117 4117 4117 4118 
1355 1402 1048 9855 1385 1406 1316 1114 1237 1317 235 3087 4117 4117 4117 4118 
1354 1398 1129 10900 1384 1406 1315 1114 1234 1311 2968 3050 4116 4116 4116 4117 
1354 1390 1172 10964 1384 1405 1315 1115 1235 1312 4117 3117 4116 4116 4116 4117 
1354 1395 919 8903 1384 1408 1316 1114 1236 1317 2915 3091 4116 4116 4116 4117 
1355 1403 1194 11944 1383 1406 1315 1116 1237 1317 4117 3091 4116 4116 4116 4117 
1357 1410 1151 11630 1386 1410 1317 1117 1236 1309 2991 3064 4117 4117 4117 4118 
1351 1404 1210 11803 1383 1406 1315 1114 1234 1311 4117 3087 4116 4116 4116 4117 
1352 1396 1159 11231 1383 1405 1315 1114 1235 1311 2966 3057 4116 4116 4116 4117 
1349 1394 1166 10815 1384 1405 1314 1114 1235 1313 3314 3114 4116 4116 4116 4117 
1356 1404 1164 11457 1385 1406 1315 1116 1236 1317 3128 3110 4116 4116 4116 4117 
1354 1402 1088 10605 1384 1408 1316 1115 1234 1312 3640 3085 4117 4117 4117 4118 
1354 1393 1141 10218 1386 1407 1315 1116 1236 1314 3103 3081 4117 4117 4117 4118 
1351 1396 1190 10990 1386 1406 1316 1114 1238 1323 3117 3103 4117 4117 4117 4118 
1353 1406 1192 10944 1384 1407 1314 1114 1235 1312 3130 3112 4117 4117 4117 4118 
1384 1461 10677 5130 1374 1399 1307 1103 1236 1317 4118 3022 4117 4117 4117 4118 
1356 1404 1172 11703 1384 1407 1315 1114 1235 1311 3120 3119 4117 4117 4117 4118 
1354 1401 1131 9857 1381 1406 1314 1114 1235 1310 3842 3112 4117 4117 4117 4118 
1355 1404 1124 10746 1384 1405 1314 1115 1236 1317 4117 3053 4116 4116 4116 4117 
1356 1404 1032 10390 1385 1408 1316 1115 1237 1318 2891 3090 4117 4117 4117 4118 
1354 1404 1196 11503 1384 1410 1316 1116 1235 1312 4117 3060 4116 4116 4116 4117 
1364 1415 994 10189 1386 1408 1317 1117 1236 1315 2944 3097 4117 4117 4117 4118 
1358 1405 1174 11838 1382 1408 1315 1116 1235 1314 4117 3099 4116 4116 4116 4117 
1353 1402 1095 10770 1385 1408 1316 1115 1236 1314 2909 3065 4116 4116 4116 4117 
1358 1406 1188 11306 1385 1408 1316 1116 1235 1314 4117 2163 4116 4116 4116 4117 
1351 1404 1144 10081 1386 1409 1317 1116 1237 1317 3141 3109 4116 4116 4116 4117 
1358 1404 1110 10387 1385 1407 1316 1114 1235 1312 3674 3094 4117 4117 4117 4118 
1353 1404 1134 10934 1385 1407 1316 1116 1235 1314 2972 3089 4115 4115 4115 4116 
1354 1405 1161 11203 1385 1406 1315 1115 1052 1330 2867 2931 4116 4116 4116 4117 
1359 1404 1080 9919 1384 1406 1315 1115 956 1330 3632 3106 4116 4116 4116 4117 
1355 1405 1162 11403 1386 1408 1317 1116 1236 1316 3115 3115 4117 4117 4117 4118 
1359 1405 1222 11527 1386 1406 1316 1116 1239 1325 4118 3101 4117 4117 4117 4118 
1354 1402 1107 10286 1386 1408 1315 1116 1235 1314 3659 3082 4116 4116 4116 4117 
1353 1388 1068 10153 1384 1406 1315 1114 1235 1313 3655 3112 4116 4116 4116 4117 
1359 1414 1179 11230 1383 1406 1315 1114 1238 1323 3119 3124 4117 4117 4117 4118 
1352 1402 1111 10695 1384 1406 1315 1115 1234 1312 3672 3087 4116 4116 4116 4117 
1361 1420 1149 10989 1384 1408 1316 1114 1236 1315 3144 3077 4117 4117 4117 4118 
1358 1401 1124 10053 1385 1405 1316 1115 1235 1314 3098 3136 4116 4116 4116 4117 
1351 1422 1056 10778 1384 1410 1316 1117 1236 1315 3641 1279 4117 4117 4117 4118 
1355 1402 1178 11198 1384 1407 1314 1114 1234 1312 3122 3127 4116 4116 4116 4117 
1353 1404 1134 10586 1384 1406 1316 1114 1235 1315 4117 2976 4116 4116 4116 4117 
1357 1403 1152 10259 1385 1408 1316 1115 1236 1310 3128 3101 4116 4116 4116 4117 
1356 1405 1173 11578 1385 1409 1317 1116 1236 1313 4117 3044 4116 4116 4116 4117 
1357 1408 1216 11023 1385 1407 1316 1115 1235 1312 4118 0 4117 4117 4117 4118 
1351 1387 1045 9247 1384 1408 1316 1115 1235 1313 3081 2849 4116 4116 4116 4117 
1358 1413 1122 11153 1381 1405 1313 1113 1235 1308 3077 3174 4117 4117 4117 4118 
1353 1406 1171 11935 1384 1407 1315 1114 1235 1310 3116 3080 4115 4115 4115 4116 
1353 1406 1181 11814 1384 1407 1316 1115 1237 1319 3090 3093 4116 4116 4116 4117 
1355 1402 1159 10867 1384 1406 1315 1114 1236 1314 2922 3064 4116 4116 4116 4117 
1351 1397 1177 9181 1384 1405 1314 1113 1235 1310 4117 3096 4116 4116 4116 4117 
1353 1393 1074 9567 1385 1408 1316 1115 1236 1317 3659 3093 4116 4116 4116 4117 
1358 1408 1204 12869 1388 1410 1319 1117 1081 1330 4117 2912 4116 4116 4116 4117 
1357 1403 1115 10498 1386 1407 1316 1116 1236 1312 3133 3103 4116 4116 4116 4117 
1357 1403 1089 10608 1384 1405 1315 1114 1236 1316 0 3040 4116 4116 4116 4117 
1354 1399 1099 9002 1384 1406 1315 1114 1236 1317 3107 3115 4116 4116 4116 4117 
1350 1396 1114 9600 1382 1404 1313 1112 1235 1314 3098 3142 4116 4116 4116 4117 
1348 1388 1140 10084 1384 1408 1314 1114 1234 1311 4117 3084 4116 4116 4116 4117 
1352 1405 1191 14582 1385 1406 1315 1114 1235 1313 3125 3096 4116 4116 4116 4117 
1359 1404 1177 10717 1385 1408 1316 1116 1236 1315 3069 3103 4116 4116 4116 4117 
1357 1403 1171 11203 1385 1407 1315 1114 1236 1315 2999 3072 4116 4116 4116 4117 
1350 1404 1193 11253 1385 1409 1316 1116 1236 1315 3155 3123 4116 4116 4116 4117 
1353 1404 1121 10472 1384 1408 1316 1116 1237 1317 3145 3095 4116 4116 4116 4117 
1354 1406 1182 14190 1384 1407 1316 1116 1082 1329 4117 2921 4116 4116 4116 4117 
1357 1400 1186 10259 1384 1407 1316 1115 1234 1311 3154 3101 4116 4116 4116 4117 
1349 1401 1110 9576 1384 1407 1316 1115 1236 1316 3117 3122 4116 4116 4116 4117 
1354 1403 1078 9814 1385 1409 1318 1116 1235 1313 3326 3094 4116 4116 4116 4117 
1356 1401 1131 10139 1385 1408 1315 1116 1235 1313 2995 3058 4116 4116 4116 4117 
1354 1404 1191 5853 1384 1406 1315 1114 1235 1315 3127 3123 4116 4116 4116 4117 
1359 1414 1117 10634 1384 1405 1315 1115 1235 1311 3061 3099 4116 4116 4116 4117 
1351 1404 1183 2371 1384 1408 1315 1114 1237 1318 4117 3095 4116 4116 4116 4117 
1354 1401 1115 9863 1384 1406 1316 1116 1237 1317 3105 3129 4117 4117 4117 4118 
1354 1401 1094 10476 1385 1404 1316 1113 1235 1311 3665 3107 4116 4116 4116 4117 
1352 1403 1130 11239 1384 1408 1316 1115 1237 1318 3130 3121 4115 4115 4115 4116 
1356 1402 1098 10587 1384 1407 1316 1116 1235 1311 2890 3095 4115 4115 4115 4116 
1358 1399 1121 8635 1388 1411 1319 1118 1236 1315 3114 2146 4116 4116 4116 4117 
1352 1389 1029 9383 1384 1407 1316 1116 1237 1317 3105 3112 4115 4115 4115 4116 
1355 1396 1202 10993 1386 1409 1317 1116 1236 1318 4117 3117 4116 4116 4116 4117 
1356 1403 1167 10929 1388 1408 1317 1115 1235 1313 2977 3087 4115 4115 4115 4116 
1353 1404 1124 11359 1384 1408 1315 1116 1236 1316 2914 3050 4115 4115 4115 4116 
1357 1400 1095 10471 1384 1407 1315 1114 1234 1312 3651 3084 4116 4116 4116 4117 
1349 1390 1141 10628 1382 1405 1316 1115 1236 1315 3130 3116 4115 4115 4115 4116 
1357 1405 1180 11839 1384 1406 1315 1116 1235 1313 4116 3090 4115 4115 4115 4116 
1350 1402 1176 10603 1383 1406 1314 1115 1236 1316 4117 2991 4116 4116 4116 4117 
1356 1405 1154 11335 1385 1408 1315 1114 1236 1316 4117 3086 4116 4116 4116 4117 
1354 1403 1195 11224 1385 1407 1315 1116 1237 1319 4117 3092 4116 4116 4116 4117 
1358 1396 1100 9529 1384 1406 1315 1114 1236 1316 3079 3121 4116 4116 4116 4117 
1359 1411 1167 11275 1384 1406 1315 1113 1236 1317 3159 3122 4116 4116 4116 4117 
1359 1408 1342 10141 1384 1406 1315 1115 1236 1314 0 0 4117 4117 4117 4118 
1362 1411 1127 9842 1385 1408 1317 1116 1235 1312 3274 2850 4116 4116 4116 4117 
1354 1402 1168 11174 1384 1407 1315 1113 1237 1319 4116 3078 4115 4115 4115 4116 
1352 1404 1143 11005 1382 1406 1313 1114 1234 1311 3128 3111 4116 4116 4116 4117 
1353 1416 1138 11255 1385 1408 1316 1117 1236 1315 2926 3066 4117 4117 4117 4118 
1355 1404 1176 11119 1383 1406 1316 1114 1235 1314 3092 3079 4116 4116 4116 4117 
1356 1404 1152 9690 1384 1408 1316 1115 1235 1315 3136 3085 4116 4116 4116 4117 
1351 1404 1161 11152 1385 1408 1314 1116 1237 1319 4116 3104 4115 4115 4115 4116 
1357 1407 1079 10803 1383 1407 1315 1114 1236 1313 3662 3092 4116 4116 4116 4117 
1347 1393 1162 11241 1384 1407 1316 1115 1235 1312 2993 3052 4116 4116 4116 4117 
1355 1404 1086 10761 1384 1408 1315 1115 1234 1311 2876 3048 4116 4116 4116 4117 
1361 1409 1156 10119 1384 1407 1315 1114 1235 1315 3127 3108 4116 4116 4116 4117 
1351 1389 1116 10282 1384 1409 1316 1115 1236 1314 2878 2992 4116 4116 4116 4117 
1358 1399 1151 9173 1385 1408 1316 1115 1240 1327 4118 3120 4117 4117 4117 4118 
1356 1406 1119 10683 1384 1408 1315 1114 1235 1311 3020 3059 4114 4114 4115 4116 
1351 1393 1156 11287 1384 1406 1317 1116 1235 1312 4116 3085 4115 4115 4115 4116 
1354 1404 1131 10245 1384 1407 1316 1115 1236 1311 4117 2846 4116 4116 4116 4117 
1353 1406 1143 11687 1384 1407 1315 1116 1235 1313 4117 3078 4116 4116 4116 4117 
1358 1406 1177 11231 1386 1408 1317 1116 1235 1313 4117 3094 4116 4116 4116 4117 
1349 1402 1161 10934 1384 1407 1317 1115 1236 1318 4117 3064 4116 4116 4116 4117 
1361 1420 1177 10967 1384 1408 1316 1116 1237 1318 3116 3127 4116 4116 4116 4117 
1356 1403 1148 10634 1383 1407 1317 1115 1236 1312 4117 3082 4116 4116 4116 4117 
1359 1409 1102 9878 1385 1408 1317 1117 1235 1309 3081 3087 4116 4116 4116 4117 
1351 1405 1144 11455 1384 1406 1315 1115 1235 1310 4116 3080 4115 4115 4115 4116 
1357 1400 1054 10087 1385 1407 1315 1116 1237 1317 3633 3108 4116 4116 4116 4117 
1354 1403 1106 11052 1384 1406 1315 1114 1235 1314 3649 3077 4116 4116 4116 4117 
1360 1408 1158 11515 1386 1408 1317 1115 1085 1330 4116 2920 4115 4115 4115 4116 
1350 1390 1164 10951 1384 1406 1314 1115 1235 1315 4117 3088 4116 4116 4116 4117 
1356 1396 1141 10402 1384 1407 1314 1113 1236 1316 3063 3117 4115 4115 4115 4116 
1353 1405 1195 11503 1386 1408 1317 1115 1235 1314 4116 2975 4115 4115 4115 4116 
1356 1403 1163 10334 1384 1407 1316 1114 1236 1314 3112 3114 4115 4115 4115 4116 
1353 1404 1170 11321 1386 1409 1315 1116 1236 1317 3107 3126 4116 4116 4116 4117 
1352 1405 1149 10763 1382 1407 1314 1114 1235 1313 3150 3112 4116 4116 4116 4117 
1361 1386 825 7091 1385 1408 1316 1115 1236 1316 3095 3001 4116 4116 4116 4117 
1362 1413 1100 9002 1384 1407 1316 1115 1236 1317 3077 3116 4117 4117 4117 4118 
1355 1412 1186 12949 1386 1408 1317 1116 1237 1320 3104 3130 4117 4117 4117 4118 
1351 1406 1140 11220 1383 1407 1315 1114 1236 1311 4117 2932 4116 4116 4116 4117 
1354 1402 1130 10542 1384 1405 1314 1112 1235 1311 3107 3088 4116 4116 4116 4117 
1353 1412 1178 11166 1385 1407 1315 1115 1236 1317 4117 3104 4116 4116 4116 4117 
1408 1439 1327 16383 1385 1407 1314 1114 928 1329 1273 1264 4117 4117 4117 4118 
1353 1403 1149 11106 1385 1406 1316 1115 1235 1312 4117 3096 4116 4116 4116 4117 
1355 1403 1062 10580 1382 1406 1314 1114 1235 1311 3640 3091 4117 4117 4117 4118 
1352 1390 1074 10346 1384 1406 1314 1114 1235 1311 2871 3074 4116 4116 4116 4117 
1354 1399 1076 8784 1386 1410 1317 1118 1235 1309 3126 2834 4116 4116 4116 4117 
1354 1401 1138 10070 1384 1406 1314 1114 1235 1312 4117 3108 4116 4116 4116 4117 
1353 1391 1053 10403 1386 1408 1316 1116 1235 1312 3672 3108 4116 4116 4116 4117 
1358 1398 1135 10661 1383 1406 1315 1115 1235 1312 2883 3002 4116 4116 4116 4117 
1361 1409 1079 10050 1386 1406 1317 1118 1235 1312 0 3098 4117 4117 4117 4118 
1349 1386 1062 9290 1384 1406 1314 1116 1235 1313 3812 3288 4116 4116 4116 4117 
1356 1401 1135 10491 1382 1405 1315 1114 1235 1316 4117 3080 4116 4116 4116 4117 
1355 1409 1135 11408 1385 1406 1316 1115 1236 1316 3142 3094 4116 4116 4116 4117 
1357 1415 1126 10915 1384 1406 1315 1115 1236 1316 2961 3077 4116 4116 4116 4117 
1359 1400 1050 10439 1385 1408 1316 1116 1236 1316 3639 3106 4115 4115 4115 4116 
1357 1404 1147 10315 1386 1407 1317 1117 1236 1317 2885 3027 4116 4116 4116 4117 
1357 1408 1169 10627 1384 1406 1315 1114 1237 1317 4117 3095 4116 4116 4116 4117 
1357 1404 1180 11001 1385 1407 1315 1114 1238 1322 4117 3101 4116 4116 4116 4117 
1357 1405 1182 10304 1384 1406 1315 1115 1235 1312 3479 2881 4117 4117 4117 4118 
1349 1394 1158 11116 1384 1406 1314 1114 1235 1311 3152 2915 4116 4116 4116 4117 
1353 1412 1147 13366 1382 1407 1316 1115 1236 1307 3126 606 4115 4115 4115 4116 
1360 1409 1085 10811 1384 1406 1314 1115 1235 1311 2907 3067 4116 4116 4116 4117 
1356 1402 1043 9538 1385 1408 1317 1117 1235 1316 2972 3082 4116 4116 4116 4117 
1351 1394 1120 10707 1385 1407 1316 1116 1234 1312 2912 3030 4116 4116 4116 4117 
1357 1411 1183 13069 1384 1407 1315 1116 1239 1326 3115 3097 4116 4116 4116 4117 
1359 1414 1158 10894 1386 1408 1316 1116 1235 1314 4117 2906 4116 4116 4116 4117 
1362 1421 1179 11222 1387 1409 1317 1117 1237 1319 4117 3128 4116 4116 4116 4117 
1398 1474 1604 16383 1384 1405 1314 1114 998 1332 2109 1363 4116 4116 4116 4117 
1356 1405 1131 10354 1384 1408 1317 1116 1236 1316 4117 3066 4116 4116 4116 4117 
1353 1397 1188 11210 1384 1406 1315 1114 1235 1311 3134 2869 4116 4116 4116 4117 
1359 1403 1050 10036 1384 1407 1316 1116 1236 1315 0 3106 4116 4116 4116 4117 
1351 1405 1227 12075 1385 1408 1316 1116 1236 1316 4117 3085 4116 4116 4116 4117 
1356 1404 1084 10423 1385 1409 1315 1116 1237 1318 3634 3101 4115 4115 4115 4116 
1351 1394 1123 10771 1384 1406 1315 1115 1234 1311 4116 3081 4115 4115 4115 4116 
1355 1404 1187 11081 1385 1407 1315 1116 1236 1316 4117 3102 4116 4116 4116 4117 
1352 1401 1177 11854 1385 1407 1316 1115 1236 1313 4117 3090 4116 4116 4116 4117 
1352 1392 1056 9913 1384 1407 1316 1116 1236 1312 3643 3093 4116 4116 4116 4117 
1358 1402 1146 9767 1384 1406 1314 1115 1235 1311 3031 3095 4116 4116 4116 4117 
1361 1417 1196 10967 1384 1406 1314 1116 1236 1313 3112 3132 4116 4116 4116 4117 
1350 1395 1176 11922 1385 1408 1315 1116 1086 1330 2942 2925 4115 4115 4115 4116 
1359 1420 1172 11475 1384 1405 1315 1115 1236 1316 4118 3064 4117 4117 4117 4118 
1354 1391 1183 10805 1386 1408 1315 1116 1237 1316 4116 3070 4115 4115 4115 4116 
1353 1405 1160 11290 1386 1408 1317 1116 1239 1325 4117 3073 4116 4116 4116 4117 
1353 1404 1173 11538 1384 1406 1316 1114 1237 1318 4117 3073 4116 4116 4116 4117 
1353 1403 1186 11045 1384 1406 1315 1114 1236 1312 4117 2901 4116 4116 4116 4117 
1358 1404 1013 8803 1384 1406 1313 1113 1239 1324 3452 3048 4116 4116 4116 4117 
1355 1405 1191 10829 1384 1406 1315 1115 1237 1316 3122 3107 4115 4115 4115 4116 
1357 1402 1029 10540 1383 1406 1314 1114 1236 1316 2920 3101 4116 4116 4116 4117 
1351 1401 1154 11178 1384 1408 1315 1115 1234 1312 3089 3097 4116 4116 4116 4117 
1350 1401 1158 11247 1382 1405 1315 1114 1236 1316 4117 3079 4116 4116 4116 4117 
1352 1402 1157 10738 1384 1406 1314 1114 1239 1325 4117 3087 4116 4116 4116 4117 
1360 1402 1090 9270 1385 1408 1317 1115 1236 1313 3126 2884 4115 4115 4115 4116 
1354 1400 1156 10346 1383 1406 1315 1115 1235 1312 3046 3114 4115 4115 4115 4116 
1362 1410 1182 10895 1386 1408 1316 1116 1235 1314 4118 3110 4117 4117 4117 4118 
1350 1390 1093 10495 1383 1405 1315 1115 1235 1314 3649 3065 4115 4115 4115 4116 
1360 1422 1188 11114 1387 1410 1318 1116 1237 1319 3116 3127 4116 4116 4116 4117 
1351 1408 1151 11421 1383 1407 1315 1115 1237 1319 4117 3079 4116 4116 4116 4117 
1407 1477 1789 693 1377 1400 1305 1102 1236 1315 372 0 4115 4115 4115 4116 
1359 1391 1167 9058 1386 1410 1317 1118 1236 1314 751 2471 4116 4116 4116 4117 
1357 1405 1163 11157 1388 1409 1318 1116 1236 1316 2993 3064 4115 4115 4115 4116 
1354 1401 1149 11147 1384 1406 1315 1115 1235 1312 2939 3075 4116 4116 4116 4117 
1352 1395 1144 11179 1384 1406 1316 1115 1235 1312 2881 3029 4115 4115 4115 4116 
1353 1399 1170 10854 1385 1408 1315 1115 1237 1318 4117 3070 4116 4116 4116 4117 
1351 1394 1118 10457 1384 1408 1316 1116 1235 1314 3674 3107 4116 4116 4116 4117 
1360 1411 1106 10359 1385 1408 1317 1116 1236 1319 3623 3082 4117 4117 4117 4118 
