1371 1255 7681 16383 1338 1273 1450 1236 911 1330 1276 1319 4113 4113 4113 4114 
1382 1297 7684 16383 1551 1275 1545 1238 978 1328 1258 1312 4113 4113 4113 4114 
1366 1319 7695 16383 1298 1274 1383 1239 948 1328 4114 4113 4113 4113 4113 4114 
1371 1283 7685 16383 1301 1277 1655 1241 972 1328 1281 1290 4112 4112 4112 4113 
1381 1257 7690 16383 1396 1274 1455 1239 932 1329 1285 1344 4113 4113 4113 4114 
1357 1302 7678 16383 1383 1275 1479 1238 933 1329 2114 1288 4113 4113 4113 4114 
1371 1303 7671 16383 1421 1274 1530 1237 963 1329 1283 1327 4113 4113 4113 4114 
1367 1313 7674 16383 1434 1275 1655 1239 924 1329 1230 1267 4113 4113 4113 4114 
1359 1309 7672 16383 1609 1275 1467 1239 1040 1329 1349 1430 4113 4113 4113 4114 
1367 1369 7650 16383 1330 1275 1459 1241 1031 1329 1347 1388 4113 4113 4113 4114 
1370 1306 7660 16383 1357 1275 1472 1239 970 1328 1299 1317 4112 4112 4112 4113 
1379 1321 7643 16383 1451 1277 1543 1241 925 1329 1996 1275 4113 4113 4113 4114 
1392 1313 7643 16383 1482 1277 1564 1239 976 1328 1296 1338 4113 4113 4113 4114 
1368 1287 7641 16383 1615 1275 4727 1239 954 1329 1261 1240 4113 4113 4113 4114 
1448 1359 7661 16383 1290 1274 1385 1238 985 1329 4114 4113 4113 4113 4113 4114 
1378 1311 7646 16383 1393 1275 1505 1239 924 1329 1232 1276 4113 4113 4113 4114 
1388 1295 7666 16383 1502 1275 1490 1238 992 1330 1285 1333 4113 4113 4113 4114 
1384 1358 7636 16383 1473 1273 1699 1239 970 1329 1283 1326 4113 4113 4113 4114 
1355 1297 7639 16383 1455 1276 1438 1239 1042 1329 1315 1385 4113 4113 4113 4114 
1363 1293 7635 16383 1348 1275 1447 1239 904 1330 1187 1276 4113 4113 4113 4114 
1386 1319 7629 16383 1406 1275 1455 1238 975 1328 1269 1348 4113 4113 4113 4114 
1376 1279 7629 16383 1383 1275 1507 1239 897 1329 1258 1302 4113 4113 4113 4114 
1380 1283 7622 16383 1366 1275 1591 1241 991 1329 1276 1316 4113 4113 4113 4114 
1355 1301 7613 16383 1489 1275 1557 1237 930 1327 1218 1280 4113 4113 4113 4114 
1363 1295 7613 16383 1413 1275 1497 1239 960 1329 1257 1313 4113 4113 4113 4114 
1361 1289 7609 16383 1523 1276 1529 1239 965 1328 1255 1299 4113 4113 4113 4114 
1379 1287 7601 16383 1327 1275 1626 1237 945 1328 1255 1273 4113 4113 4113 4114 
1371 1315 7615 16383 1367 1276 1385 1239 968 1328 1239 4113 4113 4113 4113 4114 
1422 1308 7599 16383 1945 1275 6019 1239 990 1330 2806 1282 4113 4113 4113 4114 
1377 1340 7622 16383 1258 1276 1391 1239 908 1329 4114 4113 4113 4113 4113 4114 
1367 1294 7612 16383 1551 1273 1477 1237 970 1329 1258 1320 4113 4113 4113 4114 
1369 1281 7607 16383 1561 1273 1527 1239 964 1328 2000 1292 4113 4113 4113 4114 
1440 1351 7623 16383 1314 1275 1381 1239 989 1329 4114 4113 4113 4113 4113 4114 
1369 1293 7627 16383 1401 1274 1499 1239 947 1328 1259 1314 4113 4113 4113 4114 
1375 1306 7599 16383 1377 1277 1535 1239 958 1329 1266 1309 4113 4113 4113 4114 
1376 1337 7614 16383 1484 1273 1538 1239 943 1328 1260 1292 4113 4113 4113 4114 
1375 1281 7602 16383 1446 1273 1570 1237 1003 1331 1276 1349 4113 4113 4113 4114 
1362 1294 7586 16383 1403 1275 1580 1239 964 1329 1277 1305 4113 4113 4113 4114 
1371 1303 7586 16383 1479 1271 1517 1237 950 1328 1247 1304 4113 4113 4113 4114 
1361 1263 7608 16383 1297 1274 1383 1239 916 1329 4114 4113 4113 4113 4113 4114 
1375 1299 7607 16383 1486 1277 1601 1241 964 1329 1242 1310 4113 4113 4113 4114 
1375 1332 7595 16383 1581 1274 1483 1238 959 1329 1245 1336 4113 4113 4113 4114 
1371 1305 7599 16383 1437 1275 1501 1239 944 1329 1267 1321 4113 4113 4113 4114 
1377 1339 7586 16383 1365 1275 1423 1237 994 1330 1315 1365 4113 4113 4113 4114 
1372 1294 7597 16383 1388 1275 1445 1239 958 1329 1288 1319 4113 4113 4113 4114 
1370 1289 7596 16383 1419 1273 1575 1238 960 1329 1255 1293 4113 4113 4113 4114 
1350 1299 7575 16383 1413 1275 1471 1241 1045 1330 1342 1406 4112 4112 4112 4113 
1370 1334 7588 16383 1518 1275 1579 1241 925 1329 1236 1296 4113 4113 4113 4114 
1366 1301 7569 16383 1434 1275 1474 1239 957 1329 1246 1335 4113 4113 4113 4114 
1373 1270 7585 16383 1297 1276 1409 1241 900 1329 529 4113 4113 4113 4113 4114 
1373 1286 7565 16383 1299 1274 1387 1237 978 1328 4114 4113 4113 4113 4113 4114 
1349 1319 7583 16383 1479 1275 1719 1239 896 1329 1196 1239 4113 4113 4113 4114 
1365 1287 7586 16383 1267 1275 1381 1239 970 1329 4114 4113 4113 4113 4113 4114 
1370 1303 7579 16383 1485 1274 1468 1239 970 1328 1257 1309 4113 4113 4113 4114 
1486 1458 16383 16383 1426 1201 1655 1210 665 0 30 2271 4113 4113 4113 4114 
1359 1306 7548 16383 1251 1277 1386 1239 964 1329 4114 4113 4113 4113 4113 4114 
1367 1292 7548 16383 1270 1275 1523 1239 881 1328 4114 1307 4113 4113 4113 4114 
1346 1249 7567 16383 1455 1273 1642 1238 1007 1330 1332 1379 4113 4113 4113 4114 
1389 1299 7567 16383 1362 1276 1572 1239 988 1329 1302 1326 4113 4113 4113 4114 
1380 1295 7551 16383 1260 1275 1393 1241 901 1329 4114 4113 4113 4113 4113 4114 
1370 1295 7567 16383 1254 1274 1386 1238 943 1328 4113 4112 4112 4112 4112 4113 
1401 1280 7557 16383 1558 1276 1513 1239 996 1330 1288 1326 4113 4113 4113 4114 
1394 1321 7566 16383 1487 1275 1605 1241 936 1328 1240 1295 4113 4113 4113 4114 
1387 1315 7573 16383 1419 1275 1598 1239 973 1328 1280 1317 4113 4113 4113 4114 
1390 1259 7553 16383 1511 1273 1618 1235 1024 1328 2141 1324 4113 4113 4113 4114 
1413 1289 7573 16383 1359 1271 1470 1239 1013 1328 1282 1369 4113 4113 4113 4114 
1384 1306 7553 16383 1308 1275 1525 1239 976 1328 1274 1318 4113 4113 4113 4114 
1348 1311 7547 16383 1414 1274 1509 1238 960 1328 1285 1316 4112 4112 4112 4113 
1397 1267 7566 16383 1487 1275 1458 1239 952 1328 2009 1387 4112 4112 4112 4113 
1370 1290 7571 16383 1395 1273 1569 1237 957 1328 1260 1303 4113 4113 4113 4114 
1373 1298 7557 16383 1491 1273 1542 1237 942 1328 1238 1304 4113 4113 4113 4114 
1364 1297 7550 16383 1463 1275 1662 1239 949 1328 1260 1287 4113 4113 4113 4114 
1349 1367 7539 16383 1301 1274 1433 1239 901 1328 4114 1312 4113 4113 4113 4114 
1372 1299 7537 16383 1555 1275 1417 1241 956 1328 2067 1369 4112 4112 4112 4113 
1362 1302 7525 16383 1795 1273 1537 1238 949 1328 1227 1291 4113 4113 4113 4114 
1347 1289 7545 16383 1418 1274 1451 1238 914 1329 1227 1274 4112 4112 4112 4113 
1370 1317 7530 16383 1407 1274 1466 1239 951 1328 1278 1314 4113 4113 4113 4114 
1384 1259 7503 16383 1330 1277 1477 1239 924 1329 1349 1328 4113 4113 4113 4114 
1384 1317 7509 16383 1671 1275 1619 1238 960 1329 1268 1331 4113 4113 4113 4114 
1389 1289 7512 16383 1440 1274 1541 1237 989 1329 2131 1340 4113 4113 4113 4114 
1355 1294 7527 16383 1373 1277 1434 1239 941 1328 1258 1291 4112 4112 4112 4113 
1371 1295 7523 16383 1569 1276 1481 1241 934 1328 1997 1314 4112 4112 4112 4113 
1370 1307 7527 16383 1545 1275 1500 1239 932 1328 1207 1271 4112 4112 4112 4113 
1395 1315 7539 16383 1583 1275 1575 1239 985 1328 1297 1327 4113 4113 4113 4114 
1371 1288 7519 16383 1430 1275 1457 1239 966 1328 1272 1321 4112 4112 4112 4113 
1366 1299 7535 16383 1667 1275 1505 1241 935 1329 1222 1273 4112 4112 4112 4113 
1391 1298 7531 16383 1355 1274 1547 1237 966 1329 1277 1297 4113 4113 4113 4114 
1389 1316 7549 16383 1295 1275 1381 1239 977 1327 4113 4112 4112 4112 4112 4113 
1368 1271 7525 16383 1549 1274 1469 1239 920 1329 1176 1226 4113 4113 4113 4114 
1449 1283 7538 16383 1443 1274 1534 1238 1018 1328 1312 1366 4112 4112 4112 4113 
1367 1311 7521 16383 1277 1277 2889 1239 937 1328 4112 1248 4112 4112 4112 4113 
1402 1303 7531 16383 1267 1276 1607 1239 965 1329 4114 1321 4113 4113 4113 4114 
1369 1326 7515 16383 1470 1274 1479 1239 963 1329 1237 1327 4112 4112 4112 4113 
1358 1299 7529 16383 1293 1277 1394 1239 952 1328 1308 4113 4113 4113 4113 4114 
1394 1267 7535 16383 1389 1275 1462 1239 932 1328 1283 1381 4112 4112 4112 4113 
1347 1295 7491 16383 1565 1275 1537 1241 943 1328 1240 1290 4113 4113 4113 4114 
1351 1298 7495 16383 1319 1274 1967 1239 952 1328 1248 1262 4113 4113 4113 4114 
1355 1278 7493 16383 1415 1275 1446 1239 983 1328 1258 1335 4112 4112 4112 4113 
1413 1300 7477 16383 1437 1274 1542 1239 1006 1330 1302 1352 4112 4112 4112 4113 
1394 1309 7482 16383 1263 1275 1394 1239 968 1329 4114 4113 4113 4113 4113 4114 
1391 1288 7463 16383 1280 1275 1406 1237 912 1329 4114 4113 4113 4113 4113 4114 
1372 1321 7474 16383 1619 1275 1729 1239 931 1329 1190 1278 4113 4113 4113 4114 
1384 1299 7487 16383 1537 1275 1433 1239 981 1329 1261 1357 4112 4112 4112 4113 
1363 1318 7474 16383 1516 1275 1627 1238 942 1328 1256 1268 4112 4112 4112 4113 
1377 1287 7486 16383 1333 1275 1469 1239 991 1329 1279 1352 4113 4113 4113 4114 
1367 1289 7491 16383 1440 1274 1440 1237 956 1328 1245 1301 4113 4113 4113 4114 
1374 1303 7487 16383 1409 1277 1509 1238 936 1328 1230 1287 4113 4113 4113 4114 
1396 1363 7493 16383 1267 1279 1411 1242 962 1329 4113 4112 4112 4112 4112 4113 
1373 1391 7486 16383 1437 1277 1642 1239 931 1329 1243 1296 4112 4112 4112 4113 
1405 1323 7475 16383 1327 1275 2042 1238 990 1328 1302 1304 4112 4112 4112 4113 
1378 1331 7487 16383 1293 1277 1455 1239 969 1328 4114 1354 4113 4113 4113 4114 
1359 1284 7469 16383 1441 1275 1429 1238 1052 1329 1344 1418 4113 4113 4113 4114 
1384 1310 7478 16383 1383 1277 1535 1241 967 1329 1259 1317 4113 4113 4113 4114 
1375 1334 7471 16383 1485 1275 1503 1239 944 1328 1236 1298 4113 4113 4113 4114 
1375 1267 7474 16383 1525 1275 1538 1239 1007 1330 1248 1302 4112 4112 4112 4113 
1371 1295 7471 16383 1504 1275 1451 1239 971 1329 1249 1324 4113 4113 4113 4114 
1407 1293 7478 16383 1619 1277 1787 1241 1012 1329 1631 1339 4112 4112 4112 4113 
1357 1295 7471 16383 1267 1273 1417 1238 957 1328 4114 1318 4113 4113 4113 4114 
1501 1353 7471 16383 1259 1277 1391 1241 1005 1330 4113 4112 4112 4112 4112 4113 
1367 1308 7475 16383 1398 1275 1561 1241 964 1328 1237 1308 4112 4112 4112 4113 
1352 1291 7467 16383 1551 1275 1479 1241 1049 1328 0 1406 4112 4112 4112 4113 
1365 1283 7483 16383 1403 1274 1709 1239 970 1328 1303 1299 4111 4111 4111 4112 
1370 1365 7469 16383 1539 1276 1551 1238 936 1328 1255 1293 4112 4112 4112 4113 
1368 1287 7477 16383 1397 1275 1405 1239 964 1329 1278 4112 4112 4112 4112 4113 
1368 1289 7475 16383 1271 1274 1541 1239 960 1329 1298 1293 4113 4113 4113 4114 
1356 1299 7446 16383 1338 1275 1461 1239 947 1328 2095 1303 4112 4112 4112 4113 
1403 1292 7459 16383 1636 1275 1609 1238 988 1329 1252 1322 4112 4112 4112 4113 
1355 1295 7469 16383 1518 1275 1442 1238 943 1328 1238 1316 4112 4112 4112 4113 
1373 1292 7439 16383 1561 1276 1691 1241 963 1329 2140 1292 4113 4113 4113 4114 
1374 1301 7418 16383 1327 1275 1746 1239 968 1328 1307 1292 4113 4113 4113 4114 
1387 1301 7443 16383 1643 1275 1665 1239 940 1329 1234 1278 4113 4113 4113 4114 
1403 1303 7453 16383 1359 1275 1446 1239 979 1328 1306 1343 4112 4112 4112 4113 
1381 1295 7451 16383 1261 1274 1389 1239 972 1329 4112 4112 4112 4112 4112 4113 
1365 1280 7437 16383 1642 1275 1567 1239 954 1328 1240 1268 4112 4112 4112 4113 
1372 1263 7446 16383 1323 1275 1492 1237 949 1328 4113 1351 4112 4112 4112 4113 
1369 1294 7426 16383 1281 1275 1583 1235 947 1329 4113 1281 4112 4112 4112 4113 
1378 1284 7431 16383 1537 1271 1533 1237 988 1329 1280 1322 4112 4112 4112 4113 
1346 1291 7441 16383 1369 1273 1479 1239 922 1329 1232 1284 4112 4112 4112 4113 
1378 1303 7416 16383 1394 1275 1666 1239 972 1328 1284 1301 4112 4112 4112 4113 
1375 1302 7430 16383 1325 1274 1561 1239 969 1329 1346 1315 4113 4113 4113 4114 
1381 1351 7415 16383 1555 1275 1501 1239 950 1329 1219 1333 4113 4113 4113 4114 
1370 1307 7413 16383 1401 1274 1524 1239 960 1329 1277 1316 4112 4112 4112 4113 
1352 1297 7427 16383 1289 1274 1447 1236 1049 1329 4113 1420 4112 4112 4112 4113 
1370 1314 7401 16383 1341 1274 1546 1239 952 1328 1304 1298 4113 4113 4113 4114 
1370 1403 7389 16383 1711 1273 1499 1237 917 1329 2073 1278 4112 4112 4112 4113 
1390 1302 7401 16383 1465 1275 1591 1239 967 1329 1300 1317 4113 4113 4113 4114 
1421 1297 7393 16383 1657 1276 1639 1239 992 1330 1287 1337 4113 4113 4113 4114 
1373 1294 7403 16383 1551 1275 1651 1238 965 1329 1259 1288 4113 4113 4113 4114 
1362 1300 7405 16383 1429 1274 1521 1239 960 1329 1256 1287 4113 4113 4113 4114 
1375 1314 7399 16383 1515 1273 1513 1237 948 1329 1248 1295 4113 4113 4113 4114 
1365 1295 7424 16383 1451 1277 1441 1239 988 1329 1280 1363 4112 4112 4112 4113 
1398 1346 7411 16383 1558 1275 1440 1239 982 1328 1278 1364 4113 4113 4113 4114 
1371 1291 7423 16383 1413 1275 1615 1238 979 1328 1280 1311 4112 4112 4112 4113 
1349 1362 7414 16383 1312 1275 1401 1239 1001 1331 1357 4113 4113 4113 4113 4114 
1375 1268 7397 16383 1303 1275 1387 1239 905 1329 4113 4113 4113 4113 4113 4114 
1354 1311 7401 16383 1427 1277 1459 1239 1021 1329 1334 1372 4113 4113 4113 4114 
1383 1295 7399 16383 1371 1274 1541 1238 955 1329 1256 1251 4112 4112 4112 4113 
1370 1289 7415 16383 1545 1275 1455 1239 963 1329 1238 1322 4111 4111 4111 4112 
1378 1308 7415 16383 1399 1277 1659 1241 986 1328 1302 1312 4113 4113 4113 4114 
1369 1262 7407 16383 1353 1275 1493 1239 890 1329 1251 1191 4113 4113 4113 4114 
1383 1294 7403 16383 1523 1274 1556 1239 975 1328 1252 1318 4112 4112 4112 4113 
1341 1325 7404 16383 1313 1275 1379 1239 1003 1331 4113 4112 4112 4112 4112 4113 
1387 1255 7399 16383 1315 1275 1450 1239 942 1329 1284 1345 4113 4113 4113 4114 
1375 1295 7417 16383 1715 1277 1487 1241 961 1328 1920 1318 4113 4113 4113 4114 
1390 1293 7407 16383 1539 1276 1557 1242 985 1329 1275 1331 4113 4113 4113 4114 
1374 1291 7384 16383 1499 1273 1571 1238 984 1329 1259 1319 4113 4113 4113 4114 
1366 1311 7401 16383 1581 1276 1463 1237 963 1329 1231 1388 4113 4113 4113 4114 
1367 1291 7399 16383 1509 1274 1474 1237 968 1328 1254 1321 4112 4112 4112 4113 
1387 1282 7405 16383 1438 1274 1385 1239 1012 1329 1268 4113 4113 4113 4113 4114 
1382 1304 7369 16383 1343 1271 1588 1238 969 1329 1302 1309 4113 4113 4113 4114 
1377 1291 7390 16383 1254 1277 1391 1239 964 1329 4113 4112 4112 4112 4112 4113 
1347 1299 7391 16383 1254 1276 1581 1239 1028 1329 4113 1373 4112 4112 4112 4113 
1369 1285 7389 16383 1431 1277 1450 1241 980 1328 1259 1320 4112 4112 4112 4113 
1375 1294 7387 16383 1477 1274 1643 1237 974 1328 1256 1326 4112 4112 4112 4113 
1427 1382 7409 16383 3539 1275 1621 1237 971 1329 1891 1354 4112 4112 4112 4113 
1370 1295 7406 16383 1591 1275 1683 1239 962 1329 1257 1295 4112 4112 4112 4113 
1372 1303 7403 16383 1513 1274 1541 1238 929 1328 0 1296 4113 4113 4113 4114 
1367 1287 7406 16383 1383 1275 1405 1239 942 1328 1232 4112 4112 4112 4112 4113 
1376 1309 7411 16383 1467 1277 1471 1239 962 1329 1280 1305 4112 4112 4112 4113 
1382 1337 7396 16383 1395 1277 1475 1241 965 1329 1276 1328 4113 4113 4113 4114 
1368 1295 7394 16383 1309 1275 1385 1237 962 1329 4114 4113 4113 4113 4113 4114 
1366 1302 7371 16383 1326 1274 1559 1239 962 1329 1368 1300 4113 4113 4113 4114 
1374 1287 7363 16383 1543 1275 1475 1241 971 1329 1267 1301 4113 4113 4113 4114 
1381 1308 7358 16383 1385 1274 1557 1239 976 1329 1284 1357 4113 4113 4113 4114 
1366 1292 7362 16383 1415 1275 1638 1237 919 1330 1233 1248 4113 4113 4113 4114 
1371 1322 7343 16383 1445 1273 1474 1239 902 1330 1206 1268 4113 4113 4113 4114 
1378 1311 7363 16383 1267 1275 1388 1239 950 1328 4113 4113 4113 4113 4113 4114 
1360 1323 7351 16383 1366 1273 1443 1238 901 1330 1212 1289 4113 4113 4113 4114 
1359 1301 7373 16383 1575 1275 1561 1237 954 1328 0 1287 4113 4113 4113 4114 
1393 1313 7374 16383 1379 1278 1503 1241 952 1329 1273 1308 4113 4113 4113 4114 
1383 1284 7361 16383 1505 1277 1515 1239 994 1330 1292 1334 4113 4113 4113 4114 
1416 1427 7350 16383 1379 1275 1503 1239 971 1329 1306 1344 4113 4113 4113 4114 
1379 1317 7354 16383 1485 1275 1561 1239 953 1329 1258 1320 4113 4113 4113 4114 
1442 1311 7347 16383 1474 1275 1530 1237 1010 1330 1300 1385 4113 4113 4113 4114 
1450 1333 7339 16383 1833 1274 1519 1237 984 1329 1944 1356 4113 4113 4113 4114 
1386 1275 7353 16383 1289 1275 1398 1239 940 1329 4113 4113 4113 4113 4113 4114 
1408 1295 7333 16383 1554 1275 1475 1239 1004 1331 1302 1348 4113 4113 4113 4114 
1433 1198 7352 16383 1330 1281 1887 1247 1088 1330 4114 3525 4113 4113 4113 4114 
1386 1307 7347 16383 1279 1275 1391 1239 974 1329 4113 4113 4113 4113 4113 4114 
1365 1283 7341 16383 1459 1271 1540 1236 966 1330 1250 1292 4113 4113 4113 4114 
1377 1301 7366 16383 1305 1275 1383 1237 998 1331 4114 4113 4113 4113 4113 4114 
1391 1291 7350 16383 1475 1274 1607 1238 988 1330 1276 1329 4113 4113 4113 4114 
1376 1293 7347 16383 1449 1274 1633 1239 956 1329 1267 1303 4113 4113 4113 4114 
1393 1274 7345 16383 1717 1275 1474 1239 1010 1331 1613 1354 4113 4113 4113 4114 
1360 1295 7342 16383 1305 1275 1381 1241 974 1329 4114 4113 4113 4113 4113 4114 
1367 1330 7334 16383 1566 1275 1637 1239 944 1329 1280 1293 4113 4113 4113 4114 
1371 1289 7327 16383 1534 1275 1481 1239 959 1330 1239 1292 4113 4113 4113 4114 
1375 1291 7309 16383 1375 1275 1523 1238 969 1329 1306 1294 4113 4113 4113 4114 
1365 1335 7301 16383 1326 1274 1487 1239 888 1329 1209 1259 4113 4113 4113 4114 
1373 1302 7329 16383 1459 1276 1507 1239 960 1329 2059 1310 4113 4113 4113 4114 
1369 1303 7308 16383 1305 1274 1644 1237 956 1329 1257 1314 4113 4113 4113 4114 
1385 1307 7311 16383 1387 1277 1851 1239 946 1330 1263 1277 4113 4113 4113 4114 
1365 1291 7313 16383 1451 1275 1423 1241 949 1329 1236 1350 4113 4113 4113 4114 
1364 1315 7310 16383 1349 1275 1527 1239 946 1329 2916 1305 4113 4113 4113 4114 
1373 1295 7327 16383 1259 1275 1389 1239 944 1329 4114 4113 4113 4113 4113 4114 
1372 1281 7298 16383 1479 1274 1385 1238 987 1330 1264 4113 4113 4113 4113 4114 
1364 1313 7311 16383 1269 1276 1387 1239 974 1329 4112 4112 4112 4112 4112 4113 
1366 1302 7294 16383 1295 1274 1691 1238 948 1329 1279 1290 4113 4113 4113 4114 
1370 1310 7291 16383 1307 1275 1403 1239 941 1329 4114 4113 4113 4113 4113 4114 
1370 1261 7299 16383 1282 1276 1391 1239 908 1330 1271 4113 4113 4113 4113 4114 
1379 1313 7305 16383 1581 1274 1497 1238 905 1330 1218 1277 4113 4113 4113 4114 
1353 1327 7308 16383 1419 1276 1634 1237 948 1329 1261 1296 4113 4113 4113 4114 
1368 1295 7289 16383 1717 1274 1495 1237 978 1329 1261 1327 4113 4113 4113 4114 
1351 1255 7301 16383 1551 1275 1497 1239 996 1331 1334 1368 4113 4113 4113 4114 
1366 1298 7311 16383 1559 1276 1406 1239 978 1329 1256 1362 4113 4113 4113 4114 
1363 1291 7311 16383 1578 1275 1531 1239 959 1329 1224 1309 4113 4113 4113 4114 
1371 1295 7323 16383 1642 1278 1626 1239 943 1329 1211 1291 4113 4113 4113 4114 
1387 1311 7320 16383 1365 1274 1646 1239 956 1330 1261 1289 4113 4113 4113 4114 
1348 1285 7321 16383 1305 1275 1457 1240 1041 1330 1338 1382 4112 4112 4112 4113 
1373 1250 7339 16383 1317 1275 1391 1239 917 1329 1279 4113 4113 4113 4113 4114 
1370 1291 7343 16383 1445 1274 1611 1239 958 1329 1241 1294 4113 4113 4113 4114 
1376 1294 7331 16383 1401 1277 1495 1239 948 1329 1255 1302 4113 4113 4113 4114 
1364 1291 7343 16383 1386 1277 1551 1239 928 1330 1218 1281 4112 4112 4112 4113 
1377 1295 7358 16383 1525 1275 1546 1239 962 1329 1188 1311 4113 4113 4113 4114 
1381 1301 7343 16383 1394 1275 1579 1239 963 1330 1280 1303 4113 4113 4113 4114 
1373 1314 7354 16383 1539 1275 1482 1238 952 1329 1232 1318 4113 4113 4113 4114 
1435 1289 7360 16383 1374 1273 1479 1237 1020 1329 1316 1361 4112 4112 4112 4113 
1397 1366 7343 16383 1251 1277 1387 1241 968 1329 4113 4112 4112 4112 4112 4113 
1389 1291 7333 16383 1255 1277 1415 1239 980 1329 4113 1350 4113 4113 4113 4114 
1385 1302 7316 16383 1909 1274 1822 1238 979 1329 1251 1306 4113 4113 4113 4114 
1373 1303 7322 16383 1533 1274 1571 1239 971 1330 1256 1277 4113 4113 4113 4114 
1366 1301 7325 16383 1581 1276 1545 1239 941 1329 1239 1314 4113 4113 4113 4114 
1368 1293 7331 16383 1485 1275 1571 1238 950 1329 1250 1287 4113 4113 4113 4114 
1554 1447 7333 16383 2725 1275 1949 1238 1007 1331 1934 1361 4113 4113 4113 4114 
1353 1311 7314 16383 1318 1274 1433 1239 1020 1330 1334 1388 4113 4113 4113 4114 
1364 1313 7326 16383 1359 1275 1589 1239 908 1330 1327 1273 4113 4113 4113 4114 
1397 1270 7339 16383 1307 1275 1382 1238 941 1330 4113 4113 4113 4113 4113 4114 
1369 1364 7335 16383 1367 1273 1627 1239 940 1329 1617 1266 4113 4113 4113 4114 
1379 1315 7343 16383 1376 1274 1467 1238 972 1329 1288 1333 4113 4113 4113 4114 
1366 1341 7335 16383 1573 1273 1611 1238 913 1330 1230 1266 4112 4112 4112 4113 
1371 1301 7353 16383 1541 1276 1646 1241 956 1329 2142 1304 4112 4112 4112 4113 
1357 1281 7353 16383 1295 1275 1514 1238 955 1329 1281 1302 4113 4113 4113 4114 
1379 1295 7333 16383 1446 1275 1511 1239 992 1330 1292 1335 4113 4113 4113 4114 
1375 1333 7346 16383 1525 1275 1562 1237 974 1329 1263 1351 4113 4113 4113 4114 
1361 1327 7327 16383 1529 1274 1421 1237 873 1330 1185 1268 4113 4113 4113 4114 
1371 1258 7351 16383 1353 1275 1409 1239 934 1330 1283 1353 4112 4112 4112 4113 
1375 1285 7317 16383 1422 1273 1403 1236 966 1330 1262 4113 4113 4113 4113 4114 
1377 1303 7348 16383 1497 1275 1547 1239 985 1329 1279 1336 4113 4113 4113 4114 
1375 1289 7361 16383 1396 1274 1666 1239 962 1330 1281 1287 4113 4113 4113 4114 
1421 1322 7337 16383 1475 1275 1605 1239 990 1331 1283 1351 4113 4113 4113 4114 
1425 1339 7335 16383 1293 1275 1559 1239 988 1330 1359 1327 4113 4113 4113 4114 
1378 1299 7353 16383 1475 1275 1519 1238 976 1330 1272 1328 4113 4113 4113 4114 
1372 1291 7358 16383 1642 1278 1510 1239 957 1329 1859 1299 4113 4113 4113 4114 
1363 1286 7357 16383 1423 1275 1555 1238 978 1329 2087 1317 4112 4112 4112 4113 
1387 1265 7348 16383 1443 1273 1674 1238 1007 1331 1274 1338 4113 4113 4113 4114 
1383 1287 7339 16383 1389 1275 1439 1238 980 1329 1254 1324 4113 4113 4113 4114 
1428 1303 7340 16383 1569 1275 1606 1237 1000 1332 1291 1346 4113 4113 4113 4114 
1355 1295 7351 16383 1267 1278 1387 1241 932 1330 4114 4113 4113 4113 4113 4114 
1361 1324 7343 16383 1397 1277 1549 1242 966 1329 1298 1299 4112 4112 4112 4113 
1391 1271 7319 16383 1271 1275 1391 1239 1050 1330 4113 4113 4113 4113 4113 4114 
1394 1269 7331 16383 1267 1275 1389 1239 1031 1330 4112 4112 4112 4112 4112 4113 
1369 1363 7346 16383 1361 1276 1591 1241 945 1330 1271 1298 4113 4113 4113 4114 
1367 1293 7341 16383 1771 1275 1478 1239 943 1329 1223 1275 4113 4113 4113 4114 
1351 1295 7317 16383 1257 1275 1391 1239 1038 1331 4114 4113 4113 4113 4113 4114 
1363 1258 7334 16383 1285 1275 1391 1238 874 1329 4113 4113 4113 4113 4113 4114 
1348 1303 7343 16383 1530 1276 1500 1238 1038 1330 1346 1394 4113 4113 4113 4114 
1389 1271 7323 16383 1305 1277 1527 1239 928 1330 1302 1337 4113 4113 4113 4114 
1357 1251 7351 16383 1389 1274 1447 1238 924 1329 1275 1319 4112 4112 4112 4113 
1377 1299 7334 16383 1574 1275 1569 1242 946 1329 1237 1294 4113 4113 4113 4114 
1408 1303 7335 16383 1426 1273 2932 1238 984 1330 1266 1292 4113 4113 4113 4114 
1396 1284 7301 16383 1295 1275 1763 1239 988 1330 4113 1301 4113 4113 4113 4114 
1372 1283 7319 16383 1403 1277 1495 1239 926 1330 1281 1337 4111 4111 4111 4112 
1377 1294 7314 16383 1322 1274 1452 1238 979 1329 1283 1332 4112 4112 4112 4113 
1375 1287 7287 16383 1450 1275 1655 1239 982 1329 1283 1317 4113 4113 4113 4114 
1423 1346 7281 16383 1617 1275 1667 1238 993 1331 1988 1336 4113 4113 4113 4114 
1388 1295 7300 16383 1291 1275 1625 1239 992 1331 1364 1329 4113 4113 4113 4114 
1355 1300 7293 16383 1319 1275 1449 1239 936 1330 1576 1334 4112 4112 4112 4113 
1371 1307 7291 16383 1326 1273 1671 1238 955 1330 1279 1286 4113 4113 4113 4114 
1369 1294 7282 16383 1391 1275 1527 1241 988 1331 1268 1327 4112 4112 4112 4113 
1349 1313 7278 16383 1353 1273 1451 1237 1033 1331 1408 1395 4112 4112 4112 4113 
1369 1323 7293 16383 1538 1275 1447 1238 948 1330 1247 1330 4112 4112 4112 4113 
1371 1317 7275 16383 1390 1275 1555 1239 942 1329 1233 1327 4112 4112 4112 4113 
1365 1315 7270 16383 1585 1275 1410 1237 959 1330 1256 4113 4113 4113 4113 4114 
1370 1299 7285 16383 1465 1275 1572 1239 958 1330 1257 1289 4112 4112 4112 4113 
1363 1305 7261 16383 1597 1275 1578 1239 967 1329 0 1308 4112 4112 4112 4113 
1369 1286 7260 16383 1401 1276 1478 1239 963 1330 1279 1318 4113 4113 4113 4114 
1394 1295 7259 16383 1507 1271 1491 1239 983 1330 1266 1337 4112 4112 4112 4113 
1367 1286 7269 16383 1423 1275 1593 1241 944 1330 2743 1276 4112 4112 4112 4113 
1372 1291 7275 16383 1423 1275 1546 1239 977 1329 1310 1327 4113 4113 4113 4114 
1365 1312 7260 16383 1367 1271 1675 1238 930 1330 1243 1277 4113 4113 4113 4114 
1365 1315 7271 16383 1836 1278 1439 1241 956 1330 1581 1319 4113 4113 4113 4114 
1366 1319 7259 16383 1530 1275 1615 1239 962 1330 1279 1319 4113 4113 4113 4114 
1371 1306 7270 16383 1533 1275 1519 1239 912 1331 1198 1278 4113 4113 4113 4114 
1374 1289 7274 16383 1379 1276 1602 1238 970 1330 1283 1303 4113 4113 4113 4114 
1356 1293 7259 16383 1490 1275 1494 1239 938 1330 1575 1304 4111 4111 4111 4112 
1363 1300 7277 16383 1307 1275 1579 1239 872 1330 1235 1215 4113 4113 4113 4114 
1391 1300 7265 16383 1373 1274 1509 1238 975 1330 1301 1315 4113 4113 4113 4114 
1375 1307 7268 16383 1574 1275 1449 1239 933 1330 1219 1312 4113 4113 4113 4114 
1353 1336 7287 16383 1351 1275 1535 1239 947 1330 1256 1318 4112 4112 4112 4113 
1389 1298 7287 16383 1413 1278 1574 1243 978 1330 1282 1311 4113 4113 4113 4114 
1369 1287 7282 16383 1459 1274 1518 1237 960 1330 1253 1299 4113 4113 4113 4114 
1377 1317 7283 16383 1295 1275 1499 1239 966 1330 1269 1312 4112 4112 4112 4113 
1391 1327 7293 16383 1338 1274 1387 1238 971 1330 608 4112 4112 4112 4112 4113 
1357 1277 7279 16383 1287 1275 1667 1239 936 1331 1281 1274 4112 4112 4112 4113 
1378 1294 7305 16383 1409 1277 1793 1242 997 1332 1311 1329 4112 4112 4112 4113 
1377 1307 7291 16383 1578 1275 1581 1241 966 1330 1262 1318 4113 4113 4113 4114 
1347 1282 7300 16383 1281 1277 1426 1238 1055 1330 1374 1423 4112 4112 4112 4113 
1373 1294 7285 16383 1341 1276 1569 1241 963 1330 1254 1308 4113 4113 4113 4114 
1372 1291 7273 16383 1553 1273 1507 1239 975 1330 1248 1341 4113 4113 4113 4114 
1361 1303 7271 16383 1497 1275 1501 1239 938 1330 1260 1302 4113 4113 4113 4114 
1391 1314 7241 16383 1536 1275 1509 1238 955 1330 1263 1310 4113 4113 4113 4114 
1363 1300 7247 16383 1405 1275 1482 1239 974 1330 1275 1322 4113 4113 4113 4114 
1405 1303 7245 16383 1536 1277 1527 1238 1006 1332 0 1360 4113 4113 4113 4114 
1375 1307 7247 16383 1419 1278 1618 1241 946 1331 1250 1275 4113 4113 4113 4114 
1405 1297 7253 16383 1342 1273 1451 1237 991 1331 1311 1399 4113 4113 4113 4114 
1375 1287 7238 16383 1593 1274 1602 1239 980 1330 1250 1333 4113 4113 4113 4114 
1369 1295 7257 16383 1443 1274 1567 1239 960 1330 1292 1317 4113 4113 4113 4114 
1377 1298 7255 16383 1355 1274 1572 1237 964 1330 1301 1319 4113 4113 4113 4114 
1370 1311 7237 16383 1515 1276 1486 1239 956 1330 1281 1299 4113 4113 4113 4114 
1494 1294 7250 16383 1517 1274 1735 1239 1029 1330 1329 1347 4113 4113 4113 4114 
1365 1271 7259 16383 1817 1275 1453 1238 1000 1333 1238 1337 4113 4113 4113 4114 
1370 1295 7245 16383 1408 1274 1715 1238 968 1330 1266 1281 4113 4113 4113 4114 
1371 1300 7232 16383 1481 1273 1527 1239 961 1331 1246 1302 4113 4113 4113 4114 
1371 1263 7241 16383 1399 1274 1519 1239 1032 1331 1297 1347 4113 4113 4113 4114 
1381 1287 7229 16383 1510 1275 1466 1239 985 1330 1278 1332 4113 4113 4113 4114 
1361 1306 7234 16383 1491 1273 1431 1239 934 1330 1228 1298 4113 4113 4113 4114 
1357 1287 7238 16383 1357 1273 1541 1237 962 1330 1272 1317 4113 4113 4113 4114 
1367 1337 7232 16383 1511 1277 1543 1241 935 1331 1235 1279 4113 4113 4113 4114 
1393 1308 7233 16383 1441 1272 1677 1237 966 1331 1258 1275 4113 4113 4113 4114 
1375 1301 7251 16383 1377 1274 1538 1238 981 1330 1283 1327 4113 4113 4113 4114 
1382 1291 7266 16383 1701 1277 1543 1241 978 1330 1259 1347 4113 4113 4113 4114 
1375 1307 7284 16383 1336 1275 1639 1239 950 1330 1264 1278 4113 4113 4113 4114 
1393 1294 7287 16383 1297 1274 1380 1239 904 1331 4114 4113 4113 4113 4113 4114 
1393 1331 7271 16383 1257 1274 1522 1238 984 1330 4114 1345 4113 4113 4113 4114 
1346 1291 7287 16383 1445 1275 1653 1239 868 1330 1185 1202 4113 4113 4113 4114 
1401 1306 7296 16383 1383 1275 1618 1239 986 1330 1298 1338 4112 4112 4112 4113 
1361 1293 7292 16383 1399 1275 1433 1238 967 1330 2368 1316 4112 4112 4112 4113 
1422 1276 7273 16383 1422 1275 1411 1239 950 1329 2773 1502 4112 4112 4112 4113 
1371 1268 7279 16383 1393 1275 1614 1239 920 1331 1186 1212 4112 4112 4112 4113 
1379 1363 7279 16383 1999 1275 1505 1237 955 1330 1889 1320 4113 4113 4113 4114 
1359 1289 7275 16383 1466 1275 1721 1239 960 1331 1240 1282 4112 4112 4112 4113 
1365 1265 7268 16383 1821 1275 1517 1239 914 1331 1859 1312 4113 4113 4113 4114 
1406 1298 7255 16383 1426 1273 1527 1238 997 1332 1294 1340 4112 4112 4112 4113 
1367 1290 7254 16383 1543 1276 1533 1239 943 1330 1236 1284 4113 4113 4113 4114 
1385 1245 7263 16383 1611 1273 1622 1239 991 1331 1277 1339 4112 4112 4112 4113 
1380 1359 7249 16383 1587 1275 1481 1241 955 1331 1270 1363 4113 4113 4113 4114 
12009 13097 16383 16383 16383 1007 16383 1135 1106 1330 4112 3580 4112 4112 4112 4113 
1332 1293 16383 16383 1589 1218 1479 1215 1223 1326 1174 4111 4111 4111 4111 4112 
1387 1307 7262 16383 1525 1274 1465 1237 984 1330 1286 1330 4113 4113 4113 4114 
1370 1299 7275 16383 1289 1273 1389 1237 974 1330 2130 4112 4112 4112 4112 4113 
1367 1299 7265 16383 1409 1275 1509 1239 961 1331 3025 1298 4112 4112 4112 4113 
1364 1367 7273 16383 1531 1274 1430 1239 924 1331 2077 1341 4113 4113 4113 4114 
1388 1293 7266 16383 1510 1275 1527 1238 984 1330 1637 1347 4112 4112 4112 4113 
1363 1293 7284 16383 1297 1277 1550 1238 938 1330 1243 1256 4112 4112 4112 4113 
1362 1281 7285 16383 1387 1274 1395 1237 906 1331 1224 4112 4112 4112 4112 4113 
1373 1286 7286 16383 1343 1277 1547 1239 986 1330 1305 1328 4111 4111 4111 4112 
1353 1299 7287 16383 1417 1275 1492 1239 939 1330 1239 1290 4111 4111 4111 4112 
1363 1278 7282 16383 1565 1273 1530 1238 984 1330 1279 1325 4112 4112 4112 4113 
1363 1283 7275 16383 1573 1274 1421 1239 915 1331 1201 1283 4112 4112 4112 4113 
1358 1295 7289 16383 1478 1275 1527 1239 942 1330 2203 1278 4112 4112 4112 4113 
1444 1394 7286 16383 1313 1273 1384 1239 970 1330 4113 4113 4113 4113 4113 4114 
1367 1298 7274 16383 1317 1275 1598 1239 939 1330 1258 1260 4113 4113 4113 4114 
1409 1355 7267 16383 1613 1274 1574 1239 976 1330 1280 1339 4113 4113 4113 4114 
1382 1255 7275 16383 1323 1277 1457 1239 962 1331 1338 1353 4113 4113 4113 4114 
1388 1303 7255 16383 1391 1274 1535 1237 938 1331 1256 1269 4113 4113 4113 4114 
1371 1257 7255 16383 1303 1276 1387 1241 872 1331 4114 4113 4113 4113 4113 4114 
1355 1281 7239 16383 1719 1275 1411 1238 965 1331 1236 1353 4113 4113 4113 4114 
1480 1371 7246 16383 1290 1275 1385 1237 1000 1332 4112 4112 4112 4112 4112 4113 
1379 1313 7241 16383 1701 1271 1663 1238 960 1330 2082 1233 4112 4112 4112 4113 
1374 1306 7253 16383 1494 1277 1431 1239 959 1331 1271 1344 4112 4112 4112 4113 
1375 1258 7247 16383 1277 1274 1475 1237 892 1331 4114 1286 4113 4113 4113 4114 
1386 1286 7255 16383 1367 1275 1501 1238 998 1333 1278 1324 4113 4113 4113 4114 
1357 1295 7262 16383 1449 1275 1501 1239 1035 1331 0 1384 4113 4113 4113 4114 
1371 1305 7268 16383 1549 1275 1514 1239 960 1330 1237 1311 4112 4112 4112 4113 
1366 1331 7273 16383 1473 1277 1447 1241 947 1330 1256 1318 4112 4112 4112 4113 
1366 1301 7273 16383 1497 1274 1523 1239 889 1330 1188 1237 4112 4112 4112 4113 
1369 1266 7271 16383 1329 1275 1470 1239 994 1331 1263 1328 4112 4112 4112 4112 
1393 1274 7279 16383 1427 1275 1517 1240 1008 1331 1278 1324 4113 4113 4113 4114 
1391 1295 7274 16383 1525 1273 1514 1239 999 1333 2033 1345 4112 4112 4112 4113 
1361 1388 7259 16383 1283 1271 1467 1238 1049 1330 0 1432 4112 4112 4112 4113 
1379 1299 7260 16383 1611 1275 1499 1239 983 1330 1571 1322 4112 4112 4112 4113 
1358 1301 7267 16383 1337 1275 1477 1238 1046 1331 1353 1432 4112 4112 4112 4113 
1362 1287 7275 16383 1324 1277 1723 1241 940 1330 1303 1250 4112 4112 4112 4113 
1394 1338 7250 16383 1319 1273 1525 1237 961 1331 1287 1337 4112 4112 4112 4113 
1371 1298 7263 16383 1429 1275 1525 1239 970 1330 0 1338 4112 4112 4112 4113 
1368 1295 7270 16383 1372 1274 1591 1237 985 1330 1282 1315 4112 4112 4112 4113 
1383 1338 7264 16383 1487 1274 1413 1238 976 1330 1281 1338 4112 4112 4112 4113 
1363 1286 7275 16383 1562 1275 1614 1239 987 1330 1263 1310 4112 4112 4112 4113 
1349 1269 7263 16383 1303 1275 1386 1238 894 1331 1270 4112 4112 4112 4112 4113 
1374 1295 7269 16383 1487 1277 1579 1239 978 1330 1278 1327 4112 4112 4112 4113 
1402 1291 7279 16383 1419 1277 1487 1239 987 1331 1293 1341 4113 4113 4113 4114 
1373 1303 7261 16383 1318 1274 1571 1237 961 1330 0 1309 4112 4112 4112 4113 
1373 1303 7279 16383 1461 1276 1505 1239 960 1331 1252 1335 4112 4112 4112 4113 
1366 1285 7257 16383 1594 1275 1473 1239 945 1330 1227 1311 4112 4112 4112 4113 
1391 1295 7253 16383 1398 1275 1506 1239 990 1331 1287 1336 4112 4112 4112 4113 
1381 1295 7275 16383 1311 1275 1511 1238 967 1331 1285 1300 4113 4113 4113 4114 
1383 1285 7285 16383 1593 1275 1595 1238 1000 1333 1291 1318 4113 4113 4113 4114 
1380 1293 7283 16383 1395 1276 1506 1239 969 1331 1273 1357 4112 4112 4112 4113 
1359 1285 7273 16383 1477 1274 1495 1239 971 1330 1259 1328 4112 4112 4112 4113 
1354 1295 7277 16383 1395 1275 1451 1239 915 1331 1236 1273 4112 4112 4112 4113 
1362 1289 7279 16383 1355 1275 1499 1239 914 1331 1218 1262 4112 4112 4112 4113 
1403 1295 7261 16383 1367 1275 1433 1238 991 1331 1305 1354 4113 4113 4113 4114 
1371 1319 7284 16383 1339 1277 1403 1239 962 1331 1275 4112 4112 4112 4112 4113 
1401 1327 7262 16383 1269 1273 1387 1239 985 1330 4112 4112 4112 4112 4112 4113 
1382 1311 7268 16383 1421 1275 1682 1239 977 1330 1303 1315 4113 4113 4113 4114 
1396 1298 7268 16383 1316 1277 1479 1239 984 1330 1308 1345 4113 4113 4113 4114 
1385 1287 7269 16383 1273 1277 1483 1241 992 1332 4114 1344 4113 4113 4113 4114 
1372 1295 7275 16383 1501 1273 1453 1239 963 1331 1253 1326 4112 4112 4112 4113 
1459 1298 7253 16383 1298 1275 1515 1239 1012 1332 1342 1349 4113 4113 4113 4114 
