1258 1418 226 301
1251 1420 243 300
1252 1417 243 300
1256 1416 244 301
1250 1418 242 298
1258 1422 240 296
1263 1418 246 300
1257 1414 246 301
1261 1418 244 297
1235 1420 235 301
1254 1419 239 298
1251 1418 241 300
1244 1415 239 298
1252 1415 238 299
1258 1417 243 296
1255 1418 244 300
1251 1414 239 299
1250 1414 241 299
1254 1418 244 299
1256 1418 243 297
1258 1415 226 298
1253 1415 244 297
1251 1416 242 296
1241 1415 241 296
1252 1417 244 298
1253 1417 237 296
1256 1416 243 297
1258 1420 242 297
1247 1418 242 298
1244 1416 241 295
1259 1419 242 297
1255 1420 240 298
1253 1415 240 299
1258 1418 237 295
1255 1419 240 299
1224 1421 241 301
1252 1418 240 296
1246 1416 238 296
1248 1414 244 301
1240 1414 244 301
1259 1415 247 300
1249 1415 233 296
1253 1416 242 295
1251 1419 242 296
1262 1416 243 297
1251 1419 239 296
1251 1417 239 295
1254 1418 241 297
1214 1420 228 299
1256 1422 243 296
1249 1419 236 295
1237 1417 236 296
1247 1416 235 297
1248 1415 235 299
1248 1417 241 297
1252 1417 237 298
1247 1418 242 297
1252 1416 244 298
1255 1420 243 296
1241 1417 236 297
1245 1422 239 296
1252 1415 239 299
1256 1419 240 298
1259 1420 242 298
1251 1419 243 299
1251 1419 243 299
1253 1414 239 298
1255 1416 243 296
1257 1418 243 298
1265 1419 240 297
1257 1419 243 297
1255 1416 243 299
1263 1418 246 299
1252 1415 237 296
1251 1419 243 298
1257 1421 241 297
1259 1413 241 299
1253 1418 236 297
1251 1413 243 296
1253 1418 239 295
1254 1417 245 296
1253 1421 237 295
1239 1414 234 295
1263 1418 248 299
1262 1420 236 297
1256 1417 241 296
1246 1414 237 299
1243 1417 232 296
1248 1413 240 296
1254 1415 239 296
1253 1415 239 295
1256 1422 241 295
1246 1418 238 297
1253 1417 243 296
1255 1419 243 296
1254 1419 239 295
1248 1420 239 295
1257 1420 238 294
1254 1415 232 294
1247 1419 235 295
1252 1416 242 294
1255 1418 244 296
1253 1416 243 296
1256 1418 237 296
1251 1415 242 299
1242 1418 243 295
1260 1415 225 297
1254 1416 245 299
1255 1417 243 297
1260 1416 234 297
1262 1419 233 296
1254 1418 235 297
1252 1416 239 295
1251 1419 241 295
1250 1417 241 297
1256 1419 244 298
1256 1419 244 298
1343 1418 1205 2143
1256 1419 240 299
1254 1414 243 300
1242 1415 240 297
1251 1419 240 299
1265 1417 281 298
1248 1414 244 301
1249 1415 119 200
1246 1419 231 300
1251 1415 248 302
1245 1416 247 304
1247 1415 246 304
1257 1420 246 301
1250 1416 242 301
1263 1417 251 303
1258 1420 245 302
1255 1418 246 298
1257 1418 245 299
1237 1414 228 300
1240 1415 236 299
1253 1415 241 301
1249 1418 230 297
1248 1417 239 301
1247 1419 224 302
1256 1417 240 302
1260 1414 251 299
1261 1418 246 302
1257 1418 240 302
1255 1419 246 300
1256 1417 241 301
1245 1421 237 301
1253 1418 241 301
1255 1415 246 298
1249 1416 245 300
1255 1420 244 302
1259 1421 247 301
1251 1415 240 302
1255 1416 245 299
1248 1417 243 300
1254 1415 246 299
1258 1418 250 304
1250 1416 241 299
1252 1417 239 298
1255 1417 241 301
1259 1414 242 298
1257 1419 242 296
1263 1416 278 300
1261 1415 246 301
1255 1417 244 300
1254 1417 245 301
1259 1420 242 301
1250 1418 243 300
1246 1419 231 301
1257 1421 246 300
1250 1417 245 301
1263 1418 240 301
1252 1417 240 301
1250 1417 241 300
1253 1417 245 299
1252 1420 240 299
1251 1419 241 299
1244 1415 245 297
1252 1418 239 298
1247 1420 239 301
1258 1420 243 301
1257 1420 242 302
1250 1416 238 297
1255 1417 242 304
1250 1421 234 301
1251 1416 238 302
1264 1420 242 299
1248 1418 246 303
1255 1418 243 301
1258 1417 233 300
1254 1417 241 301
1251 1413 240 298
1256 1418 243 297
1250 1415 243 298
1258 1418 246 301
1248 1420 241 301
1246 1417 241 297
1255 1416 244 300
1256 1418 243 300
1255 1414 241 298
1247 1418 239 299
1250 1414 239 301
1250 1414 243 301
1247 1418 245 299
1260 1416 241 300
1252 1417 246 300
1247 1418 240 302
1248 1416 246 303
1250 1413 241 298
1262 1417 247 301
1252 1418 241 302
1249 1420 244 300
1253 1419 238 302
1262 1418 288 578
1250 1414 243 300
1253 1418 239 302
1255 1420 239 303
1259 1414 234 298
1249 1417 242 300
1251 1413 245 298
1249 1416 244 298
1248 1416 245 300
1253 1419 235 300
1256 1418 244 300
1254 1417 239 301
1255 1417 243 297
1253 1418 243 299
1264 1419 244 296
1253 1416 241 296
1253 1415 242 298
1265 1419 250 299
1244 1416 244 299
1260 1415 240 296
1256 1420 238 293
1252 1418 235 295
1256 1419 239 296
1256 1420 240 295
1252 1418 237 296
1260 1417 243 296
1251 1418 242 296
1252 1415 236 296
1259 1414 243 296
1255 1418 240 295
1253 1415 238 296
1261 1418 242 296
1263 1418 223 296
1253 1416 237 296
1251 1415 237 294
1256 1417 237 294
1243 1417 235 296
1248 1417 235 297
1263 1419 237 296
1261 1416 229 296
1257 1421 242 299
1253 1414 234 296
1247 1413 240 296
1253 1415 242 295
1254 1420 239 295
1257 1419 240 296
1258 1420 238 295
1252 1417 239 296
1252 1415 235 295
1256 1418 238 295
1253 1415 238 295
1249 1420 238 296
1251 1417 234 292
1258 1418 241 294
1254 1417 240 295
1255 1418 239 295
1259 1415 236 295
1265 1417 246 294
1251 1414 238 296
1250 1417 237 293
1265 1418 243 295
1246 1414 241 295
1260 1419 245 295
1248 1418 240 292
1262 1420 230 295
1261 1416 243 294
1237 1419 237 295
1254 1416 239 295
1257 1419 240 294
1253 1416 239 296
1253 1418 242 296
1255 1418 237 294
1250 1416 235 293
1251 1420 241 296
1247 1414 237 296
1252 1417 237 297
1253 1422 240 296
1254 1413 243 295
1260 1414 249 299
1253 1415 239 298
1258 1420 242 298
1258 1417 242 298
1251 1415 241 295
1255 1417 240 295
1256 1417 241 295
1249 1417 237 296
1256 1419 242 299
1250 1415 244 299
1251 1414 241 298
1246 1417 240 299
1252 1419 242 301
1255 1418 241 300
1248 1417 221 268
1252 1413 241 298
1250 1417 239 297
1262 1421 243 299
1257 1418 246 299
1256 1414 228 300
1260 1421 244 297
1266 1420 247 301
1249 1414 238 300
1251 1416 238 301
1251 1415 246 301
1259 1415 248 301
1250 1417 239 302
1254 1417 245 300
1250 1419 239 300
1246 1415 244 301
1263 1417 240 300
1254 1416 242 300
1247 1415 241 302
1256 1416 241 301
1258 1415 249 301
1256 1419 239 296
1256 1417 245 298
1256 1417 247 300
1257 1419 245 300
1253 1416 240 301
1253 1415 246 302
1254 1420 239 302
1256 1416 231 302
1261 1421 242 299
1258 1418 247 301
1253 1415 241 302
1244 1413 242 303
1265 1419 247 302
1257 1417 246 299
1259 1418 245 301
1261 1416 247 298
1257 1418 242 298
1257 1412 237 302
1256 1417 238 300
1253 1416 240 297
1249 1418 241 299
1247 1414 224 297
1254 1417 240 299
1258 1420 245 302
1253 1416 239 296
1263 1417 244 299
1254 1416 241 297
1231 1415 243 298
1244 1415 240 302
1255 1417 242 299
1261 1414 244 293
1237 1417 247 302
1251 1417 240 300
1260 1420 242 300
1250 1413 239 300
1250 1416 238 303
1252 1415 242 302
1256 1416 245 299
1252 1416 248 301
1254 1416 242 301
1252 1414 242 300
1251 1418 241 299
1254 1415 244 302
1252 1412 245 301
1248 1413 240 301
1253 1420 243 301
1252 1414 238 298
1253 1413 243 300
1254 1417 238 301
1256 1419 241 301
1247 1417 237 301
1255 1418 242 302
1251 1412 237 302
1251 1414 238 302
1260 1421 242 299
1248 1419 234 298
1251 1413 240 297
1248 1413 239 298
1252 1418 234 298
1256 1415 241 296
1250 1416 241 295
1257 1417 244 302
1255 1418 241 301
1256 1416 245 298
1254 1414 223 300
1255 1421 245 299
1261 1420 245 299
1250 1418 246 298
1256 1419 248 302
1243 1415 240 303
1251 1413 228 301
1250 1414 243 296
1251 1415 236 296
1255 1415 242 299
1254 1416 244 296
1251 1413 245 299
1258 1419 242 300
1256 1418 237 296
1191 1419 244 301
1257 1416 246 300
1251 1418 240 302
1265 1421 230 301
1257 1417 246 299
1252 1418 237 302
1255 1416 233 296
1250 1415 235 294
1252 1414 239 296
1256 1420 240 296
1250 1416 239 302
1249 1417 235 296
1253 1421 237 295
1246 1414 241 297
1243 1419 234 298
1256 1417 242 296
1257 1416 242 295
1257 1418 247 298
1254 1417 237 296
1249 1414 235 296
1256 1418 239 297
1252 1415 233 300
1255 1416 241 295
1255 1418 239 296
1250 1413 243 295
1249 1416 242 296
1263 1418 238 296
1254 1418 232 295
1242 1413 233 294
1255 1421 234 294
1263 1417 236 296
1252 1419 241 296
1260 1421 236 295
1262 1418 234 294
1265 1420 237 297
1253 1417 239 292
1253 1417 237 296
1257 1416 242 296
1250 1416 236 295
1261 1418 246 296
1255 1415 244 301
1255 1417 239 297
1256 1418 241 299
1258 1419 240 296
1254 1419 229 300
1249 1417 243 298
1258 1416 231 299
1255 1418 241 295
1255 1419 242 297
1262 1418 239 296
1247 1419 243 297
1262 1415 242 299
1245 1414 232 298
1257 1419 243 297
1253 1418 242 297
1254 1418 242 296
1245 1415 1417 296
1251 1414 1624 298
1255 1418 242 299
1230 1416 239 296
1256 1416 243 299
1261 1416 241 296
1257 1418 242 298
1250 1414 243 295
1248 1418 232 296
1257 1418 238 294
1253 1418 241 293
1254 1417 239 292
1254 1416 238 292
1253 1420 239 295
1259 1421 241 294
1251 1420 238 295
1254 1417 236 291
1253 1418 236 294
1262 1415 222 295
1249 1420 243 295
1226 1419 235 294
1250 1414 240 295
1250 1418 239 296
1243 1414 237 296
1241 1418 241 296
1266 1419 249 297
1259 1418 243 297
1256 1420 240 296
1260 1415 243 294
1253 1419 241 299
1249 1417 241 298
1250 1417 240 298
1265 1418 246 298
1250 1418 237 295
1255 1418 238 296
1261 1414 243 292
1247 1416 236 296
1260 1415 245 296
1262 1419 242 296
1247 1418 235 295
1261 1422 242 295
1255 1418 242 296
1262 1415 275 292
1258 1421 237 292
1254 1416 237 295
1255 1419 237 293
1263 1417 243 299
1249 1417 244 296
1258 1418 240 295
1251 1421 244 296
1257 1414 241 296
1247 1418 241 296
1255 1419 241 298
1255 1420 237 296
1253 1417 239 298
1246 1416 238 297
1255 1421 241 297
1251 1413 244 297
1251 1413 240 296
1267 1420 240 296
1266 1419 244 295
1253 1413 243 298
1263 1420 227 298
1252 1415 242 296
1245 1417 235 298
1255 1415 233 301
1251 1417 240 298
1260 1417 232 296
1251 1416 236 294
1245 1419 237 292
1253 1417 236 298
1247 1413 243 296
1247 1418 242 296
1259 1419 245 298
1253 1415 244 298
1258 1417 244 300
1252 1418 239 297
1263 1420 240 301
1260 1418 232 295
1262 1415 249 297
1257 1418 245 300
1257 1417 241 298
1258 1421 243 298
1255 1418 244 299
1252 1418 237 302
1258 1421 242 302
1254 1419 241 302
1263 1418 244 296
1262 1418 240 295
1250 1416 228 297
1249 1416 238 296
1245 1418 234 297
1249 1420 239 298
1249 1419 237 297
1255 1418 242 296
1259 1421 241 297
1255 1418 240 295
1259 1417 226 299
1259 1417 238 296
1257 1419 239 294
1246 1417 233 296
1234 1419 234 297
1251 1416 237 295
1255 1420 239 295
1253 1414 235 294
1252 1417 238 297
1249 1414 238 296
1251 1418 234 296
1256 1418 241 294
1258 1418 244 296
1254 1420 239 298
1255 1418 241 297
1250 1415 239 296
1255 1418 236 296
1263 1417 245 300
1253 1419 240 297
1250 1414 239 299
1254 1420 238 300
1250 1415 242 295
1250 1414 236 297
1243 1418 239 296
1240 1417 239 300
1256 1420 228 302
1243 1418 240 300
1255 1418 242 297
1254 1417 239 298
1262 1416 240 297
1253 1416 240 299
1248 1414 239 298
1261 1414 248 298
1253 1418 236 296
1253 1415 237 297
1257 1416 236 295
1262 1421 245 297
1247 1414 237 296
1251 1415 239 297
1253 1417 243 297
1250 1415 242 298
1252 1415 243 296
1256 1416 242 299
1265 1418 272 295
1251 1417 238 296
1252 1418 237 296
1259 1421 241 298
1258 1421 237 295
1227 1415 1566 299
1249 1416 241 295
1252 1417 240 297
1259 1421 241 296
1255 1419 241 297
1252 1420 241 301
1258 1419 241 295
1251 1416 232 295
1255 1417 238 295
1257 1420 235 298
1253 1416 241 297
1256 1420 240 298
1254 1419 237 294
1248 1416 240 297
1254 1416 242 298
1253 1416 240 298
1255 1416 242 299
1262 1415 242 293
1256 1420 239 295
1258 1418 241 293
1257 1419 242 296
1244 1415 242 297
1258 1414 243 295
1251 1415 238 296
1258 1419 241 296
1253 1417 241 296
1246 1412 234 294
1259 1418 241 292
1257 1419 236 295
1258 1420 239 294
1256 1418 242 294
1258 1415 242 297
1257 1419 242 297
1253 1420 243 296
1253 1416 241 295
1252 1421 239 297
1247 1412 239 296
1258 1420 243 295
1253 1419 239 296
1255 1415 241 295
1251 1416 1361 296
1261 1416 235 297
1259 1417 244 296
1256 1418 242 296
1251 1416 239 296
1267 1421 273 296
1249 1418 239 297
1250 1414 244 298
1243 1419 235 297
1266 1421 245 296
1257 1417 244 295
1251 1415 240 299
1258 1419 242 297
1257 1418 242 296
1247 1415 231 295
1257 1419 246 296
1251 1418 240 299
1247 1416 238 297
1264 1418 244 299
1254 1420 235 294
1248 1413 240 295
1250 1413 245 300
1255 1418 230 297
1249 1416 238 297
1253 1419 239 296
1240 1418 235 296
1254 1416 227 295
1260 1422 1283 2121
1254 1420 242 299
1248 1417 243 298
1255 1420 228 281
1255 1419 242 296
1262 1416 243 296
1266 1418 240 296
1252 1416 244 296
1253 1413 244 297
1241 1417 243 299
1254 1415 242 301
1257 1418 240 297
1253 1419 236 296
1250 1415 241 298
1236 1416 243 297
1257 1419 244 298
1253 1416 245 296
1256 1415 243 296
1253 1415 244 296
1254 1418 242 298
1246 1414 239 296
1261 1415 242 296
1245 1418 238 296
1259 1421 241 296
1251 1418 240 301
1246 1417 235 296
1251 1415 244 299
1243 1413 240 298
1256 1415 244 301
1250 1417 241 300
1250 1416 243 298
1254 1415 240 298
1255 1419 243 296
1253 1417 242 299
1255 1418 243 301
1249 1415 238 298
1259 1417 247 298
1255 1415 242 298
1255 1415 241 298
1252 1416 237 298
1262 1417 242 301
1254 1415 245 298
1259 1416 234 296
1248 1417 237 294
1251 1421 240 300
1255 1418 239 301
1256 1420 242 299
1261 1418 241 299
1252 1416 243 301
1261 1416 243 299
1258 1417 242 296
1251 1421 242 296
1255 1413 228 296
1252 1415 238 297
1254 1418 240 294
1267 1422 245 295
1263 1419 247 295
1264 1417 248 298
1255 1414 243 295
1264 1418 246 297
1258 1418 239 295
1255 1419 238 297
1242 1417 247 300
1253 1416 244 297
1251 1416 239 298
1256 1419 241 297
1252 1414 245 302
1251 1416 237 299
1251 1420 237 299
1263 1416 244 297
1246 1416 237 301
1257 1418 238 296
1249 1413 241 300
1259 1422 246 301
1252 1416 240 300
1248 1413 238 296
1249 1415 243 297
1245 1414 238 300
1249 1418 238 298
1255 1415 241 297
1242 1417 236 296
1244 1419 237 300
1256 1419 244 299
1265 1419 241 298
1259 1415 231 296
1251 1417 234 295
1243 1416 237 294
1252 1414 240 296
1257 1413 240 295
1244 1418 235 297
1254 1415 240 296
1263 1418 250 298
1255 1420 237 295
1257 1414 229 293
1251 1420 239 295
1254 1417 242 294
1250 1416 233 296
1252 1420 238 294
1253 1415 240 296
1253 1416 234 295
1252 1414 241 296
1255 1418 238 298
1256 1419 235 296
1255 1417 235 296
1255 1417 238 294
1268 1421 274 294
1247 1419 236 295
1255 1419 236 295
1260 1420 238 295
1266 1418 235 296
1252 1418 235 294
1253 1417 240 295
1254 1420 238 295
1258 1419 242 296
1251 1413 237 296
1251 1416 239 295
1253 1417 1606 296
1262 1415 240 296
1252 1413 242 296
1259 1415 227 295
1254 1415 241 296
1252 1416 235 295
1256 1417 234 295
1259 1419 234 297
1238 1413 234 295
1251 1416 231 296
1258 1416 239 294
1256 1420 234 296
1256 1417 246 298
1241 1418 237 297
1252 1416 243 294
1255 1420 239 296
1260 1421 240 296
1253 1418 240 298
1260 1418 236 296
1255 1418 237 292
1251 1414 242 296
1259 1421 244 298
1257 1419 240 298
1253 1417 244 300
1254 1418 237 293
1246 1417 240 299
1258 1420 241 299
1259 1417 249 299
1255 1419 239 299
1255 1419 239 299
1245 1415 242 301
1257 1418 243 298
1259 1422 245 301
1262 1417 242 299
1249 1413 243 298
1263 1420 242 298
1243 1418 241 299
1253 1416 245 300
1262 1416 239 300
1250 1418 239 297
1254 1417 241 296
1262 1414 300 0
1260 1417 242 300
1253 1414 241 300
1260 1418 246 302
1258 1419 238 299
1259 1414 254 302
1253 1418 241 305
1243 1418 239 305
1231 1418 236 297
1255 1418 242 298
1247 1417 240 300
1251 1413 237 296
1244 1416 241 299
1254 1415 243 299
1249 1418 237 300
1229 1419 234 300
1238 1415 242 305
1250 1417 238 300
1252 1416 243 302
1255 1418 243 304
1249 1413 241 297
1256 1415 246 301
1255 1414 236 298
1257 1418 242 297
1246 1419 245 305
1263 1416 244 301
1253 1419 246 300
1263 1419 243 299
1257 1418 249 301
1248 1420 241 300
1251 1415 240 299
1263 1418 247 298
1264 1415 247 297
1259 1420 240 299
1255 1420 242 304
1248 1415 242 301
1258 1418 246 301
1246 1414 240 301
1249 1416 239 300
1250 1413 245 300
1257 1419 244 300
1246 1417 238 299
1250 1417 241 296
1246 1416 235 297
1241 1414 235 297
1253 1418 242 295
1259 1416 225 296
1258 1417 243 298
1251 1419 239 298
1257 1419 246 296
1247 1414 241 297
1248 1413 244 299
1254 1416 242 299
1239 1416 244 295
1256 1419 241 299
1241 1417 233 294
1255 1418 237 295
1254 1422 236 295
1255 1418 239 296
1256 1418 241 297
1251 1417 238 296
1251 1414 242 295
1249 1415 241 295
1253 1415 235 295
1258 1419 238 296
1255 1418 242 298
1254 1416 239 296
1257 1418 244 296
1263 1418 241 291
1250 1418 236 293
1264 1420 234 294
1246 1415 231 298
1256 1418 236 296
1253 1416 240 296
1257 1421 240 295
1251 1415 241 297
1255 1415 243 297
1260 1417 235 298
1249 1417 243 297
1254 1416 239 295
1264 1420 270 292
1255 1421 238 296
1254 1417 244 296
1253 1421 1653 295
1260 1418 239 295
1256 1417 242 296
1254 1416 238 296
1257 1417 242 293
1254 1417 243 295
1254 1415 241 296
1267 1421 238 295
1250 1417 240 294
1247 1417 237 292
1253 1412 236 294
1259 1421 236 292
1251 1418 238 295
1254 1421 230 281
1251 1415 237 295
1259 1420 240 294
1247 1415 237 295
1259 1415 234 296
1263 1417 274 295
1253 1419 233 295
1259 1418 243 295
1249 1417 242 296
1255 1414 243 296
1256 1417 243 295
1261 1418 239 294
1261 1416 244 293
1409 1423 136 2089
1252 1415 238 290
1262 1422 242 294
1247 1412 236 291
1259 1420 237 293
1253 1417 236 291
1253 1415 235 291
1251 1419 229 296
1257 1420 235 290
1264 1420 244 293
1244 1416 232 293
1255 1418 236 289
1255 1418 236 291
1258 1420 236 295
1259 1419 242 295
1252 1419 238 294
1255 1413 239 293
1251 1414 239 295
1242 1417 235 295
1253 1419 238 296
1263 1416 244 291
1255 1415 237 293
1255 1419 235 294
1251 1417 1437 294
1247 1417 239 292
1253 1416 237 292
1255 1417 239 290
1258 1420 233 290
1256 1420 239 296
1253 1418 237 293
1254 1418 240 292
1232 1419 239 292
1254 1420 235 292
1255 1418 238 292
1255 1419 234 295
1253 1418 240 295
1253 1417 236 294
1247 1415 233 294
1254 1418 238 293
1249 1414 236 293
1251 1418 240 293
1266 1419 244 295
1261 1415 239 292
1257 1418 239 291
1253 1415 239 292
1253 1416 241 295
1255 1415 239 295
1256 1421 235 291
1254 1418 236 291
1258 1418 239 293
1253 1417 239 294
1248 1417 239 293
1252 1416 237 293
1251 1418 236 295
1258 1419 236 293
1253 1417 237 295
1256 1420 237 293
1255 1417 238 293
1252 1417 1582 292
1259 1419 238 292
1256 1419 237 293
1254 1418 237 292
1257 1419 238 294
1255 1415 237 294
1259 1419 237 290
1253 1418 240 292
1255 1418 237 293
1251 1417 238 294
1255 1416 242 293
1257 1414 244 296
1254 1420 235 293
1250 1415 240 295
1253 1418 237 293
1258 1420 235 294
1259 1417 241 294
1255 1418 238 294
1251 1416 236 293
1254 1417 237 292
1262 1416 239 287
1262 1416 240 292
1265 1419 239 294
1250 1417 233 289
1257 1417 240 292
1258 1419 240 293
1237 1414 237 293
1263 1417 239 296
1267 1419 265 291
1262 1418 242 291
1258 1419 240 292
1249 1414 236 292
1254 1413 238 292
1250 1418 233 295
1261 1418 243 293
1251 1414 241 294
1257 1418 238 292
1246 1415 236 293
1255 1419 239 291
1252 1418 234 288
1255 1418 237 292
1247 1416 236 293
1255 1416 243 293
1254 1417 239 293
1253 1416 241 293
1250 1415 230 292
1240 1418 230 291
1259 1418 241 294
1253 1414 239 293
1255 1420 238 289
1249 1421 232 289
1255 1418 237 292
1253 1417 241 293
1255 1415 239 295
1258 1417 242 294
1261 1415 239 293
1254 1413 237 292
1258 1418 238 292
1251 1415 237 292
1216 1419 232 292
1255 1420 238 291
1252 1417 234 292
1256 1417 238 289
1263 1414 243 292
1258 1417 239 293
1243 1419 238 293
1250 1415 235 293
1251 1414 239 294
1258 1418 238 294
1256 1419 239 292
1265 1419 246 293
1266 1420 242 291
1255 1416 239 291
1255 1415 236 292
1254 1420 233 289
1266 1420 230 289
1259 1421 238 292
1266 1418 236 290
1251 1417 244 295
1247 1415 239 295
1256 1417 244 298
1252 1416 244 297
1240 1419 236 294
1253 1417 241 294
1254 1414 242 295
1249 1415 238 295
1253 1418 242 297
1256 1417 236 295
1252 1417 238 293
1250 1413 241 297
1252 1416 237 299
1261 1419 245 296
1255 1417 246 297
1254 1421 243 297
1254 1417 240 296
1255 1415 240 297
1254 1415 240 296
1249 1417 246 301
1261 1421 244 300
1254 1415 241 299
1252 1419 240 297
1249 1415 241 299
1250 1418 230 297
1249 1413 239 301
1250 1415 246 298
1253 1417 237 299
1258 1418 245 300
1250 1415 242 299
1253 1420 241 296
1263 1419 239 296
1259 1418 245 297
1249 1418 242 298
1254 1414 244 298
1257 1416 242 300
1237 1415 233 296
1254 1415 240 297
1252 1416 241 296
1259 1418 245 296
1256 1416 241 297
1251 1418 236 296
1256 1419 241 295
1254 1417 241 297
1262 1418 249 296
1256 1419 242 297
1252 1415 248 298
