1299 1512 2161 337
1326 1352 334 2151
1358 1337 336 2145
1328 1344 336 2149
1347 1365 336 2145
1361 1353 335 2140
1306 1408 2155 334
1291 1396 2151 334
1302 1375 2148 334
1331 1344 335 2139
1321 1354 336 2145
1318 1438 2151 334
1341 1359 334 2138
1361 1356 285 1974
1331 1362 335 2143
1354 1351 335 2143
1302 1434 2151 334
1374 1506 337 388
1367 1354 334 2139
1413 1350 334 2144
1313 1390 2154 334
1342 1362 325 2095
1351 1436 332 386
1309 1383 2147 334
1351 1349 337 2140
1331 1352 334 2140
1287 1391 2151 334
1323 1352 334 2140
1315 1407 2164 337
1343 1351 336 2142
1339 1358 335 2139
1304 1389 2150 334
1303 1379 2148 334
1354 1352 335 2136
1375 1514 335 385
1349 1356 335 2138
1358 1389 333 403
1331 1361 336 2141
1312 1413 2147 335
1311 1395 2149 332
1302 1391 2144 334
1350 1356 335 2134
1319 1350 334 2134
1311 1417 2145 332
1281 1399 2148 332
1375 1453 335 389
1297 1426 2142 334
1316 1343 334 2131
1352 1357 333 2134
1352 1357 336 2136
1300 1370 2145 332
1332 1358 337 2138
1327 1351 334 2137
1349 1358 334 2141
1336 1362 334 2135
1299 1393 2145 334
1282 1356 2145 333
1325 1344 335 2135
0 1412 2144 333
1303 1406 2082 321
1337 1356 336 2141
1321 1350 336 2140
1306 1383 2146 333
1315 1400 2148 334
1308 1421 2147 334
1292 1462 2144 333
1306 1410 2147 335
1398 1353 335 2139
1311 1381 2150 333
1304 1396 2146 334
1326 1351 333 2139
1395 1350 334 2134
1297 1371 2144 333
1311 1503 2141 333
1327 1352 333 2135
1332 1358 333 2132
1287 1393 2144 333
1326 1351 333 2132
1345 1353 333 2134
1333 1354 335 2134
1380 1445 335 393
1301 1394 2144 335
1394 1446 333 394
1310 1386 2142 334
1303 1576 2150 333
1302 1451 2148 333
1319 1349 335 2130
1331 1351 334 2135
1303 1385 2142 334
1406 1472 332 393
1299 1629 1880 295
1334 1351 334 2136
1297 1385 2141 332
1332 1359 330 2124
1304 1423 2144 333
1329 1358 335 2134
1357 1366 274 1867
1337 1355 334 2137
1359 1359 334 2134
1307 1391 2146 334
1355 1353 334 2138
1299 1568 2147 334
1305 1399 2148 335
1309 1382 2142 333
1303 1394 2142 334
1339 1356 329 2116
1313 1399 2145 335
1301 1396 2083 324
1346 1355 335 2134
1339 1395 332 396
1343 1355 333 2134
1302 1430 2142 332
1300 1390 2148 334
1303 1342 334 2132
1315 1343 335 2137
1292 1394 2150 334
1338 1353 334 2139
1302 1389 2146 334
1315 1419 2148 333
1343 1351 334 2129
1378 1359 333 2135
1315 1344 336 2137
1335 1359 332 2136
1305 1377 2145 334
1311 1398 2143 332
1303 1412 2141 333
1337 1360 333 2128
1301 1377 2144 334
1393 1352 333 2134
1330 1341 334 2131
1436 1447 335 393
1367 1350 334 2137
1364 1365 333 2134
1327 1349 333 2133
1303 1416 2141 333
1304 1405 2144 333
1343 1362 333 2136
1314 1405 2140 334
1331 1366 334 2138
1333 1351 333 2136
1354 1358 334 2137
1288 1374 2149 333
1350 1351 334 2136
1391 1481 333 386
1298 1339 332 2134
1410 1367 335 2137
1320 1348 333 2136
1303 1375 2145 334
1322 1349 334 2142
1341 1358 334 2136
1347 1360 333 2141
1306 1418 2144 334
1302 1383 2149 334
1316 1428 2149 335
1356 1346 264 1777
1358 1364 333 2138
1313 1392 2143 334
1311 1399 2140 334
1338 1356 329 2117
1298 1466 2103 328
1305 1380 2139 333
1299 1396 2139 333
1292 1378 2140 334
1322 1354 333 2134
1302 1429 2143 333
1295 1377 2138 333
1332 1348 333 2130
1302 1382 2136 333
1329 1359 332 2132
1347 1349 332 2132
1375 1452 334 388
1311 1393 2146 335
1341 1356 333 2128
1315 1423 2139 333
1336 1359 334 2130
1298 1390 2138 334
1333 1356 334 2133
1370 1362 321 2040
1356 1359 336 2133
1300 1379 2139 333
1319 1356 335 2136
1294 1380 2138 333
1306 1382 2142 334
1382 1354 331 2121
1299 1382 2143 332
1300 1396 2141 333
1329 1356 332 2134
1302 1388 2139 333
1303 1376 2142 333
1308 1399 2146 335
1351 1367 335 2138
1323 1351 335 2133
1348 1362 334 2132
1345 1355 318 2032
1297 1382 2144 333
1311 1393 2144 334
1366 1359 334 2136
1299 1380 2141 334
1351 1359 335 2131
1335 1352 334 2130
1295 1374 2144 331
1304 1407 2135 333
1321 1349 316 2024
1354 1354 335 2137
1355 1365 334 2131
1312 1391 2142 334
1307 1420 2140 332
1338 1358 334 2134
1301 1394 2143 333
1307 1439 2144 333
1288 1370 2140 332
1331 1354 334 2133
1303 1405 2140 332
1298 1399 2140 332
1341 1357 334 2132
1327 1354 334 2132
1358 1351 334 2134
1364 1367 333 2134
1354 1350 332 2133
1303 1420 2139 332
1323 1351 335 2137
1337 1381 334 2137
1295 1412 2147 334
1323 1418 2141 332
1335 1354 334 2133
1303 1394 2146 333
1353 1359 333 2130
1340 1353 333 2136
1303 1379 2140 334
1329 1355 334 2134
1325 1355 334 2132
1290 1371 2136 333
1379 1511 333 385
1330 1359 332 2137
1322 1355 333 2129
1316 1398 2142 330
1338 1361 334 2128
1301 1380 2138 334
1325 1346 335 2131
1317 1345 332 2135
1422 1358 332 2130
1300 1425 2054 319
1356 1367 334 2135
1369 1359 335 2130
1322 1351 333 2136
1338 1364 335 2133
1336 1351 332 2131
1302 1374 2136 334
1323 1348 332 2133
1366 1368 333 2130
1301 1386 2141 332
1288 1379 2137 333
1381 1427 335 391
1325 1347 334 2132
1311 1400 2139 334
1306 1388 2138 332
1314 1401 2144 333
1341 1357 333 2135
1350 1346 331 2131
1314 1414 2145 332
1336 1352 332 2128
1321 1342 335 2128
1377 1358 335 2131
1294 1387 2138 332
1286 1380 2138 332
1299 1409 2138 334
1335 1337 333 2127
1329 1349 332 2127
1326 1350 333 2128
1317 1349 332 2128
1434 1517 333 387
1357 1358 330 2127
1329 1354 332 2124
1327 1354 332 2127
1297 1375 2137 334
1287 1387 2132 334
1302 1399 2139 331
1340 1363 276 1884
1305 1384 2142 335
1339 1354 332 2130
1333 1347 335 2131
1391 1355 334 2126
1402 1352 334 2135
1301 1420 2142 333
1315 1390 2144 333
1351 1358 334 2130
1324 1383 331 391
1317 1466 2137 332
1301 1378 2106 326
1325 1353 333 2131
1349 1356 332 2129
1332 1353 329 2124
1339 1349 334 2129
1339 1381 334 2131
1301 1387 2139 333
1358 1365 332 2130
1341 1345 333 2133
1309 1431 2138 332
1321 1346 334 2131
1308 1407 2139 333
1303 1391 2140 335
1315 1343 276 1877
1311 1342 333 2132
1351 1361 333 2133
1298 1418 2142 333
1358 1363 333 2129
1320 1346 334 2131
1294 1479 2144 333
1341 1367 332 2126
1310 1464 2139 334
1300 1415 2137 332
1332 1360 333 2133
1324 1350 332 2130
1333 1359 333 2132
1305 1380 2141 333
1346 1355 332 2133
1325 1351 331 2130
1335 1364 332 2130
1305 1388 2142 335
1327 1353 333 2129
1333 1358 334 2131
1320 1361 332 2132
1291 1374 2140 334
1327 1351 335 2131
1342 1364 333 2138
1310 1388 1949 307
1344 1354 332 2131
1300 1399 2139 332
1341 1358 334 2130
1301 1462 2125 329
1309 1384 2139 333
1291 1380 2136 332
1343 1358 333 2126
1302 1377 2138 332
1299 1489 2134 334
1391 1360 332 2127
1302 1415 2135 333
1302 1395 2132 333
1306 1414 2137 332
1361 1359 333 2125
1306 1412 2131 331
1327 1363 320 2046
1300 1402 2139 332
1302 1387 2142 334
1329 1358 333 2135
1318 1347 332 2128
1339 1357 334 2133
1398 1346 334 2133
1299 1382 2139 333
1307 1412 2137 334
1322 1345 332 2128
1299 1394 2141 335
1319 1340 332 2131
1338 1355 333 2135
1287 1378 2139 334
1318 1408 2147 336
1303 1416 2140 332
1338 1366 335 2130
1435 1467 332 393
1311 1398 2144 333
1333 1349 335 2134
1300 1382 2140 334
1337 1357 335 2131
1293 1478 2141 334
1349 1363 332 2127
1306 1391 2111 327
1302 1407 1824 290
1342 1353 286 1974
1301 1377 2138 334
1303 1398 2134 334
1304 1387 2139 333
1342 1366 333 2130
1299 1391 2138 333
1394 1440 333 395
1295 1370 2141 334
1303 1411 2137 334
1307 1477 2134 334
1350 1359 330 2113
1344 1357 333 2127
1310 1418 2133 332
1302 1377 2133 333
1290 1383 2137 333
1338 1354 333 2129
1302 1391 2139 333
1343 1362 334 2132
1336 1359 332 2126
1442 1476 330 393
1305 1393 2136 333
1310 1411 2136 333
1331 1353 333 2130
1369 1367 332 2126
1298 1467 2132 330
1333 1358 332 2127
1320 1348 332 2127
1302 1383 2133 333
1299 1380 2126 330
1295 1540 2136 332
1313 1401 2132 333
1310 1406 2131 333
1303 1414 2134 332
1323 1357 332 2124
1339 1358 331 2125
1303 1394 2135 331
1333 1352 332 2122
1350 1352 332 2128
1340 1348 332 2119
1302 1479 2133 331
1354 1350 324 2078
1304 1435 2133 333
1338 1358 332 2124
1332 1362 332 2126
1419 1361 313 2005
1317 1424 2134 333
1304 1394 2130 332
1316 1415 2135 331
1293 1460 2139 332
1359 1356 332 2126
1342 1353 334 2128
1311 1420 2138 335
1302 1396 2137 332
1381 1471 331 387
1304 1382 2136 332
1334 1351 326 2081
1297 1387 2139 333
1303 1392 2136 333
1310 1389 2134 331
1331 1361 331 2126
1316 1409 2134 334
1295 1387 2132 332
1327 1358 332 2125
1302 1397 2132 332
1310 1345 332 2124
1361 1356 332 2123
1427 1358 331 2124
1413 1353 331 2122
1357 1358 330 2126
1306 1404 2132 332
1299 1410 2132 332
1383 1439 332 391
1298 1442 2135 332
1338 1352 333 2126
1309 1389 2135 331
1494 1355 332 2129
1327 1359 328 2100
1299 1381 2133 332
1332 1354 332 2124
1299 1406 2134 331
1310 1393 2133 332
1349 1364 320 2044
1358 1353 333 2131
1334 1362 333 2128
1288 1379 2135 333
1335 1357 331 2128
1309 1389 2138 333
1303 1391 2136 333
1336 1364 318 2045
1335 1351 333 2127
1332 1361 335 2130
1323 1351 332 2127
1295 1426 2135 332
1306 1396 2137 331
1294 1402 2137 333
1331 1350 332 2129
1340 1363 334 2128
1334 1356 333 2128
1347 1352 332 2126
1380 1355 333 2124
1298 1397 2137 333
1343 1353 332 2127
1397 1446 332 393
1301 1378 2132 332
1314 1338 333 2125
1337 1349 331 2126
1369 1361 330 2124
1329 1346 333 2123
1314 1409 2134 332
1302 1396 2127 331
1327 1353 332 2125
1379 1363 331 2125
1347 1354 333 2128
1359 1362 331 2127
1303 1379 2132 334
1343 1359 331 2121
1322 1355 333 2128
1332 1349 332 2131
1323 1348 333 2126
1352 1364 334 2129
1301 1400 2130 332
1298 1375 2132 331
1302 1386 2135 333
1293 1380 2131 331
1299 1386 2134 333
1384 1466 334 386
1314 1342 331 2125
1289 1398 2135 332
1327 1353 331 2126
1296 1422 2130 330
1330 1356 331 2124
1300 1370 2139 333
1296 1368 2135 332
1320 1349 332 2128
1449 1366 260 1750
1373 1361 335 2128
1314 1399 2133 333
1316 1408 2079 324
1335 1363 333 2127
1288 1383 2136 331
1326 1355 332 2130
1479 1551 332 394
1380 1366 333 2129
1335 1359 333 2127
1302 1408 2139 333
1307 1370 2138 332
1345 1355 272 1862
1303 1382 2136 332
1346 1353 333 2126
1346 1365 332 2120
1398 1459 333 386
1305 1448 2135 333
1343 1370 333 2126
1355 1357 333 2122
1316 1439 2138 333
1300 1374 2137 333
1295 1373 2134 331
1302 1413 2133 332
1311 1382 2136 331
1338 1353 335 2125
1392 1445 331 391
1394 1354 332 2126
1350 1350 332 2122
1347 1365 330 2124
1302 1388 2135 333
1293 1387 2127 330
1318 1345 333 2124
1295 1400 2135 332
1324 1353 332 2128
1369 1367 334 2128
1305 1448 2134 331
1303 1639 2135 331
1403 1360 332 2126
1309 1407 2127 332
1341 1366 333 2131
1301 1413 2138 332
1345 1365 334 2126
1305 1454 2132 331
1304 1386 2132 332
1329 1357 332 2129
1303 1403 2125 331
1336 1357 332 2119
1325 1351 331 2126
1309 1404 2136 329
1332 1359 333 2123
1322 1342 331 2123
1295 1381 2133 330
1329 1356 285 1970
1333 1355 332 2123
1352 1350 330 2122
1338 1351 331 2119
1306 1406 2132 334
1336 1357 331 2126
1317 1356 331 2119
1297 1399 2135 330
1330 1349 331 2124
1305 1427 2131 332
1521 1355 330 2121
1346 1355 332 2119
1302 1378 2126 330
1303 1406 2123 330
1291 1364 2131 330
1378 1366 333 2125
1297 1386 2129 331
1302 1529 2131 331
1300 1385 2071 325
1303 1466 2133 332
1311 1389 2110 328
1295 1412 2134 332
1293 1374 2131 330
1363 1367 330 2125
1351 1365 332 2125
1297 1393 1738 260
1299 1377 2136 331
1305 1396 2131 333
1301 1428 2132 332
1305 1454 2133 330
1339 1357 332 2125
1298 1402 2130 331
1339 1352 333 2123
1330 1367 330 2117
1342 1368 332 2124
1303 1406 2132 331
1306 1389 2130 330
1341 1357 331 2126
1295 1381 2128 331
1453 1355 330 2123
1304 1413 1952 307
1317 1353 329 2121
1303 1384 2130 331
1307 1411 2127 332
1299 1406 2132 332
1317 1359 331 2124
1324 1354 332 2121
1327 1348 332 2121
1324 1351 331 2122
1303 1413 2128 332
1350 1377 331 2108
1304 1388 2129 331
1343 1366 329 2100
1334 1359 330 2121
1337 1358 331 2126
1295 1381 2130 331
1302 1386 2132 331
1361 1362 332 2125
1346 1361 330 2123
1305 1404 2130 332
1323 1354 332 2124
1349 1359 331 2125
1319 1343 312 2008
1339 1362 334 2126
1328 1351 331 2120
1307 1385 2128 330
1357 1370 331 2117
1307 1383 2124 330
1314 1408 2126 330
1318 1347 331 2122
1299 1378 2130 334
1337 1364 330 2122
1333 1346 280 1907
1325 1360 332 2123
1332 1358 332 2125
1336 1355 331 2117
1400 1363 331 2125
1364 1458 324 380
1341 1357 334 2126
1318 1350 331 2125
1305 1380 2132 332
1305 1412 2131 331
1321 1396 2131 330
1304 1428 2134 331
1292 1408 2135 331
1333 1352 332 2123
1292 1399 2132 334
1295 1381 2134 333
1301 1450 2131 331
1347 1362 331 2124
1335 1355 331 2119
1358 1361 331 2123
1348 1364 331 2121
1347 1340 331 2121
1327 1353 332 2118
1374 1366 331 2120
1330 1355 331 2123
1288 1368 2127 331
1318 1422 2127 332
1308 1393 1952 308
1313 1407 2134 330
1303 1397 2132 331
1331 1356 332 2122
1300 1373 2126 330
1322 1346 332 2122
1307 1384 2130 330
1325 1356 333 2125
1303 1389 2130 331
1303 1486 2130 331
1300 1461 2129 331
1319 1349 332 2120
1338 1349 330 2121
1390 1468 332 386
1319 1395 2126 330
1334 1356 330 2119
1300 1387 2131 333
1313 1629 2130 330
1302 1439 2135 332
1297 1568 2129 332
1332 1344 329 2104
1339 1361 329 2124
1306 1401 2126 330
1305 1396 2131 331
1303 1409 2126 330
1301 1386 2122 329
1347 1357 332 2122
1362 1350 331 2121
1338 1362 332 2121
1309 1409 2131 332
1338 1358 283 1944
1303 1397 2126 331
1291 1386 2128 330
1973 1367 331 2120
1316 1477 2126 330
1351 1354 320 2041
1307 1385 2125 331
1299 1374 2132 331
1340 1359 331 2122
1326 1345 333 2125
1421 1466 332 393
1305 1385 2131 332
1328 1348 332 2119
1305 1388 2118 330
1313 1469 2056 319
1287 1359 2122 329
1299 1373 2128 329
1335 1353 330 2120
1341 1362 330 2121
1302 1403 2129 331
1334 1364 329 2123
1301 1383 2130 332
1343 1356 333 2123
1306 1408 2128 330
1344 1366 331 2121
1302 1383 2121 330
1308 1384 2127 331
1302 1393 1876 296
1324 1348 333 2122
1390 1451 331 389
1303 1382 2103 326
1325 1351 333 2126
1301 1378 2127 331
1371 1351 330 2120
1336 1356 330 2121
1353 1357 332 2122
1336 1355 330 2118
1381 1357 330 2125
1329 1342 331 2121
1306 1385 2132 332
1462 1363 328 2099
1332 1342 332 2124
1297 1372 2134 332
1348 1372 331 2123
1334 1353 332 2123
1373 1361 330 2124
1319 1404 2132 331
1354 1362 331 2110
1303 1389 2128 329
1301 1400 2129 330
1308 1410 2134 329
1359 1353 333 2128
1352 1359 330 2124
1292 1376 2133 332
1335 1357 285 1966
1301 1386 2129 331
1311 1413 2127 332
1309 1384 2130 331
1309 1385 2127 331
1298 1375 2130 332
1303 1391 2131 330
1314 1348 331 2124
1357 1356 333 2125
1304 1396 2131 331
1346 1351 332 2122
1304 1381 2128 332
1358 1355 331 2119
1326 1352 333 2119
1550 1359 331 2122
1336 1355 331 2121
1335 1350 332 2120
1314 1401 2134 333
1306 1388 2130 328
1305 1385 2132 331
1343 1362 332 2123
1311 1384 2131 330
1357 1366 330 2121
1332 1363 332 2124
1299 1378 2126 331
1304 1395 2128 331
1295 1395 2128 333
1335 1362 330 2123
1310 1345 331 2122
1326 1351 332 2121
1313 1408 1706 254
1305 1402 2131 330
1291 1373 2127 331
1331 1362 330 2120
1342 1357 332 2124
1333 1359 330 2118
1397 1352 330 2119
1304 1464 2123 329
1308 1392 2122 329
1330 1354 331 2123
1393 1370 332 2121
1299 1380 2126 332
1329 1358 332 2120
1287 1366 2126 329
1372 1367 331 2121
1334 1359 331 2118
1333 1376 331 2120
1339 1354 331 2115
1492 1353 331 2117
1338 1355 331 2122
1306 1406 2122 331
1362 1371 332 2124
1297 1428 2123 330
1331 1358 332 2121
1325 1357 332 2120
1313 1431 2127 329
1364 1356 331 2119
1306 1399 2131 331
1293 1377 2123 329
1303 1413 2129 329
1312 1386 2129 332
1329 1359 331 2124
1300 1389 2131 332
1316 1396 2128 331
1310 1391 2128 331
1327 1361 332 2120
1353 1354 330 2116
1309 1469 2124 330
1303 1383 2123 329
1302 1389 2121 329
1339 1358 331 2117
1293 1366 2122 329
1313 1451 2122 329
1310 1397 2121 328
1409 1466 331 387
1332 1362 331 2120
1298 1400 2121 330
1307 1389 2027 315
1301 1393 2125 330
1355 1364 330 2118
1299 1568 2129 331
1327 1447 330 352
1305 1407 2129 332
1298 1395 2126 330
1340 1359 332 2119
1392 1353 330 2116
1326 1355 330 2119
1291 1374 2130 331
1294 1397 2131 330
1331 1356 332 2114
1294 1479 2121 330
1317 1538 2126 329
1290 1384 2125 329
1306 1387 2132 332
1290 1405 2129 331
1334 1360 332 2123
1356 1375 331 2120
1285 1372 2123 330
1295 1386 2126 330
1327 1354 332 2113
1345 1366 330 2118
1295 1390 2127 331
1352 1372 331 2118
1307 1386 2124 330
1327 1354 329 2112
1309 1391 2123 331
1292 1447 2126 330
1339 1356 331 2120
1336 1364 331 2118
1326 1354 333 2122
1307 1386 2133 331
1295 1551 2127 331
1303 1383 2125 331
1319 1348 332 2120
1339 1355 331 2120
1315 1413 2129 331
1301 1384 2124 330
1308 1390 2120 330
1299 1371 2124 331
1300 1407 2125 330
1338 1354 332 2118
1309 1390 2126 330
1386 1363 331 2123
1313 1403 2126 332
1334 1344 330 2120
1343 1362 332 2122
1338 1352 331 2118
1330 1354 330 2117
1303 1407 2055 321
1347 1352 330 2123
1338 1359 330 2116
1308 1396 2133 331
1308 1399 2125 329
1371 1356 332 2119
1286 1371 2132 330
1291 1376 2123 331
1334 1363 332 2118
1296 1377 2126 328
1338 1348 331 2118
1347 1356 331 2117
1443 1355 331 2118
1305 1438 2117 328
1342 1357 333 2121
1322 1353 331 2117
1308 1397 2125 331
1289 1370 2131 331
1301 1390 2131 330
1351 1363 332 2122
1354 1357 331 2120
1313 1448 2124 330
1301 1400 2123 331
1358 1366 331 2120
1457 1356 330 2121
1297 1402 2105 328
1308 1386 2124 332
1300 1413 2122 330
1298 1372 2122 330
1322 1412 2126 331
1382 1367 331 2116
1295 1386 2123 330
1346 1355 332 2120
1297 1394 2126 330
1351 1355 331 2119
1305 1460 2095 326
1303 1453 2128 332
1328 1350 332 2119
1301 1393 2131 331
1321 1461 2123 330
1330 1359 331 2106
1333 1359 332 2120
1305 1429 2125 331
1303 1401 2128 332
1363 1452 332 384
1303 1391 2131 331
1307 1483 2123 330
1299 1391 1672 254
1306 1387 2125 331
1333 1357 331 2118
1328 1391 330 387
1327 1362 332 2119
1374 1448 331 388
1295 1459 2119 329
1355 1356 330 2114
1342 1342 330 2115
1330 1358 330 2116
1301 1453 2126 331
1303 1388 2123 330
1303 1445 2123 330
1347 1354 332 2121
1310 1382 2123 330
1304 1378 2126 329
1370 1357 330 2119
1328 1353 331 2115
1331 1357 331 2117
1304 1431 2124 330
1337 1356 330 2120
1355 1363 330 2122
1303 1391 2119 330
1334 1351 331 2115
1305 1411 2122 330
1461 1357 331 2116
1291 1455 2122 330
1314 1486 2125 330
1334 1355 331 2117
1324 1350 330 2121
1299 1389 2124 330
1313 1407 2053 322
1361 1358 331 2118
1346 1370 332 2119
1349 1350 330 2118
1311 1384 2125 331
1297 1399 2121 330
1332 1355 331 2116
1297 1385 2127 332
1323 1358 263 1760
1313 1346 328 2102
1347 1357 331 2118
1305 1411 1747 260
1301 1389 2123 330
1309 1386 2132 329
1335 1362 331 2117
1387 1354 330 2117
1295 1383 2123 329
1341 1353 330 2121
1296 1414 2124 331
1299 1378 2126 332
1323 1345 330 2122
1318 1343 333 2121
1359 1367 331 2120
1309 1390 2127 330
1302 1433 2130 331
1314 1346 331 2120
1358 1364 331 2118
1293 1366 2116 328
1319 1350 333 2119
1323 1353 331 2118
1359 1372 330 2119
1405 1356 329 2119
1291 1362 2118 331
1298 1381 2120 330
1334 1364 332 2114
1301 1412 2097 327
1466 1349 332 2114
1365 1352 277 1876
1298 1386 2074 324
1332 1360 332 2123
1357 1344 334 2120
1359 1365 331 2119
1307 1342 330 2118
1345 1356 331 2123
1296 1375 2129 332
1335 1347 333 2118
1356 1367 330 2121
1346 1363 331 2117
1337 1358 330 2120
1349 1363 330 2117
1302 1383 2037 317
1355 1364 332 2116
1309 1402 2114 329
1295 1381 2126 331
1303 1383 2126 331
1359 1352 331 2116
1330 1362 331 2118
1333 1358 331 2116
1321 1351 331 2118
1304 1413 2130 332
1332 1354 332 2120
1342 1359 329 2120
1298 1385 2125 330
1323 1349 331 2115
1301 1376 2126 329
1335 1358 331 2115
1313 1374 332 388
1300 1404 2121 330
1309 1466 2122 331
1321 1351 330 2117
1303 1415 2120 329
1301 1386 2121 330
1306 1388 2125 331
1328 1354 331 2117
1331 1363 332 2119
1337 1360 317 2028
1302 1383 2127 332
1328 1359 330 2117
1300 1388 2121 330
1283 1370 2119 330
1358 1359 330 2111
1299 1371 2104 328
1317 1397 2118 330
1311 1342 331 2113
1306 1391 2119 329
1387 1357 332 2113
1295 1411 2121 331
1302 1385 2122 329
1301 1405 2120 330
1332 1362 330 2115
1331 1355 331 2119
1306 1385 2124 330
1430 1350 331 2120
1322 1345 330 2117
1329 1351 328 2100
1371 1360 333 2119
1297 1375 2121 331
1300 1771 2121 332
1357 1362 264 1786
1299 1407 2131 331
1324 1355 332 2118
1305 1426 2124 330
1301 1390 2119 331
1321 1341 331 2119
1304 1376 2133 331
1333 1355 331 2112
1334 1346 331 2118
1318 1452 2124 330
1352 1352 331 2118
1308 1383 2120 331
1293 1385 2126 328
1294 1374 2096 327
1297 1381 2122 330
1330 1355 332 2119
1303 1383 2122 332
1295 1370 2125 330
1337 1354 332 2118
1333 1359 331 2116
1301 1376 2119 330
1314 1343 330 2118
1336 1350 322 2040
1323 1352 333 2122
1307 1452 2120 330
1350 1369 331 2121
1461 1362 331 2114
1332 1358 331 2117
1361 1358 331 2114
1294 1452 2124 330
1289 1446 2123 330
1303 1380 2121 331
1394 1367 331 2116
1345 1359 329 2101
1397 1483 331 384
1303 1415 2122 330
1305 1399 2125 333
1309 1394 2119 330
1313 1412 2123 330
1333 1353 332 2115
1329 1341 330 2118
1328 1350 331 2114
1316 1386 2124 328
1292 1383 2120 329
1327 1355 330 2100
1311 1403 2125 330
1351 1354 331 2119
1410 1492 332 381
1389 1470 332 391
1315 1422 2122 330
1299 1492 2117 328
1334 1354 331 2116
1350 1358 325 2084
1366 1363 333 2117
1333 1359 332 2119
1305 1385 2121 329
1332 1358 332 2118
1321 1350 243 1570
1321 1345 332 2118
1327 1344 330 2117
1350 1363 331 2115
1346 1358 331 2118
1336 1366 332 2117
1326 1356 331 2113
1315 1398 2130 331
1312 1389 2123 331
1354 1338 333 2118
1368 1349 332 2116
1307 1396 2124 330
1329 1355 331 2117
1302 1410 2122 329
1345 1365 331 2117
1346 1351 332 2114
1325 1354 331 2115
1300 1468 2123 330
1303 1386 2039 317
1302 1395 2122 330
1303 1404 2097 329
1325 1364 332 2116
1354 1353 331 2117
1314 1343 334 2117
1305 1399 2122 330
1334 1358 332 2117
1300 1399 2125 331
1302 1421 2122 330
1397 1469 333 386
1326 1355 333 2117
1394 1496 331 382
1298 1391 2121 330
1319 1351 329 2098
1298 1382 2120 330
1342 1361 332 2112
1305 1383 2120 329
1346 1362 331 2115
1297 1393 1736 258
1303 1377 2125 330
1358 1365 328 2088
1307 1406 2121 330
1333 1343 331 2116
1336 1355 332 2117
1333 1348 332 2113
1341 1358 330 2113
1319 1361 328 2073
1348 1354 331 2117
1311 1356 331 2114
1313 1343 331 2114
1315 1346 331 2111
1303 1516 2119 329
1345 1350 331 2115
1373 1370 331 2108
1345 1351 331 2108
1366 1351 331 2114
1302 1396 2112 329
1300 1387 2116 330
1330 1359 331 2109
1300 1455 2120 329
1351 1357 331 2117
1290 1371 2070 323
1284 1442 2121 330
1302 1386 2120 330
1311 1394 2120 329
1349 1373 331 2112
1302 1391 2123 330
1293 1388 2118 330
1331 1359 330 2113
1339 1338 332 2112
1300 1414 2119 328
1366 1338 331 2118
1299 1377 1601 249
1310 1414 2121 330
1335 1358 330 2112
1303 1395 2115 329
1306 1381 2116 330
1305 1378 2117 329
1331 1348 324 2075
1302 1378 2121 330
1400 1382 331 2115
1339 1362 331 2114
1339 1359 330 2113
1342 1359 331 2112
1367 1365 330 2117
1306 1389 2122 329
1308 1390 2117 331
1372 1354 331 2114
1356 1358 328 2094
1304 1418 2119 329
1330 1361 331 2115
1304 1412 2116 330
1339 1359 332 2115
1324 1350 331 2115
1345 1355 331 2117
1317 1342 331 2116
1326 1351 331 2116
1351 1366 332 2105
1360 1351 331 2107
1338 1367 331 2113
1326 1351 331 2116
1359 1355 331 2109
1315 1408 2114 328
1313 1415 1669 255
1359 1366 331 2114
1304 1420 2124 329
1305 1457 2120 329
1356 1354 332 2109
1303 1386 2122 330
1318 1351 331 2116
1287 1399 2122 330
1295 1367 2117 329
1331 1355 330 2113
1331 1361 330 2116
1295 1374 2056 319
1339 1345 331 2114
1311 1429 2129 331
1353 1345 331 2115
1339 1363 330 2112
1300 1388 2115 330
1307 1407 2119 331
1345 1362 331 2114
1323 1356 333 2119
1323 1355 331 2114
1343 1354 332 2119
1315 1348 332 2113
1311 1387 2124 332
1283 1375 2117 330
1305 1482 2113 330
1383 1347 331 2105
1307 1398 2119 329
1297 1375 2116 328
1378 1352 330 2108
1372 1481 331 384
1357 1354 331 2114
1301 1383 2115 330
1357 1365 331 2111
1324 1353 332 2107
1290 1395 2097 327
1307 1387 2120 330
1322 1351 331 2108
1334 1352 330 2112
1305 1391 2117 329
1346 1349 331 2107
1330 1358 332 2107
1340 1346 331 2105
1326 1350 331 2106
1306 1471 2115 328
1372 1357 333 2114
1300 1781 2116 329
1330 1359 331 2115
1346 1359 331 2107
1311 1404 2114 328
1308 1392 2115 329
1348 1350 253 1642
1342 1358 331 2110
1292 1378 2115 330
1345 1373 326 2092
1355 1342 331 2113
1345 1359 331 2104
1302 1431 2116 329
1299 1382 1826 292
1525 1355 330 2116
1290 1387 2118 330
1339 1345 330 2106
1311 1392 2118 330
1319 1351 332 2114
1351 1356 332 2117
1333 1357 329 2114
1353 1362 331 2115
1327 1360 331 2113
1308 1483 2124 332
1356 1354 331 2114
1363 1362 332 2116
1294 1447 2118 330
1313 1387 2088 326
1346 1358 330 2115
1340 1362 330 2113
1358 1364 331 2102
1292 1367 1907 300
1407 1449 331 386
1359 1363 331 2107
1309 1403 2117 329
1363 1357 330 2116
1323 1351 271 1844
1356 1354 331 2112
1302 1418 2116 329
1302 1378 2115 330
1306 1388 2118 329
1298 1382 1948 309
1305 1392 27 29
1299 1413 2113 329
1303 1382 1980 312
1359 1354 330 2115
1345 1354 331 2112
1299 1402 2121 329
1321 1440 2116 330
1358 1364 332 2112
1335 1345 331 2112
1339 1357 331 2115
1549 1375 330 2116
1320 1357 330 2115
1333 1356 330 2111
1306 1387 2118 329
1295 1457 2118 329
1319 1348 331 2108
1355 1361 327 2083
1348 1364 330 2112
1299 1407 2115 331
1334 1353 331 2113
1359 1373 331 2114
1319 1340 331 2104
1310 1393 2115 330
1337 1370 331 2112
1309 1399 2114 329
1316 1412 2116 329
1301 1397 2117 330
1324 1353 332 2117
1351 1351 314 2006
1313 1420 2116 331
1302 1445 2114 331
1306 1389 2113 329
1383 1354 331 2113
1357 1366 330 2106
1303 1401 2115 331
1329 1343 330 2107
1301 1385 2112 328
1341 1365 329 2099
1295 1409 2114 329
1319 1412 2117 329
1311 1343 331 2108
1345 1371 332 2112
1330 1354 330 2114
1339 1358 331 2107
1339 1362 328 2080
1410 1354 331 2105
1338 1361 331 2107
1330 1358 330 2106
1415 1489 330 384
1330 1351 331 2110
1348 1354 329 2107
1299 1372 2115 328
1306 1391 2118 329
1306 1396 2116 329
1339 1363 332 2105
1330 1362 331 2107
1322 1425 2117 329
1302 1375 2116 328
1337 1365 331 2111
1343 1356 332 2115
1297 1376 2121 329
1342 1341 330 2108
1311 1434 2115 331
1340 1356 330 2110
1345 1359 331 2115
1349 1351 331 2114
1350 1361 331 2115
1326 1354 331 2116
1307 1383 2091 324
1335 1355 330 2117
1369 1357 331 2111
1300 1382 2121 329
1297 1374 2124 329
1305 1406 2121 330
1308 1423 2118 329
1349 1354 331 2115
1334 1357 330 2116
1277 1359 2122 331
1300 1405 2118 331
1362 1366 331 2114
1372 1462 332 382
1310 1487 2124 331
1347 1358 331 2109
1301 1420 2116 329
1307 1411 2120 328
1326 1352 330 2115
1316 1391 2119 330
1351 1361 331 2112
1295 1389 2119 330
1308 1406 2123 330
1364 1351 332 2108
1330 1342 330 2109
1295 1380 2113 329
1290 1375 2116 328
1307 1473 2120 330
1343 1362 331 2107
1340 1357 330 2107
1299 1385 2114 329
1318 1444 2117 329
1303 1417 2118 328
1316 1351 256 1698
1361 1389 332 2108
1377 1442 331 381
1361 1364 331 2114
1342 1362 330 2115
1322 1351 332 2115
1330 1350 331 2113
1410 1454 331 389
1307 1421 2112 330
1351 1359 330 2105
1297 1386 2114 328
1302 1413 2122 329
1323 1350 331 2103
1305 1480 2117 328
1378 1356 331 2101
1306 1393 2118 330
1326 1354 332 2114
1309 1385 2109 329
1301 1399 2112 328
1340 1364 330 2112
1339 1355 329 2105
1301 1396 2114 331
1301 1383 2121 332
1312 1390 2114 329
1314 1422 2117 329
1301 1411 2116 329
1337 1361 332 2107
1326 1364 333 2107
1303 1438 2117 329
1303 1466 2115 329
1316 1393 2117 330
1306 1387 2120 331
1355 1357 331 2108
1354 1376 332 2111
1304 1384 2117 330
1311 1373 331 386
1319 1341 331 2111
1281 1375 2114 330
1415 1354 331 2113
1299 1372 2116 330
1311 1386 2114 330
1288 1407 2107 327
1311 1433 2120 329
1309 1435 2119 328
1332 1359 272 1860
1351 1347 331 2116
1304 1382 2091 328
1354 1359 331 2110
1321 1342 330 2108
1303 1476 2115 330
1323 1356 331 2114
1311 1405 2119 329
1369 1362 332 2109
1298 1390 2116 329
1297 1429 2114 330
1310 1382 2115 329
1303 1397 2118 328
1312 1388 2115 328
1335 1351 331 2107
1368 1359 330 2105
1304 1388 2117 330
1334 1361 331 2109
1294 1429 2119 329
1330 1357 330 2106
1287 1369 2114 330
1323 1348 331 2112
1310 1388 2118 330
1297 1379 2113 329
1309 1415 2113 328
1370 1354 331 2104
1356 1432 328 382
1317 1430 2117 328
1387 1358 331 2101
1299 1392 2031 317
1307 1385 2114 328
1295 1367 2116 328
1303 1386 2116 330
1311 1399 2112 328
1325 1353 283 1953
1339 1350 331 2104
1303 1384 2116 329
1301 1426 2118 330
1331 1356 332 2117
1303 1388 2117 328
1331 1347 329 2095
1322 1348 330 2115
1331 1361 331 2109
1326 1354 330 2109
1290 1412 2114 330
1295 1377 2113 329
1326 1359 330 2110
1303 1379 2115 328
1331 1351 330 2109
1330 1351 330 2114
1374 1449 331 387
1369 1361 331 2104
1307 1384 2109 328
1338 1344 332 2105
1286 1362 2112 328
1286 1365 2115 330
1304 1381 2118 330
1303 1381 2118 330
1403 1366 330 2116
1402 1355 331 2110
1329 1350 331 2109
1304 1386 2112 329
1305 1383 2119 330
1295 1382 1525 245
1299 1389 2119 330
1355 1362 331 2113
1333 1351 332 2112
1323 1348 331 2102
1305 1411 2113 330
1290 1364 2118 331
1301 1414 2120 331
1303 1412 1648 252
1349 1365 329 2101
1332 1358 328 2099
1314 1555 2112 329
1337 1365 331 2099
1311 1387 2117 329
1301 1400 2111 327
1307 1382 2111 327
1343 1353 332 2101
1305 1410 2108 328
1339 1359 332 2102
1291 1381 1915 303
1319 1349 331 2102
1345 1349 332 2104
1380 1453 331 387
1347 1370 331 2113
1357 1354 331 2105
1302 1398 2115 329
1353 1356 331 2106
1287 1375 2113 329
1369 1362 332 2096
1332 1359 328 2097
1303 1397 2111 328
1390 1365 331 2101
1421 1362 331 2113
1351 1361 330 2111
1303 1389 2109 329
1298 1400 2115 331
1323 1341 330 2101
1348 1355 332 2102
1306 1396 2113 330
1350 1359 332 2101
1311 1343 325 2091
1347 1363 330 2097
1334 1351 328 2090
1307 1407 2116 328
1327 1360 331 2108
1309 1406 2111 329
1298 1377 2111 329
1306 1397 2114 329
1303 1415 2113 328
1333 1359 329 2099
1342 1365 330 2102
1302 1382 2079 325
1341 1359 332 2103
1303 1394 2112 328
1357 1364 329 2100
1331 1354 250 1631
1303 1389 2111 328
1305 1386 2118 328
1295 1388 2116 328
1299 1403 2117 328
1373 1357 331 2107
1299 1402 2114 329
1303 1381 2115 328
1338 1362 332 2106
1339 1365 331 2104
1298 1399 2114 329
1303 1390 2111 328
1295 1380 2114 328
1292 1380 2109 329
1382 1431 323 380
1327 1358 331 2109
1317 1407 2114 328
1320 1397 2114 330
1288 1367 2117 328
1349 1344 332 2103
1349 1358 330 2108
1348 1354 30 27
1343 1357 331 2098
1335 1356 330 2108
1303 1378 2115 328
1304 1401 2110 329
1347 1358 331 2098
1349 1356 331 2103
1340 1350 330 2098
1337 1366 328 2101
1357 1362 331 2103
1302 1384 2113 329
1327 1350 330 2101
1310 1397 2108 329
1341 1362 321 2042
1328 1346 330 2097
1401 1362 329 2100
1303 1399 2112 329
1306 1386 2112 330
1335 1352 330 2110
1298 1438 2114 329
1330 1354 322 2051
1317 1392 1940 304
1358 1361 331 2110
1310 1431 2114 329
1341 1361 332 2112
1325 1351 330 2110
1347 1344 332 2117
1303 1378 2095 328
1341 1366 331 2112
1292 1374 2102 328
1337 1354 331 2105
1391 1486 331 383
1388 1355 332 2112
1292 1386 2119 329
1307 1386 2117 330
1346 1359 330 2104
1317 1342 330 2102
1374 1429 331 386
1339 1394 328 393
1333 1343 332 2115
1410 1519 328 383
1305 1376 2116 330
1341 1352 330 2103
1295 1376 1824 291
1302 1399 2115 330
1309 1409 2115 328
1331 1352 331 2111
1296 1479 2117 330
1342 1357 332 2099
1363 1358 331 2104
1317 1358 330 2110
1301 1401 2115 328
1359 1371 332 2109
1317 1344 331 2108
1327 1355 331 2111
1337 1366 330 2107
1311 1413 2112 328
1311 1397 2113 328
1333 1355 332 2115
1309 1406 2121 329
1325 1341 331 2106
1310 1418 2113 328
1304 1418 2113 329
1354 1358 331 2116
1344 1372 333 2112
1307 1478 2118 329
1306 1434 2116 329
1305 1413 2115 330
1306 1404 2111 329
1299 1390 2116 328
1322 1353 332 2113
1343 1354 331 2117
1294 1388 2118 329
1300 1380 1962 311
1479 1356 326 2068
1352 1361 321 2039
1430 1349 329 2103
1336 1358 330 2103
1343 1359 330 2105
1300 1383 2093 327
1360 1374 332 2115
1345 1351 331 2100
1331 1354 331 2115
1333 1358 331 2104
1333 1361 330 2112
1307 1401 2113 330
1329 1361 330 2102
1334 1354 325 2055
1303 1383 2115 328
1355 1361 331 2102
1338 1372 329 2099
1367 1351 331 2100
1316 1339 329 2102
1366 1446 327 388
1345 1359 327 2098
1304 1815 2115 330
1290 1372 2112 329
1307 1394 2115 329
1302 1365 2105 329
1349 1365 332 2108
1287 1406 2112 328
1295 1376 2113 329
1307 1386 2114 329
1302 1408 2116 329
1333 1347 332 2112
1303 1398 2111 328
1313 1383 2116 331
1307 1390 2116 328
1339 1361 331 2110
1304 1394 2113 327
1364 1358 331 2115
1299 1404 2116 328
1351 1366 330 2104
1330 1354 330 2107
1333 1357 331 2103
1340 1362 331 2101
1303 1391 2113 328
1359 1367 332 2108
1303 1436 2114 330
1346 1355 330 2104
1340 1353 330 2102
1305 1398 2114 330
1328 1351 331 2104
1323 1351 331 2108
1302 1385 2114 329
1306 1381 2117 329
1327 1353 332 2108
1314 1394 2116 329
1301 1379 2116 330
1333 1351 332 2113
1319 1421 2114 330
1308 1608 2115 330
1336 1343 331 2105
1311 1395 2114 329
1315 1423 2116 329
1341 1355 330 2111
1332 1361 331 2113
1352 1369 331 2107
1339 1367 311 1956
1385 1352 332 2111
1348 1357 331 2107
1366 1348 330 2107
1304 1379 2117 329
1312 1381 2113 330
1313 1432 2111 330
1305 1399 2114 329
1301 1397 2112 328
1349 1359 331 2103
1466 1342 331 2103
1307 1386 2109 328
1333 1359 330 2103
1298 1386 2113 328
1322 1354 331 2105
1297 1404 2112 329
1319 1398 2117 330
1324 1356 332 2109
1311 1401 2113 330
1297 1452 2113 329
1327 1357 325 2076
1456 1350 331 2103
1308 1349 330 2099
1288 1404 2113 329
1357 1343 328 2103
1307 1407 2119 329
1331 1356 330 2099
1316 1399 2104 328
1426 1513 330 381
1363 1358 331 2098
1333 1352 330 2101
1330 1354 329 2105
1325 1350 330 2107
1305 1407 2119 329
1306 1382 2033 318
1310 1409 2114 330
1297 1408 2115 329
1348 1351 332 2115
1317 1339 332 2115
1311 1400 2123 330
1348 1365 332 2105
1334 1351 330 2114
1301 1393 2113 329
1321 1362 330 398
1337 1361 331 2115
1310 1386 2115 330
1345 1359 332 2115
1310 1418 2117 331
1295 1383 2114 328
1300 1531 2117 330
1335 1356 332 2110
1301 1417 2120 330
1305 1390 2116 328
1292 1365 2116 329
1313 1346 332 2113
1341 1357 331 2113
1332 1359 331 2114
1310 1383 2118 330
1336 1361 332 2113
1307 1386 2116 330
1349 1359 331 2115
1311 1389 2115 330
1323 1351 332 2112
1303 1386 2117 330
1430 1691 330 383
1311 1415 2117 330
1301 1390 2120 330
1297 1376 2122 331
1345 1356 331 2118
1330 1357 332 2122
1335 1357 331 2116
1327 1347 332 2117
1304 1376 2120 329
1300 1394 2127 331
1313 1422 2121 331
1301 1418 2122 331
1361 1377 332 2118
1296 1385 2118 330
1306 1402 2118 330
1299 1411 1974 312
1300 1382 2123 330
1329 1352 331 2117
1304 1417 2120 331
1300 1430 2121 330
1300 1399 2124 332
1308 1449 2122 330
1305 1393 2122 330
1346 1357 332 2117
1325 1358 331 2112
1318 1419 2120 330
1311 1398 2123 330
1698 1354 331 2113
1408 1349 330 2112
1392 1357 319 2030
1322 1353 331 2113
1346 1345 328 2106
1304 1404 2128 332
1350 1357 329 2101
1336 1363 331 2118
1303 1391 2125 331
1302 1402 2119 331
1332 1357 333 2114
1294 1485 2121 331
1307 1386 2120 330
1389 1370 330 2117
1318 1348 331 2118
1370 1362 332 2117
1310 1341 332 2116
1368 1371 280 1904
1327 1355 331 2119
1298 1372 2124 332
1358 1363 331 2115
1347 1363 332 2116
1329 1354 332 2116
1298 1381 2128 332
1302 1433 2129 331
1366 1446 332 385
1291 1362 2130 332
1319 1348 331 2118
1318 1412 2132 334
1297 1390 2130 332
1357 1359 332 2119
1327 1356 329 2100
1332 1361 332 2120
1316 1426 2129 331
1334 1352 331 2120
1319 1349 332 2121
1370 1353 330 2116
1330 1354 331 2121
1307 1383 2128 330
1328 1349 332 2121
1339 1350 331 2120
1319 1351 331 2120
1320 1349 329 2122
1297 1378 2126 333
1294 1387 2132 334
1302 1383 2128 332
1293 1389 2132 331
1306 1410 2129 330
1331 1359 332 2123
1351 1349 332 2120
1346 1353 332 2117
1364 1362 333 2117
1398 1359 329 2121
1398 1373 331 2117
1306 1396 2126 330
1335 1351 331 2119
1335 1363 329 2120
1372 1357 332 2118
1332 1364 331 2116
1310 1386 2123 329
1508 1457 331 394
1328 1353 330 2117
1492 1368 331 2118
1303 1376 2121 328
1306 1414 2121 330
1301 1391 2124 332
1299 1385 2126 332
1313 1387 2126 331
1307 1413 2129 332
1279 1361 2123 330
1300 1401 2126 331
1353 1371 331 2117
1338 1355 332 2116
1311 1384 2125 330
1324 1355 331 2119
1338 1357 332 2121
1322 1356 332 2121
1343 1359 333 2120
1317 1348 332 2117
1317 1340 331 2120
1338 1355 312 2004
1342 1365 331 2119
1416 1495 333 388
1307 1391 2126 331
1341 1358 281 1907
1304 1388 2132 331
1404 1369 332 2120
1297 1406 2128 332
1361 1352 332 2121
1350 1376 318 2010
1307 1389 2136 334
1367 1364 332 2125
1293 1382 2132 331
1299 1377 2128 332
1390 1470 332 386
1303 1380 2126 332
1318 1350 332 2121
1334 1354 333 2122
1306 1408 2131 330
1383 1353 331 2127
1323 1357 332 2124
1314 1393 2134 333
1338 1350 331 2123
1318 1341 333 2129
1328 1354 332 2126
1300 1374 2130 332
1303 1409 2131 332
1339 1357 333 2119
1314 1348 331 2123
1334 1358 333 2121
1299 1389 2129 330
1308 1412 2129 331
1309 1395 2126 332
1334 1361 333 2119
1356 1353 333 2124
1304 1377 2133 333
1301 1397 2127 332
1351 1349 332 2119
1310 1409 2127 331
1345 1354 330 2121
1483 1344 332 2123
1366 1356 330 2118
1329 1350 331 2123
1301 1398 2124 331
1303 1447 2126 331
1331 1343 332 2120
1355 1354 334 2121
1306 1387 2123 331
1319 1349 331 2120
1326 1348 332 2120
1301 1434 2126 331
1385 1363 331 2118
1332 1350 332 2123
1333 1356 333 2120
1332 1349 333 2119
1332 1350 333 2120
1333 1357 332 2116
1310 1399 2126 330
1323 1349 330 2119
1337 1362 331 2123
1309 1421 2131 331
1324 1351 333 2126
1306 1398 2130 332
1359 1362 332 2122
1341 1351 331 2119
1421 1359 333 2117
1297 1378 2129 332
1313 1394 2128 330
1346 1358 331 2123
1335 1364 332 2120
1343 1357 329 2117
1316 1416 2133 331
1340 1354 333 2120
1301 1399 2125 331
1307 1436 2133 331
1313 1412 2125 331
1305 1396 2130 331
1313 1396 2131 331
1335 1363 314 2004
1333 1359 332 2123
1302 1373 2125 331
1317 1403 2125 332
1298 1378 2125 331
1331 1363 332 2119
1342 1362 330 2120
1330 1351 331 2117
1407 1455 332 393
1324 1353 331 2120
1294 1404 2129 332
1309 1381 2136 331
1342 1363 332 2125
1318 1339 332 2128
1396 1453 332 390
1301 1450 2131 333
1327 1352 333 2124
1314 1411 2135 332
1301 1383 2084 324
1299 1384 2136 332
1344 1355 331 2116
1339 1351 333 2125
1325 1358 332 2124
1346 1358 333 2121
1313 1413 2067 323
1325 1357 335 2128
1314 1343 334 2126
1320 1350 332 2120
1314 1346 332 2122
1301 1398 2128 332
1344 1361 332 2122
1311 1396 2131 331
1303 1391 2129 330
1337 1337 332 2124
1317 1391 2129 332
1365 1357 331 2119
1314 1346 333 2118
1337 1359 334 2122
1327 1351 332 2122
1350 1364 331 2124
1293 1438 2132 332
1307 1411 2133 331
1300 1368 2135 333
1302 1404 2133 331
1314 1353 334 2126
1285 1466 2133 333
1337 1356 332 2123
1303 1417 2132 333
1307 1388 2127 330
1385 1478 332 388
1352 1344 333 2120
1313 1415 2132 332
1355 1369 333 2123
1528 1361 331 2115
1293 1397 2131 331
1393 1365 332 2118
1330 1351 331 2120
1307 1408 2132 332
1323 1405 2119 330
1292 1390 2131 331
1303 1397 2134 332
1328 1355 333 2124
1335 1362 335 2130
1293 1516 2135 334
1327 1356 205 1452
1323 1353 331 2121
1334 1358 324 2065
1344 1361 332 2120
1332 1358 331 2121
1357 1357 333 2126
1302 1376 2135 332
1348 1357 332 2122
1301 1384 2127 330
1331 1361 331 2122
1351 1337 332 2123
1397 1363 327 2095
1335 1362 331 2119
1322 1363 330 2120
1376 1365 331 2124
1329 1354 331 2124
1403 1351 332 2123
1308 1396 2131 332
1308 1418 2097 328
1288 1406 2133 331
1339 1367 333 2123
1370 1356 329 2101
1314 1578 2129 332
1293 1585 2132 333
1327 1371 330 2123
1310 1391 2131 333
1338 1364 332 2126
1316 1418 2130 332
1344 1354 333 2122
1345 1348 331 2119
1317 1350 331 2122
1413 1353 333 2122
1342 1358 331 2123
1331 1357 332 2123
1326 1354 333 2126
1335 1342 335 2124
1349 1356 335 2127
1341 1390 332 2128
1349 1345 331 2123
1303 1383 2136 334
1316 1402 2134 333
1318 1339 332 2123
1380 1358 333 2126
1358 1353 330 2124
1306 1424 2137 334
1352 1359 331 2125
1342 1358 332 2126
1337 1365 332 2126
1346 1359 332 2124
1377 1357 333 2123
1307 1378 2133 332
1309 1404 2133 332
1311 1393 1930 306
1306 1384 2132 332
1396 1351 332 2124
1335 1358 332 2124
1303 1390 2126 330
1365 1359 318 2027
1316 1343 330 2123
1301 1406 2131 333
1317 1346 331 2121
1297 1399 2135 333
1305 1471 2128 331
1332 1349 332 2123
1343 1350 332 2122
1333 1355 331 2123
1348 1367 331 2119
1339 1365 331 2124
1351 1361 333 2125
1303 1400 2129 332
1347 1356 333 2126
1304 1440 2129 332
1302 1378 2134 333
1340 1353 332 2124
1331 1344 332 2123
1392 1357 331 2122
1319 1345 332 2125
1333 1354 332 2125
1454 1443 331 396
1339 1347 334 2123
1303 1450 2135 333
1335 1365 332 2124
1325 1398 2137 333
1302 1405 2130 331
1348 1376 333 2123
1335 1346 331 2121
1404 1362 329 2123
1324 1349 331 2125
1306 1386 2133 332
1303 1377 2133 332
1315 1498 2129 331
1331 1356 331 2123
1310 1474 2135 332
1313 1410 2131 331
1340 1354 332 2127
1337 1350 333 2124
1356 1375 332 2126
1359 1358 253 1639
1347 1359 334 2124
1305 1415 1894 299
1419 1355 331 2125
1290 1363 2130 331
1306 1583 2119 331
1448 1359 331 2123
1352 1353 331 2121
1365 1353 253 1641
1288 1378 2137 335
1357 1357 332 2120
1327 1357 331 2124
1321 1352 333 2124
1323 1350 332 2124
1316 1344 332 2124
1418 1354 332 2126
1327 1350 335 2128
1306 1387 2138 335
1346 1360 333 2126
1303 1380 2134 333
1334 1350 332 2129
1340 1359 333 2121
1341 1358 332 2123
1299 1375 2136 335
1331 1356 331 2125
1339 1357 335 2125
1347 1364 332 2125
1394 1364 331 2127
1307 1383 2131 333
1461 1437 331 391
1309 1397 2129 331
1312 1402 2130 329
1306 1400 2133 333
1308 1412 2131 332
1298 1386 2134 332
1480 1395 284 373
1334 1358 332 2131
1338 1361 330 2125
1312 1416 2132 333
1378 1435 331 389
1308 1406 2134 335
1345 1356 332 2127
1308 1340 332 2123
1299 1396 2135 334
1305 1386 2141 335
1347 1357 332 2129
1340 1357 331 2127
1322 1353 332 2126
1497 1351 281 1943
1298 1374 2142 332
1302 1394 2126 329
1311 1408 2019 315
1309 1406 2137 332
1302 1391 2135 334
1478 1359 334 2125
1293 1390 2136 333
1309 1390 2138 333
1312 1427 2132 334
1306 1470 2137 333
1348 1357 333 2128
1355 1363 333 2126
1303 1386 2135 333
1323 1348 332 2126
1398 1456 333 392
1302 1394 2137 334
1294 1364 2136 332
1335 1351 334 2127
1341 1356 332 2129
1312 1388 2142 334
1327 1347 335 2126
1364 1438 334 387
1371 1359 335 2126
1333 1335 334 2128
1374 1361 336 2124
1315 1344 249 1631
1349 1342 332 2129
1309 1414 2134 334
1302 1410 2137 332
1300 1391 2135 332
1296 1402 2140 335
1311 1409 2138 334
1339 1357 331 2125
1330 1357 332 2129
1294 1374 2131 332
1299 1389 2139 332
1325 1354 335 2129
1354 1370 332 2123
1363 1359 331 2124
1374 1364 335 2130
1304 1391 2137 333
1304 1500 2139 332
1304 1398 2138 335
1322 1350 333 2127
1327 1356 336 2131
1349 1355 333 2130
1338 1361 335 2132
1319 1349 335 2133
1338 1351 333 2125
1351 1350 335 2127
1300 1407 2141 333
1307 1402 2141 331
1334 1353 335 2131
1379 1350 335 2126
1325 1354 334 2123
1298 1375 2136 331
1306 1412 2136 331
1301 1374 2136 335
1370 1462 334 388
1372 1349 334 2127
1350 1353 334 2124
1304 1386 2133 334
1309 1396 2133 332
1305 1387 2137 333
1300 1414 2136 333
1356 1354 332 2131
1293 1410 2139 333
1331 1351 332 2133
1303 1399 2144 334
1340 1359 333 2129
1299 1376 2129 332
1333 1355 334 2132
1299 1382 2138 335
1308 1414 2143 335
1383 1358 333 2127
1352 1357 335 2128
1401 1359 335 2132
1298 1469 2137 332
1303 1396 2146 333
1327 1349 333 2132
1359 1355 334 2133
1389 1362 334 2134
1445 1628 335 382
1347 1362 334 2132
1396 1362 334 2132
1364 1439 335 386
1295 1385 2137 334
1287 1372 2137 334
1329 1358 333 2131
1341 1356 334 2129
1319 1399 2137 334
1382 1359 335 2134
1301 1447 2141 334
1315 1391 2142 333
1330 1353 335 2133
1336 1362 335 2135
1293 1372 2144 336
1334 1356 335 2132
1331 1350 335 2132
1321 1352 332 2129
1300 1386 2144 334
1321 1346 335 2131
1358 1352 335 2133
1355 1359 335 2128
1323 1348 334 2128
1336 1363 287 1970
1379 1354 336 2133
1332 1354 334 2131
1303 1383 2138 333
1305 1391 2140 333
1319 1349 333 2126
1296 1381 2142 333
1303 1390 2135 333
1346 1353 335 2131
1307 1408 2141 335
1312 1389 2141 335
1330 1351 332 2133
1342 1364 314 2004
1304 1394 2138 333
1296 1402 2138 334
1309 1395 2061 321
1315 1412 2138 335
1310 1397 2147 333
1391 1348 336 2133
1301 1376 2140 334
1300 1455 2136 333
1318 1409 1788 261
1297 1377 2146 334
1304 1397 2139 335
1322 1350 335 2132
1307 1389 2142 336
1350 1359 333 2133
1318 1507 2145 335
1407 1358 335 2136
1300 1381 2143 334
1297 1451 2143 333
1307 1383 2145 332
1377 1589 332 385
1288 1362 2143 335
1287 1362 2143 335
1345 1353 335 2133
1307 1382 2144 334
1324 1352 329 2100
1300 1386 2144 334
1332 1352 334 2135
1303 1374 2143 334
1300 1388 2144 335
1303 1395 2147 336
1335 1348 334 2134
1316 1389 2142 333
1381 1352 334 2131
1318 1421 2141 332
1303 1380 2144 334
1331 1355 333 2136
1341 1367 333 2134
1384 1362 335 2135
1418 1365 335 2138
1369 1361 334 2130
1387 1354 333 2131
1394 1348 333 2132
1293 1380 2145 333
1335 1359 334 2130
1372 1359 335 2131
1303 1419 2136 333
1354 1371 332 2125
1331 1359 335 2131
1321 1344 334 2130
1404 1339 334 2134
1337 1357 331 2132
1333 1354 334 2134
1340 1366 330 2106
1330 1356 335 2134
1314 1399 2141 334
1303 1395 2140 333
1327 1354 334 2133
1311 1391 2127 328
1346 1358 334 2135
1342 1364 333 2126
1373 1371 334 2134
1334 1357 335 2130
1306 1393 2143 335
1290 1383 2142 334
1298 1405 2138 334
1335 1359 335 2133
1324 1354 334 2136
1327 1351 334 2132
1339 1360 333 2137
1327 1357 334 2133
1298 1376 2140 333
1307 1398 2145 335
1320 1429 2144 332
1299 1373 2144 334
1299 1375 2146 334
1301 1401 2132 332
1315 1406 2141 334
1353 1356 332 2131
1362 1369 335 2133
1335 1363 334 2136
1325 1349 334 2138
1339 1355 332 2133
1328 1355 334 2127
1284 1362 2140 334
1353 1371 333 2129
1409 1455 333 392
1331 1353 316 2024
1342 1551 332 357
1337 1352 331 2130
1337 1354 335 2128
1298 1413 2141 334
1363 1353 332 2137
1342 1344 333 2136
1351 1368 335 2130
1307 1408 2139 333
1302 1437 2140 333
1337 1356 334 2133
1310 1426 2144 335
1290 1386 2142 334
1310 1343 335 2134
1352 1363 335 2130
1301 1376 2141 334
1391 1499 333 386
1356 1375 337 2145
1334 1349 334 2128
1342 1362 334 2132
1324 1349 335 2132
1458 1429 335 399
1303 1374 2145 332
1303 1397 2136 334
1335 1362 333 2130
1304 1402 2137 332
1391 1494 332 389
1371 1354 333 2128
1307 1383 2139 333
1355 1362 333 2132
1328 1353 332 2129
1343 1356 332 2128
1303 1397 2141 335
1334 1357 333 2129
1327 1352 335 2130
1303 1382 2139 332
1302 1410 2129 331
1346 1360 335 2129
1345 1358 334 2136
1333 1357 335 2133
1302 1400 2142 334
1299 1404 2137 333
1382 1364 334 2131
1362 1358 333 2132
1341 1361 332 2133
1360 1367 333 2127
1305 1400 2143 333
1294 1373 2142 333
1319 1409 2138 333
1300 1388 2141 333
1334 1361 334 2131
1301 1404 2138 334
1290 1389 2143 336
1354 1356 332 2132
1295 1385 2146 335
1359 1344 334 2129
1335 1359 332 2135
1295 1742 2143 331
1340 1352 334 2136
1306 1381 2145 334
1356 1361 335 2136
1289 1393 2143 334
1361 1370 323 2069
1301 1580 2142 334
1343 1362 335 2131
1316 1391 2141 334
1331 1348 336 2136
1322 1353 335 2131
1389 1349 333 2133
1316 1343 333 2130
1327 1338 336 2135
1322 1351 334 2134
1281 1369 2137 333
1298 1373 2138 333
1307 1383 2144 332
1321 1387 2138 332
1433 1350 332 2130
1300 1382 2128 331
1319 1351 270 1844
1303 1381 2138 334
1319 1349 334 2127
1336 1357 331 2128
1309 1390 2142 333
1299 1384 2138 334
1379 1359 333 2134
1338 1359 333 2135
1311 1396 2144 334
1298 1391 1831 294
1350 1366 334 2133
1500 1359 333 2137
1351 1358 333 2131
1331 1354 334 2132
1358 1354 334 2135
1331 1342 332 2133
1339 1351 333 2133
1341 1364 333 2131
1321 1348 336 2131
1331 1349 334 2134
1331 1355 332 2128
1386 1364 333 2131
1299 1550 2137 333
1363 1358 335 2130
1335 1353 334 2133
1308 1429 2139 333
1295 1375 2138 333
1307 1390 2139 332
1388 1363 334 2131
1336 1359 333 2131
1303 1377 2141 334
1317 1408 1950 305
1311 1389 2137 334
1329 1356 334 2129
1325 1350 332 2129
1305 1389 2138 333
1341 1358 331 2129
1325 1346 335 2130
1337 1352 254 1684
1315 1610 2138 332
1303 1394 2135 334
1315 1342 334 2127
1335 1361 333 2126
1299 1378 2141 333
1292 1367 2136 333
1307 1409 2135 334
1338 1354 333 2131
1379 1351 335 2129
1343 1363 334 2133
1328 1348 333 2133
1326 1354 334 2129
1337 1356 333 2134
1341 1359 330 2120
1317 1393 2141 333
1357 1361 335 2136
1298 1398 2141 334
1338 1351 333 2130
1326 1352 336 2135
1310 1403 2144 332
1302 1373 2144 335
1295 1382 2146 334
1311 1450 2144 334
1369 1366 333 2136
1302 1396 2143 333
1292 1375 2143 334
1318 1428 2139 334
1359 1356 332 2128
1305 1380 2139 333
1299 1414 2144 332
1296 1370 2145 335
1303 1374 2141 334
1322 1346 334 2134
1330 1354 332 2135
1334 1355 334 2134
1299 1389 2139 333
1291 1396 2138 332
1330 1354 332 2131
1307 1395 2137 334
1336 1362 332 2131
1331 1359 334 2133
1346 1355 334 2134
1299 1383 2141 333
1305 1386 2145 333
1306 1387 2147 332
1292 1394 2138 334
1344 1367 334 2133
1375 1475 334 387
1311 1399 2141 332
1299 1404 2136 333
1299 1381 2139 331
1325 1348 332 2127
1303 1410 2141 333
1306 1388 2144 332
1326 1346 333 2136
1344 1359 335 2135
1299 1411 2143 331
1322 1340 334 2137
1304 1386 2144 334
1305 1419 2147 333
1341 1355 280 1906
1332 1346 334 2137
1383 1346 333 2136
1342 1367 333 2140
1348 1361 336 2139
1304 1390 2145 333
1323 1346 334 2140
1337 1356 330 2126
1322 1345 334 2138
1303 1386 2140 332
1337 1351 334 2135
1335 1354 335 2133
1350 1369 334 2135
1318 1403 2144 334
1352 1353 334 2141
1300 1374 2148 336
1307 1383 2145 334
1335 1354 332 2136
1354 1355 332 2135
1303 1522 2147 333
1302 1391 1819 264
1308 1431 2151 335
1354 1354 335 2146
1327 1356 337 2145
1340 1357 335 2136
1331 1360 335 2136
1303 1383 2148 333
1294 1385 2149 333
1301 1471 2148 333
1322 1394 2148 333
1317 1420 1992 316
1346 1363 334 2137
1337 1367 333 2135
1298 1376 2147 333
1307 1417 2054 319
1330 1354 334 2140
1345 1353 335 2136
1337 1351 332 2135
1295 1404 2145 332
1299 1476 2142 333
1335 1355 334 2133
1310 1396 2137 332
1373 1364 333 2133
1289 1374 2147 334
1346 1357 335 2136
1323 1349 334 2134
1312 1428 2149 335
1418 1364 334 2140
1313 1383 2143 334
1347 1358 332 2126
1315 1417 2143 332
1361 1363 334 2136
1306 1484 2144 333
1294 1377 2141 333
1338 1357 270 1834
1324 1350 271 1857
1302 1436 2145 334
1286 1359 2144 334
1307 1426 2148 335
1307 1380 2150 334
1432 1526 335 393
1336 1365 334 2135
1371 1356 332 2128
1303 1679 2142 334
1331 1352 332 2132
1325 1352 333 2137
1304 1404 2143 333
1331 1344 335 2136
1355 1365 334 2133
1333 1354 335 2136
1297 1381 2143 333
1307 1385 2145 333
1299 1379 2144 333
1303 1397 2141 335
1328 1357 336 2136
1289 1378 2141 334
1333 1361 332 2122
1298 1380 2148 335
1303 1377 2145 334
1341 1355 336 2137
1325 1355 337 2140
1351 1365 327 2094
1301 1374 2149 334
1335 1363 328 2100
1354 1357 333 2142
1307 1394 2150 335
1311 1455 2143 334
1330 1354 334 2137
1302 1377 2148 335
1369 1354 334 2137
1358 1359 334 2141
1300 1382 2146 333
1354 1362 333 2141
1338 1359 334 2142
1320 1399 2149 334
1327 1351 334 2141
1302 1417 2152 333
1314 1412 2152 335
1346 1353 335 2139
1303 1414 2146 334
1326 1356 334 2136
1296 1381 2145 334
1303 1403 2139 334
1305 1424 2145 333
1337 1362 333 2135
1350 1346 324 2086
1298 1391 2150 334
1306 1399 2091 324
1299 1398 2144 334
1292 1382 2146 334
1295 1395 2103 326
1306 1386 1988 313
1400 1353 336 2141
1301 1396 2147 334
1332 1359 336 2141
1354 1361 335 2139
1297 1390 2144 334
1303 1385 2150 335
1339 1386 334 2138
1336 1350 332 2135
1291 1374 2146 334
1348 1359 336 2142
1373 1355 335 2133
1327 1359 333 2139
1309 1343 335 2136
1348 1359 334 2138
1305 1394 2146 333
1322 1346 336 2140
1389 1354 335 2138
1330 1348 333 2136
1300 1378 2150 333
1318 1345 336 2141
1316 1393 2145 334
1321 1348 335 2137
1358 1367 332 2141
1323 1357 333 2137
1311 1387 2146 333
1324 1354 333 2138
1370 1380 335 2136
1359 1364 334 2141
1311 1442 2145 333
1307 1396 2149 334
1354 1359 335 2135
1337 1361 334 2137
1338 1356 332 2139
1323 1480 2145 333
1301 1413 2145 333
1298 1388 2151 333
1496 1349 334 2140
1387 1451 332 392
1290 1362 2120 329
1361 1355 334 2144
1331 1358 336 2140
1345 1353 335 2138
1374 1454 336 388
1340 1348 336 2140
1303 1519 2147 334
1313 1388 2155 335
1348 1373 334 2138
1329 1353 335 2140
1370 1356 335 2143
1336 1358 335 2137
1307 1387 2149 334
1417 1356 334 2135
1300 1401 2149 334
1331 1359 336 2139
1304 1414 2146 334
1355 1346 334 2139
1323 1351 335 2138
1301 1474 1893 299
1303 1386 2149 334
1309 1429 2153 333
1357 1361 334 2136
1305 1406 2150 336
1346 1353 334 2145
1323 1349 334 2136
1334 1363 335 2141
1305 1414 2145 334
1344 1363 333 2139
1369 1358 332 2131
1326 1337 334 2138
1329 1358 335 2139
1298 1389 2153 335
1335 1351 333 2141
1373 1427 335 395
1337 1358 335 2138
1304 1379 2151 335
1348 1351 207 1518
1351 1356 334 2140
1309 1512 2155 333
1327 1348 334 2143
1308 1387 2148 334
1381 1357 335 2136
1301 1381 2151 333
1309 1410 1782 261
1343 1361 334 2140
1327 1348 333 2138
1319 1352 334 2139
1298 1391 2146 334
1321 1436 2144 334
1322 1350 335 2142
1299 1377 2151 334
1316 1350 335 2144
1305 1398 2155 334
1301 1386 2154 334
1301 1376 2152 334
1294 1363 2156 334
1334 1367 335 2141
1340 1354 335 2145
1290 1399 2154 333
1312 1340 334 2152
1316 1350 336 2145
1336 1359 335 2143
1314 1344 337 2149
1340 1350 334 2141
1351 1347 335 2149
1324 1348 335 2151
1329 1346 336 2149
1330 1355 334 2151
1357 1359 335 2147
1311 1412 2156 335
1296 1467 2158 335
1301 1394 2137 331
1304 1378 2145 332
1322 1351 334 2141
1328 1350 337 2143
1295 1380 2155 333
1346 1355 335 2142
1339 1354 336 2150
1309 1442 2153 335
1459 1357 334 2141
1295 1396 2157 334
1467 1698 334 387
1426 1359 334 2143
1339 1356 334 2141
1299 1396 2150 333
1377 1566 334 382
1342 1351 333 2138
1325 1355 333 2137
1302 1389 2150 333
1291 1388 2151 333
1316 1415 2152 333
1344 1359 333 2143
1289 1361 2156 336
1303 1384 2149 334
1307 1623 2152 334
1337 1346 335 2142
1297 1373 2155 334
1350 1364 334 2141
1305 1391 2153 335
1351 1365 333 2144
1345 1358 335 2141
1302 1382 2151 334
1326 1353 334 2141
1345 1353 334 2144
1347 1350 334 2142
1301 1413 2089 323
1406 1358 334 2141
1343 1356 324 2082
1296 1391 2155 334
1310 1402 2128 329
1346 1356 335 2139
1301 1401 2152 334
1343 1355 0 2141
1309 1386 2144 332
1320 1350 257 1709
1287 1376 2146 335
1285 1389 2148 332
1301 1431 2156 333
1307 1391 2148 331
1347 1358 333 2135
1336 1364 334 2137
1300 1412 2148 333
1298 1372 2154 335
1291 1370 2153 334
1346 1356 325 2093
1328 1351 333 2142
1311 1756 2149 334
1319 1346 333 2141
1383 1358 335 2138
1381 1355 334 2138
1318 1423 2153 334
1301 1382 2151 333
1427 1588 334 383
1297 1382 2157 334
1340 1352 331 2133
1358 1359 336 2144
1381 1443 333 394
1343 1359 334 2144
1327 1355 335 2139
1339 1367 337 2143
1512 1355 333 2145
1298 1398 2152 334
1301 1423 2157 333
1330 1345 334 2143
1302 1428 1720 255
1353 1356 336 2143
1305 1405 2149 333
1306 1383 2151 333
1371 1391 334 399
1354 1361 336 2140
1308 1395 2157 333
1338 1359 335 2140
1353 1365 335 2139
1300 1375 2153 334
1335 1351 333 2138
1297 1386 2152 334
1358 1363 278 1904
1351 1354 335 2140
1368 1339 335 2139
1332 1355 335 2137
1348 1367 334 2137
1322 1355 337 2141
1304 1382 2158 332
1333 1359 335 2137
1367 1358 335 2142
1307 1386 2150 332
1339 1358 335 2143
1347 1359 334 2136
1369 1358 336 2140
1302 1398 2151 334
1355 1354 334 2138
1327 1351 332 2139
1284 1367 2153 333
1297 1408 2147 334
1339 1351 337 2140
1308 1406 2149 334
1298 1380 2155 333
1295 1371 2151 334
1307 1394 2155 334
1359 1346 334 2142
1301 1404 2156 332
1350 1354 334 2139
1308 1341 329 2124
1296 1506 2150 333
1339 1362 332 2139
1298 1402 2149 332
1302 1390 2150 334
1292 1387 2150 334
1396 1479 332 388
1303 1404 1903 299
1307 1386 2155 333
1303 1380 2153 334
1325 1354 334 2143
1297 1375 2136 331
1338 1351 334 2143
1319 1349 333 2141
1330 1359 334 2146
1305 1383 2148 334
1385 1445 334 393
1306 1419 2156 335
1341 1354 333 2131
1315 1425 2158 335
1306 1387 2156 334
1307 1383 2157 334
1337 1359 335 2141
1303 1380 2151 334
1295 1407 2155 333
1340 1351 336 2143
1352 1355 334 2136
1326 1355 333 2136
1294 1381 2161 334
1356 1352 335 2145
1306 1397 2158 334
1338 1359 335 2150
1342 1356 333 2148
1334 1353 334 2142
1372 1490 335 389
1303 1383 2151 333
1290 1375 2151 333
1382 1352 336 2146
1357 1350 334 2144
1338 1353 334 2142
1332 1355 334 2142
1302 1387 2124 329
1368 1357 336 2144
1366 1362 334 2144
1302 1380 2158 335
1327 1356 334 2146
1350 1357 336 2142
1303 1379 2151 333
1291 1375 2150 334
1328 1354 334 2142
1350 1367 335 2143
1400 1353 335 2144
1305 1385 2150 333
1306 1387 2154 334
1348 1357 334 2144
1299 1401 2150 333
1298 1391 2155 334
1295 1381 2155 333
1333 1356 333 2140
1335 1354 333 2141
1302 1377 2155 334
1296 1381 2153 333
1303 1386 2149 333
1305 1393 2147 332
1313 1388 2152 334
1306 1391 2151 333
1347 1354 333 2137
1302 1384 2150 334
1305 1399 2153 334
1399 1361 272 1858
1306 1450 2150 331
1391 1357 336 2142
1309 1389 2151 332
1314 1414 2152 333
1332 1353 334 2137
1327 1356 334 2138
1304 1407 2154 333
1335 1361 333 2136
1344 1358 334 2137
1297 1374 2151 333
1298 1373 2146 333
1389 1434 333 394
1290 1365 2158 333
1312 1406 2154 334
1322 1351 334 2143
1322 1355 335 2136
1339 1359 335 2135
1293 1441 2145 334
1299 1466 2106 326
1293 1387 2150 333
1295 1390 2155 333
1334 1350 332 2141
1301 1391 2148 334
1332 1354 333 2141
1335 1361 334 2138
1343 1355 333 2140
1368 1350 333 2139
1399 1359 334 2140
1446 1353 334 2137
1328 1352 335 2138
1300 1400 2146 332
1361 1368 334 2144
1314 1398 1705 254
1299 1383 2149 333
1356 1350 318 2047
1301 1378 2153 333
1337 1360 330 2132
1314 1415 2149 333
1362 1359 329 2125
1296 1382 2152 333
1305 1401 2134 328
1363 1356 335 2139
1308 1396 2150 332
1307 1387 2155 333
1305 1425 2152 333
1330 1351 334 2141
1303 1415 2146 335
1367 1344 327 2092
1331 1354 335 2140
1298 1421 2152 333
1289 1368 2153 333
1374 1354 333 2142
1303 1389 2154 333
1335 1357 334 2142
1346 1355 333 2144
1318 1345 334 2142
1323 1351 333 2139
1333 1357 333 2145
1344 1359 332 2140
1306 1414 2152 333
1292 1527 2147 333
1295 1373 2154 335
1298 1399 2152 333
1307 1473 2152 333
1341 1358 333 2141
1298 1389 2154 333
1346 1353 334 2140
1301 1378 2155 333
1300 1418 2155 334
1408 1418 333 398
1305 1386 2151 333
1332 1352 333 2140
1336 1346 335 2141
1302 1382 2150 334
1293 1402 2151 333
1294 1418 2156 335
1295 1397 2155 333
1303 1415 2155 333
1306 1494 2151 333
1287 1358 2154 334
1301 1376 2132 329
1303 1396 2153 333
1300 1402 2049 316
1332 1346 336 2144
1344 1473 334 381
1297 1378 2160 335
1303 1391 2149 333
1303 1391 1730 259
1300 1586 2148 332
1334 1357 333 2148
1303 1387 2159 334
1292 1385 2155 332
1305 1413 2160 335
1335 1358 334 2143
1302 1389 2150 333
1300 1382 2155 335
1329 1356 335 2139
1337 1342 334 2139
1366 1358 335 2143
1326 1355 334 2140
1366 1355 334 2143
1329 1353 334 2142
1335 1339 335 2143
1328 1342 333 2139
1359 1355 335 2139
1312 1400 2153 333
1389 1361 334 2141
1304 1377 2154 332
1306 1439 2155 334
1332 1357 335 2142
1342 1363 256 1696
1340 1356 336 2145
1331 1358 334 2145
1311 1390 2155 333
1298 1382 2158 334
1341 1355 333 2149
1327 1356 333 2147
1308 1402 2041 317
1341 1355 290 2010
1288 1366 2150 334
1291 1375 2157 333
1296 1374 2155 333
1303 1405 2153 332
1370 1350 335 2144
1344 1353 335 2141
1301 1378 2153 335
1333 1356 333 2147
1327 1354 335 2144
1335 1352 332 2141
1342 1355 334 2136
1313 1346 260 1713
1319 1414 2155 333
1366 1373 334 2142
1302 1402 2153 335
1341 1349 334 2142
1383 1373 335 2140
1392 1447 333 392
1315 1405 2151 332
1363 1359 333 2139
1303 1392 1523 243
1331 1356 334 2146
1373 1447 334 389
1309 1401 2151 334
1339 1359 334 2142
1299 1393 2154 334
1333 1357 334 2143
1298 1378 2169 337
1304 1395 2154 333
1302 1409 2153 334
1305 1398 2151 335
1301 1447 2151 335
1326 1352 334 2148
1325 1352 335 2144
1351 1347 335 2141
1301 1383 2150 334
1290 1387 2155 334
1298 1383 2154 333
1328 1355 335 2147
1294 1373 2152 334
1285 1430 2143 332
1330 1350 334 2142
1335 1361 334 2141
1303 1397 2155 334
1309 1398 2156 333
1413 1463 335 394
1453 1349 335 2140
1366 1352 334 2144
1337 1355 334 2141
1412 1439 333 392
1336 1360 334 2141
1300 1388 2153 335
1305 1394 2153 333
1304 1381 2155 333
1303 1434 2151 333
1307 1381 2149 333
1330 1351 334 2146
1283 1396 2152 334
1296 1370 2145 334
1295 1398 2149 332
1317 1350 333 2142
1325 1353 333 2140
1361 1359 336 2149
1350 1355 335 2142
1399 1381 335 410
1347 1367 336 2140
1351 1356 333 2139
1295 1386 2150 334
1357 1351 334 2141
1337 1354 333 2142
1305 1384 2154 333
1316 1355 332 2140
1346 1358 333 2141
1324 1358 334 2141
1295 1379 2153 333
1331 1344 334 2141
1343 1369 335 2137
1303 1380 2147 334
1316 1391 2150 334
1302 1381 2148 332
1367 1345 334 2138
1326 1356 335 2139
1319 1351 333 2141
1311 1444 2148 333
1335 1354 334 2142
1291 1440 2150 333
1332 1356 334 2138
1300 1371 2155 332
1289 1387 2150 332
1329 1359 334 2143
1329 1356 335 2140
1306 1481 2083 322
1403 1359 335 2140
1482 1355 334 2142
1339 1359 333 2145
1350 1349 335 2145
1327 1357 335 2135
1307 1404 2153 334
1334 1358 333 2140
1290 1375 2145 332
1337 1359 334 2135
1302 1383 2155 333
1309 1394 2147 333
1346 1366 333 2139
1284 1379 2147 333
1329 1354 333 2139
1308 1382 2150 333
1327 1351 334 2136
1300 1402 2152 333
1304 1398 2150 333
1520 1361 334 2140
1297 1508 2148 333
1345 1341 336 2138
1468 1351 335 2136
1333 1358 333 2137
1354 1358 332 2138
1403 1362 278 1905
1339 1355 333 2142
1309 1410 2148 332
1300 1409 2152 333
1316 1403 2151 334
1332 1364 332 2142
1308 1420 2149 333
1316 1401 2149 333
1330 1353 334 2141
1336 1353 335 2138
1351 1345 333 2142
1335 1371 334 2139
1322 1351 334 2141
1334 1356 324 0
1329 1351 333 2137
1321 1345 333 2139
1293 1509 2151 334
1302 1425 2147 332
1295 1417 2147 332
1301 1394 2155 332
1303 1452 2154 335
1347 1447 333 386
1375 1365 334 2140
1304 1383 2150 334
1311 1401 2153 333
1346 1370 335 2138
1380 1352 335 2139
1319 1425 2146 333
1333 1346 335 2135
1309 1410 1869 296
1352 1364 332 2139
1298 1380 2144 334
1310 1410 2145 332
1348 1358 299 2070
1301 1385 2151 333
1293 1397 2146 333
1324 1378 333 2136
1324 1349 333 2137
1335 1344 334 2140
1341 1363 334 2141
1306 1398 2156 333
1475 1359 333 2139
1322 1349 335 2141
1336 1364 335 2137
1303 1482 2143 334
1335 1358 334 2138
1306 1405 2151 332
1327 1343 334 2139
1298 1454 2146 332
1315 1343 333 2136
1412 1485 333 388
1369 1435 333 392
1347 1351 336 2140
1313 1390 2097 323
1347 1343 332 2140
1298 1380 2148 332
1297 1370 2153 332
1306 1386 2148 333
1341 1343 335 2136
1310 1426 2149 334
1303 1401 2144 332
1338 1354 335 2137
1337 1346 331 2133
1465 1358 334 2137
1362 1364 333 2139
1342 1362 333 2137
1329 1353 331 2136
1364 1356 322 2069
1300 1382 2146 332
1307 1390 2148 333
1308 1383 2154 335
1304 1396 2153 333
1316 1356 333 2136
1346 1359 284 1968
1306 1414 2147 333
1300 1376 2148 334
1334 1359 332 2135
1307 1383 1721 256
1329 1350 336 2140
1304 1382 2147 333
1353 1362 332 2135
1333 1357 30 27
1303 1406 2153 334
1358 1435 331 386
1342 1358 334 2134
1292 1372 2143 333
1321 1347 333 2137
1374 1371 332 2133
1347 1361 332 2137
1396 1359 333 2135
1288 1369 2145 333
1365 1351 329 2127
1309 1395 2144 333
1301 1522 2139 331
1292 1383 2140 332
1302 1478 2143 332
1305 1382 2140 333
1326 1352 332 2134
1306 1386 2142 331
1307 1404 2141 333
1308 1386 2140 331
1294 1382 2139 332
1319 1344 334 2136
1324 1353 332 2133
1302 1391 2142 333
1361 1350 333 2137
1310 1480 2145 331
1301 1376 2151 332
1306 1411 2141 333
1392 1359 332 2138
1297 1408 2152 332
1323 1372 333 2135
1317 1412 2142 332
1328 1364 335 2138
1330 1359 332 2133
1305 1515 2146 332
1482 1492 333 393
1298 1378 2146 332
1325 1352 332 2132
1301 1387 2140 333
1323 1349 333 2134
1332 1359 333 2138
1294 1463 2147 332
1342 1363 333 2134
1401 1462 332 392
1321 1340 333 2133
1313 1424 2148 334
1300 1374 2150 333
1303 1439 2141 333
1367 1363 332 2136
1303 1390 2122 328
1365 1349 333 2135
1336 1356 333 2136
1332 1365 332 2139
1309 1468 2143 332
1302 1422 2140 333
1311 1410 2145 332
1304 1391 2144 332
1341 1353 332 2135
1308 1393 2096 328
1297 1389 2142 330
1296 1387 2142 334
1297 1422 2141 331
1357 1349 334 2138
1309 1400 2147 332
1344 1354 332 2134
1331 1346 330 2107
1303 1422 2146 333
1333 1353 333 2134
1498 1458 333 393
1303 1407 2144 332
1297 1382 2141 332
1337 1362 333 2136
1350 1364 333 2135
1337 1357 333 2132
1299 1374 2142 332
1307 1385 2147 333
1352 1364 333 2133
1340 1354 333 2134
1298 1378 2145 333
1312 1406 2142 333
1304 1406 2148 334
1302 1387 2146 332
1335 1348 330 2125
1291 1386 2140 333
1372 1358 332 2132
1302 1386 2140 332
1353 1348 333 2134
1341 1356 332 2131
1300 1394 2138 332
1368 1355 331 2133
1423 1463 327 381
1306 1394 2137 331
1397 1362 332 2135
1291 1369 2139 331
1301 1378 2141 333
1299 1534 2096 326
1303 1399 2149 333
1338 1359 330 2111
1340 1357 335 2139
1332 1355 337 2137
1331 1355 331 2135
1327 1354 334 2135
1308 1391 2140 332
1313 1431 2142 332
1337 1365 332 2136
1364 1358 324 2084
1415 1362 332 2139
1346 1353 333 2139
1334 1354 333 2139
1336 1345 335 2137
1325 1355 333 2129
1300 1387 2145 332
1290 1369 2141 333
1342 1351 334 2136
1328 1358 332 2133
1421 1366 332 2135
1295 1597 2143 333
1294 1414 2153 331
1371 1502 335 385
1331 1356 333 2139
1309 1405 2147 333
1314 1339 334 2135
1300 1392 2141 333
1333 1354 334 2131
1328 1354 331 2135
1363 1361 334 2136
1326 1355 270 1845
1287 1370 2146 333
1294 1410 2144 332
1302 1407 2143 331
1347 1352 333 2133
1335 1350 332 2136
1303 1386 2145 332
1355 1363 332 2133
1350 1363 335 2135
1304 1415 2147 332
1307 1404 2143 331
1295 1367 1914 301
1384 1413 332 398
1299 1371 2145 334
1339 1362 332 2135
1385 1356 332 2134
1316 1403 2140 332
1301 1451 2141 332
1315 1389 2145 334
1357 1359 333 2139
1353 1364 334 2130
1406 1354 333 2136
1387 1465 333 392
1302 1540 2142 333
1348 1356 333 2136
1321 1351 333 2135
1390 1518 332 389
1312 1389 2141 332
1334 1355 332 2129
1286 1519 2136 332
1294 1399 2138 331
1306 1428 2138 332
1338 1355 332 2134
1355 1346 332 2136
1334 1359 332 2134
1301 1387 2140 331
1334 1361 332 2134
1299 1388 2135 332
1357 1351 332 2136
1314 1447 2144 333
1341 1358 332 2137
1294 1371 2141 334
1353 1364 332 2133
1301 1386 2140 332
1330 1357 332 2131
1339 1356 332 2130
1305 1410 2137 332
1277 1453 2140 330
1309 1399 2143 332
1347 1361 330 2131
1310 1474 2141 331
1327 1349 333 2134
1294 1387 2144 333
1327 1351 333 2133
1311 1417 1952 305
1324 1350 335 2137
1304 1382 2137 332
1349 1354 335 2131
1299 1379 2144 331
1334 1364 335 2134
1350 1362 333 2131
1339 1363 333 2137
1334 1347 333 2136
1335 1337 333 2136
1318 1402 2141 331
1367 1431 332 390
1303 1393 2140 332
1351 1365 332 2132
1370 1361 333 2137
1296 1386 2145 333
1348 1355 332 2134
1328 1347 290 2009
1352 1359 277 1879
1303 1523 2141 334
1312 1411 2147 333
1334 1359 331 2134
1362 1360 334 2138
1300 1411 2147 332
1302 1394 2144 333
1309 1404 2141 333
1318 1350 335 2134
1303 1377 2141 331
1291 1388 2147 333
1331 1358 287 1980
1359 1357 333 2135
1343 1350 333 2138
1308 1375 2149 332
1346 1362 332 2134
1311 1396 2140 333
1301 1387 2138 332
1365 1359 334 2134
1315 1391 2142 333
1309 1391 2144 333
1381 1365 333 2134
1354 1362 332 2137
1306 1463 1992 313
1353 1364 336 2134
1392 1449 333 393
1292 1503 2141 333
1303 1394 2129 329
1293 1370 2144 333
1318 1346 332 2137
1327 1355 334 2138
1289 1373 2146 332
1350 1356 333 2137
1333 1357 334 2133
1347 1367 318 2046
1341 1362 334 2137
1324 1352 333 2130
1327 1354 334 2132
1299 1409 2142 332
1298 1386 1981 311
1294 1371 2138 332
1300 1380 2141 331
1320 1351 333 2135
1300 1374 2141 332
1303 1401 2144 332
1328 1353 330 2130
1366 1354 332 2134
1306 1381 2142 333
1355 1359 331 2130
1344 1359 333 2133
1315 1417 2142 332
1355 1359 333 2136
1347 1347 333 2131
1327 1351 285 1971
1362 1347 333 2131
1405 1350 330 2121
1332 1357 334 2136
1305 1401 2142 331
1308 1418 2145 332
1304 1406 27 29
1337 1342 331 2135
1306 1522 2140 334
1303 1385 2145 332
1307 1389 2144 334
1355 1359 333 2135
1304 1404 2142 333
1334 1354 334 2134
1307 1455 2147 334
1323 1348 332 2136
1327 1351 331 2129
1303 1450 2148 334
1320 1340 333 2128
1308 1387 2139 332
1327 1358 333 2130
1332 1359 333 2132
1305 1379 2139 332
1330 1348 334 2133
1341 1366 333 2132
1320 1348 332 2130
1301 1385 2145 334
1300 1423 2140 332
1307 1406 2140 332
1337 1354 332 2131
1350 1355 332 2130
1296 1384 2140 332
1327 1355 335 2135
1288 1376 2141 332
1327 1345 333 2135
1297 1396 2142 333
1300 1400 2139 331
1301 1414 1953 307
1301 1390 2140 332
1425 1463 333 392
1378 1351 332 2131
1335 1359 328 2120
1300 1390 2135 332
1363 1355 332 2132
1293 1401 2140 334
1319 1351 332 2131
1299 1383 1893 298
1315 1431 2137 332
1338 1359 263 1767
1307 1542 2137 332
1297 1383 2138 330
1336 1354 332 2126
1312 1482 2140 332
1303 1393 2139 331
1330 1355 333 2132
1305 1375 2139 333
1337 1367 331 2130
1311 1469 2141 331
1301 1412 2142 332
1302 1396 2139 331
1342 1373 334 2131
1345 1348 332 2126
1346 1364 332 2132
1321 1352 331 2130
1332 1358 331 2130
1300 1487 2137 332
1301 1410 2139 332
1348 1356 331 2131
1307 1393 2026 315
1314 1546 2138 332
1302 1384 2137 332
1307 1408 2138 331
1346 1358 332 2125
1354 1355 330 2132
1362 1352 331 2131
1306 1388 2136 332
1291 1373 2134 332
1293 1373 2139 334
1358 1357 332 2128
1334 1356 330 2125
1300 1386 2137 332
1288 1399 2138 331
1363 1350 331 2122
1340 1367 331 2129
1318 1348 332 2131
1343 1360 332 2125
1294 1394 2136 332
1303 1375 2117 327
1356 1359 332 2126
1362 1360 335 2130
1350 1350 332 2128
1332 1357 334 2130
1305 1400 2137 331
1366 1362 333 2127
1481 1456 332 393
1349 1365 335 2132
1345 1362 331 2131
1376 1472 332 385
1325 1346 331 2131
1338 1350 333 2131
1337 1359 334 2133
1327 1351 333 2130
1388 1351 330 2130
1297 1389 2138 332
1300 1380 2141 333
1340 1354 333 2127
1344 1347 330 2124
1343 1362 331 2126
1349 1351 323 2081
1350 1354 331 2126
1334 1342 332 2129
1357 1357 333 2133
1399 1359 331 2130
1298 1390 2140 332
1316 1350 333 2128
1306 1394 2135 333
1318 1340 331 2126
1302 1405 2138 333
1364 1371 334 2130
1339 1362 333 2131
1307 1401 2138 332
1285 1471 2142 333
1317 1804 2137 332
1303 1562 2137 332
1305 1396 2136 330
1339 1359 332 2128
1301 1381 2134 331
1307 1386 2136 331
1340 1344 331 2125
1326 1357 331 2124
1327 1357 332 2128
1400 1356 332 2131
1330 1359 331 2128
1325 1346 270 1855
1300 1405 2138 332
1342 1353 332 2125
1301 1405 2137 333
1293 1367 2142 332
1338 1352 335 2134
1351 1363 333 2132
1323 1351 334 2131
1319 1406 2135 332
1301 1403 2138 332
1301 1460 2139 333
1306 1409 2137 335
1332 1354 332 2130
1309 1384 2139 331
1302 1396 2138 330
1329 1355 333 2131
1304 1389 2139 333
1305 1535 2140 332
1303 1379 2137 332
1338 1358 0 2131
1383 1466 331 384
1344 1359 331 2128
1301 1420 2139 333
1339 1357 263 1769
1305 1402 2139 333
1353 1354 332 2126
1309 1403 1983 311
1384 1473 331 385
1309 1433 2137 333
1346 1357 332 2126
1305 1435 2139 331
1300 1398 2133 332
1305 1416 2139 330
1302 1378 2140 332
1297 1375 2136 333
1313 1410 2139 332
1310 1394 2130 328
1354 1362 333 2129
1301 1396 2141 335
1337 1350 331 2124
1341 1361 332 2128
1310 1337 332 2126
1310 1397 2115 327
1341 1351 331 2128
1330 1358 330 2121
1332 1355 330 2126
1297 1383 2136 332
1291 1397 2134 331
1331 1356 332 2126
1395 1471 332 390
1336 1357 330 2122
1307 1406 2133 331
1305 1391 2130 330
1309 1413 2096 325
1371 1357 331 2122
1305 1445 2133 329
1300 1378 2135 330
1383 1354 332 2127
1330 1350 332 2123
1310 1381 2138 332
1318 1346 333 2125
1328 1356 333 2126
1316 1406 2139 332
1306 1415 2140 331
1332 1361 331 2126
1345 1343 332 2126
1297 1383 2138 332
1310 1397 2134 333
1297 1429 2135 331
1333 1357 333 2128
1359 1355 332 2126
1301 1468 2135 332
1343 1340 331 2127
1335 1364 332 2131
1375 1361 331 2127
1338 1364 333 2128
1323 1350 331 2127
1303 1402 2136 330
1308 1446 2136 332
1295 1373 2135 332
1349 1355 330 2125
1337 1359 332 2129
1302 1401 2134 332
1346 1364 331 2123
1340 1358 330 2125
1562 1367 331 2126
1308 1402 2134 332
1306 1431 2135 331
1366 1361 330 2125
1305 1474 2138 331
1310 1447 2136 330
1298 1382 2134 332
1304 1647 2137 332
1355 1367 334 2130
1394 1340 332 2132
1297 1390 1807 265
1408 1466 331 392
1340 1360 332 2125
1302 1410 2139 333
1363 1444 331 391
1338 1349 331 2123
1309 1424 2131 330
1301 1383 2143 331
1302 1377 2138 331
1351 1354 330 2104
1325 1354 333 2125
1341 1358 332 2127
1353 1361 334 2126
1301 1566 2141 332
1318 1343 334 2130
1309 1387 2135 331
1305 1404 2134 330
1335 1360 331 2128
1332 1358 284 1966
1349 1346 331 2125
1341 1362 330 2130
1311 1391 2135 333
1444 1520 335 387
1288 1365 2137 333
1299 1373 2140 334
1378 1351 333 2131
1346 1361 333 2127
1327 1359 332 2129
1328 1350 332 2129
1303 1382 2136 333
1323 1346 331 2130
1317 1415 2135 333
1305 1385 2133 330
1294 1393 2134 332
1378 1353 322 2061
1327 1355 331 2131
1310 1388 2134 332
1305 1388 2138 333
1299 1403 2137 331
1327 1359 332 2126
1307 1387 2138 334
1327 1355 333 2128
1302 1417 2135 334
1298 1379 2137 332
1335 1358 334 2130
1314 1397 2137 333
1343 1342 281 1937
1311 1498 2135 332
1378 1486 332 383
1331 1355 332 2130
1404 1358 331 2122
1341 1360 332 2123
1314 1469 2134 332
1323 1340 332 2128
1383 1454 331 387
1355 1359 330 2126
1379 1353 331 2125
1339 1348 332 2126
1297 1388 1580 247
1339 1357 332 2128
1304 1401 2135 332
1367 1355 330 2126
1342 1357 331 2124
1341 1358 331 2123
1345 1366 333 2125
1305 1427 2129 332
1305 1410 2128 330
1305 1394 2132 331
1317 1395 2136 330
1323 1407 2132 330
1306 1428 2134 332
1344 1342 332 2126
1333 1351 330 2127
1301 1375 2134 330
1399 1492 331 384
1294 1397 2133 332
1298 1367 2119 328
1389 1359 333 2127
1498 1391 330 402
1295 1413 2134 331
1305 1415 2138 330
1345 1361 328 2087
1302 1393 2135 332
1384 1346 331 2128
1370 1359 333 2127
1307 1423 2136 332
1335 1345 333 2126
1331 1358 331 2124
1305 1390 2134 333
1357 1359 331 2127
1305 1401 2134 329
1380 1444 331 388
1303 1415 2134 331
1393 1539 331 382
1349 1356 331 2125
1302 1389 2131 331
1306 1399 2130 330
1337 1358 331 2121
1342 1354 330 2118
1302 1452 2134 331
1295 1372 2124 331
1311 1436 2132 332
1299 1382 2131 331
1300 1387 2134 332
1301 1383 2134 332
1283 1372 2129 330
1310 1408 2132 331
1305 1401 2121 328
1292 1394 2133 331
1331 1361 331 2119
1369 1357 329 2122
1357 1354 333 2120
1357 1367 330 2122
1306 1437 2131 333
1316 1343 329 2124
1336 1359 330 2105
1303 1390 2128 332
1305 1401 2135 332
1303 1383 2131 331
1388 1435 331 392
1310 1604 2132 331
1324 1354 331 2124
1350 1354 331 2124
1308 1422 2129 332
1305 1425 2127 329
1375 1466 332 385
1295 1376 2139 331
1353 1361 331 2121
1328 1359 331 2123
1452 1338 330 2128
1342 1357 330 2124
1350 1369 330 2122
1309 1404 2135 331
1312 1394 2131 331
1353 1356 330 2121
1341 1354 331 2126
1343 1358 331 2125
1341 1351 332 2124
1310 1406 2133 332
1338 1349 331 2124
1383 1344 331 2130
1355 1359 332 2129
1335 1355 332 2134
1308 1420 2128 331
1383 1363 331 2127
1302 1412 2128 331
1310 1414 2080 323
1303 1410 2135 331
1325 1356 331 2124
1349 1354 332 2123
1347 1358 331 2125
1322 1352 332 2122
1328 1349 330 2124
1353 1357 332 2125
1356 1352 332 2123
1302 1391 2127 331
1304 1391 2131 331
1342 1343 331 2122
1349 1356 330 2121
1309 1430 2128 331
1291 1372 1957 309
1305 1396 2133 332
1385 1360 331 2122
1301 1423 2134 332
1314 1343 331 2125
1299 1383 2139 333
1382 1363 332 2125
1300 1386 2132 331
1327 1359 330 2123
1343 1354 331 2126
1310 1413 2135 331
1327 1350 331 2123
1348 1365 329 2122
1330 1352 329 2115
1390 1371 330 2124
1312 1391 2131 331
1314 1408 2129 330
1309 1382 2129 331
1330 1355 332 2123
1303 1389 2130 330
1311 1410 2130 330
1336 1351 331 2125
1346 1359 332 2122
1332 1352 331 2121
1325 1349 331 2120
1341 1359 332 2125
1301 1377 2125 332
1342 1357 332 2124
1327 1353 332 2124
1454 1354 329 2124
1305 1482 2134 329
1327 1354 330 2121
1415 1558 331 381
1283 1373 2117 328
1360 1363 330 2118
1295 1430 2126 330
1366 1346 330 2117
1308 1407 2127 331
1309 1386 1922 305
1345 1356 318 2021
1301 1408 2129 331
1329 1356 330 2123
1374 1543 331 379
1348 1354 332 2126
1373 1461 331 384
1302 1387 2127 329
1346 1358 330 2120
1325 1349 330 2121
1322 1352 332 2124
1314 1414 2126 330
1335 1356 331 2118
1301 1382 2068 322
1330 1359 331 2117
1330 1354 332 2124
1333 1356 332 2123
1423 1436 327 385
1311 1340 329 2124
1306 1346 331 2125
1342 1354 331 2121
1349 1367 331 2120
1349 1370 331 2115
1381 1350 329 2121
1299 1417 2130 329
1308 1429 2133 331
1308 1388 2130 330
1329 1374 331 2120
1303 1431 2121 329
1343 1355 333 2127
1385 1444 331 391
1306 1378 2133 332
1292 1382 2133 331
1305 1428 2136 332
1358 1359 333 2128
1292 1401 2133 331
1361 1368 330 2124
1336 1358 331 2129
1313 1340 332 2130
1301 1381 2135 332
1303 1377 2133 330
1327 1353 328 2115
1356 1359 332 2124
1338 1360 332 2127
1325 1349 333 2129
1334 1355 329 2113
1307 1391 2134 331
1338 1343 329 2125
1302 1403 2134 332
1301 1471 2134 333
1327 1353 330 2123
1342 1349 330 2124
1336 1358 331 2125
1334 1349 330 2124
1311 1412 2131 330
1394 1352 324 2082
1371 1443 330 387
1407 1458 332 391
1306 1377 2134 331
1303 1431 2129 332
1321 1351 330 2121
1327 1354 329 2124
1295 1401 2111 327
1302 1397 2129 331
1331 1344 332 2121
1300 1445 2128 332
1305 1406 2131 329
1298 1406 2130 331
1303 1380 2128 332
1331 1347 330 2123
1303 1388 2057 320
1303 1380 2130 330
1294 1370 2127 331
1328 1359 330 2124
1333 1354 330 2123
1327 1354 330 2120
1309 1398 2131 332
1334 1354 330 2121
1335 1359 329 2113
1319 1351 331 2121
1323 1350 330 2125
1291 1429 2130 330
1359 1367 331 2125
1317 1398 2131 330
1310 1403 2130 329
1309 1402 2008 311
1308 1387 2129 330
1311 1394 2131 330
1326 1349 331 2124
1335 1357 331 2120
1386 1363 329 2112
1344 1362 331 2125
1346 1363 332 2122
1348 1357 332 2123
1310 1384 2127 330
1361 1359 332 2126
1289 1372 2131 331
1302 1393 2127 329
1308 1504 2128 332
1305 1399 2131 330
1352 1446 332 388
1298 1378 2135 333
1307 1410 2133 332
1321 1402 2098 327
1303 1381 2133 330
1318 1414 2134 332
1322 1351 331 2125
1309 1436 2135 331
1299 1393 2136 332
1305 1422 2130 330
1348 1349 332 2124
1343 1355 315 2011
1314 1415 2130 331
1305 1395 2132 331
1286 1413 2132 334
1337 1358 333 2125
1289 1411 2128 331
1311 1404 2132 331
1397 1363 330 2125
1341 1359 331 2125
1313 1403 2134 330
1331 1371 326 2080
1314 1430 2132 331
1310 1396 2130 330
1354 1369 332 2122
1288 1364 2091 324
1294 1374 2121 328
1447 1359 330 2122
1303 1414 2129 332
1313 1348 332 2123
1303 1511 2127 331
1355 1353 331 2121
1367 1363 331 2119
1308 1401 2125 330
1311 1407 2103 328
1346 1356 331 2124
1327 1354 329 2119
1369 1361 330 2118
1318 1343 271 1857
1338 1356 331 2121
1314 1394 2123 330
1391 1352 332 2121
1300 1381 2132 332
1337 1362 330 2121
1313 1351 331 2121
1311 1391 2125 330
1300 1381 2129 331
1329 1350 332 2118
1304 1418 2128 329
1330 1356 287 1989
1427 1543 270 338
1300 1374 2132 330
1346 1361 331 2123
1293 1377 2127 330
1301 1382 2128 330
1297 1385 2129 331
1303 1470 2129 331
1301 1460 2126 330
1306 1378 2123 330
1297 1416 2127 331
1305 1381 2126 330
1300 1374 2129 331
1484 1359 331 2121
1325 1357 319 2047
1392 1364 329 2120
1334 1357 324 2085
1314 1345 331 2119
1308 1383 2129 329
1302 1378 2112 328
1335 1354 331 2121
1302 1441 1904 301
1323 1353 332 2125
1438 1354 332 2125
1307 1395 2127 331
1311 1393 2129 330
1334 1344 331 2121
1335 1362 329 2108
1410 1523 331 384
1354 1358 332 2125
1300 1376 2129 331
1323 1335 330 2124
1308 1413 2134 332
1298 1413 2132 332
1301 1369 2079 323
1321 1348 330 2126
1305 1384 2128 331
1309 1383 2130 332
1301 1383 2133 332
1327 1358 330 2119
1341 1355 332 2123
1308 1418 2129 332
1401 1462 330 390
1335 1356 330 2120
1295 1399 1980 312
1310 1406 2131 331
1299 1439 2130 331
1303 1407 2125 331
1340 1367 331 2121
1357 1480 331 379
1335 1353 331 2124
1293 1382 2126 329
1327 1345 329 2120
1341 1354 330 2108
1327 1359 329 2118
1299 1406 2129 330
1307 1380 2131 331
1329 1356 330 2123
1356 1369 331 2123
1341 1367 330 2119
1350 1348 330 2120
1299 1399 2133 330
1357 1356 332 2124
1308 1344 331 2117
1363 1356 331 2121
1302 1408 2130 331
1307 1392 2129 331
1301 1432 2126 331
1347 1354 332 2126
1303 1375 2088 324
1364 1374 330 2124
1312 1399 2126 331
1335 1351 331 2117
1290 1391 2104 328
1328 1356 330 2119
1387 1342 331 2119
1338 1357 331 2122
1330 1354 331 2125
1288 1407 2124 330
1307 1407 2045 319
1334 1346 332 2127
1345 1351 330 2120
1369 1366 331 2121
1327 1354 330 2124
1332 1358 330 2118
1318 1410 2101 327
1365 1437 330 386
1380 1363 330 2123
1338 1351 335 2123
1341 1350 330 2124
1306 1418 2130 330
1351 1355 331 2120
1305 1383 2126 331
1290 1365 1969 311
1396 1359 331 2121
1302 1402 1974 312
1318 1411 2132 331
1324 1347 333 2122
1298 1445 2134 332
1305 1378 2126 330
1351 1368 331 2118
1299 1385 2129 329
1347 1358 331 2121
1323 1350 331 2123
1299 1404 2129 331
1314 1343 331 2122
1337 1349 331 2119
1306 1387 2126 330
1303 1384 2129 331
1366 1355 328 2122
1381 1353 330 2117
1374 1355 331 2118
1322 1355 331 2122
1378 1486 329 383
1368 1357 332 2121
1327 1352 332 2123
1353 1364 332 2123
1301 1382 2131 330
1310 1395 2114 330
1341 1354 332 2118
1331 1350 330 2126
1330 1359 332 2121
1302 1450 2123 329
1362 1429 331 386
1333 1344 330 2118
1302 1395 2129 331
1373 1352 333 2120
1342 1363 330 2123
1349 1358 331 2119
1317 1352 330 2120
1306 1378 2126 330
1313 1393 2123 329
1313 1412 2127 330
1317 1343 283 1961
1332 1359 330 2123
1304 1403 2119 328
1343 1365 332 2118
1323 1401 1904 300
1303 1497 2128 329
1301 1388 2125 329
1326 1351 330 2120
1307 1421 2125 330
1299 1373 2122 330
1299 1379 2122 331
1332 1354 330 2122
1351 1349 330 2120
1315 1710 2130 331
1295 1383 2124 330
1305 1395 2137 332
1309 1413 2132 331
1306 1402 2125 329
1452 1361 272 1860
1302 1394 2128 331
1306 1429 2123 330
1307 1458 1892 298
1303 1419 2127 330
1333 1378 332 2118
1298 1402 2126 331
1346 1356 326 2094
1315 1418 2129 330
1298 1465 2126 329
1301 1378 2123 331
1311 1391 2124 331
1298 1432 2123 329
1302 1383 2128 328
1361 1356 333 2119
1328 1355 331 2120
1359 1367 330 2121
1374 1357 330 2119
1343 1354 330 2117
1380 1363 325 2075
1306 1393 2094 326
1331 1350 331 2118
1330 1358 331 2116
1349 1369 330 2117
1298 1380 2127 331
1336 1355 332 2119
1301 1386 2125 330
1346 1365 331 2115
1342 1342 331 2113
1342 1355 329 2117
1344 1353 332 2120
1350 1350 330 2114
1300 1422 2126 331
1328 1353 331 2118
1325 1353 329 2120
1335 1357 330 2116
1297 1404 2124 330
1305 1405 2127 330
1308 1396 2127 329
1298 1388 2129 329
1427 1354 331 2122
1378 1356 331 2119
1295 1435 2130 332
1356 1355 330 2120
1340 1359 328 2101
1314 1412 2126 330
1300 1376 2126 330
1323 1343 333 2114
1305 1398 2124 330
1301 1386 2016 314
1380 1367 329 2119
1303 1388 2126 331
1342 1353 330 2113
1343 1357 330 2116
1323 1351 321 2053
1330 1351 331 2121
1383 1472 330 382
1365 1361 330 2119
1303 1466 2124 330
1309 1386 2123 329
1307 1386 2121 330
1377 1359 329 2117
1332 1356 332 2119
1310 1387 2129 331
1325 1345 331 2114
1299 1421 2123 330
1302 1378 2123 329
1302 1442 2124 331
1330 1356 330 2119
1307 1382 1950 307
1370 1362 331 2120
1298 1413 1952 308
1339 1359 331 2118
1289 1364 2124 329
1336 1362 331 2119
1311 1430 2118 329
1300 1381 2118 327
1306 1396 2121 328
1307 1397 2112 327
1351 1369 332 2117
1333 1359 330 2112
1339 1356 329 2105
1338 1347 331 2116
1340 1359 331 2117
1393 1362 331 2112
1337 1364 330 2117
1339 1361 330 2115
1465 1355 330 2110
1321 1348 330 2113
1309 1391 2120 328
1362 1412 330 384
1303 1375 2123 330
1303 1389 2124 329
1308 1381 2124 331
1324 1351 331 2118
1350 1354 331 2118
1304 1492 2123 330
1393 1352 330 2120
1312 1398 2126 330
1297 1380 2124 330
1315 1346 331 2118
1334 1350 330 2121
1353 1372 332 2118
1367 1362 331 2120
1345 1354 330 2121
1340 1354 327 2090
1353 1355 332 2121
1340 1366 329 2122
1299 1373 2129 332
1340 1358 331 2120
1364 1372 331 2120
1303 1406 2125 332
1337 1358 332 2117
1300 1383 2130 331
1299 1374 2131 329
1295 1378 2120 329
1304 1380 2132 330
1382 1364 285 1979
1343 1356 331 2115
1306 1390 2127 331
1355 1358 331 2123
1301 1381 2130 331
1306 1412 2121 330
1355 1341 331 2118
1344 1351 330 2121
1294 1375 2127 331
1344 1356 331 2119
1306 1398 2128 331
1397 1366 331 2118
1333 1354 330 2101
1333 1366 326 2077
1336 1340 330 2120
1293 1399 2124 331
1381 1363 330 2122
1347 1359 332 2117
1337 1353 330 2117
1308 1382 2121 329
1293 1379 2119 329
1309 1407 2123 330
1305 1431 2120 328
1382 1358 330 2112
1286 1378 2125 329
1328 1361 330 2116
1300 1434 2126 329
1357 1355 331 2113
1306 1403 2128 331
1311 1391 2122 330
1364 1358 332 2116
1328 1337 331 2117
1296 1373 2122 330
1314 1341 330 2111
1369 1366 330 2116
1341 1355 331 2118
1465 1457 330 392
1291 1498 2124 330
1306 1385 2115 328
1354 1359 332 2116
1298 1391 2120 329
1308 1412 2118 329
1311 1458 2121 329
1340 1357 330 2115
1342 1368 330 2097
1394 1358 330 2117
1338 1352 331 2118
1308 1417 2125 331
1364 1359 332 2118
1303 1415 2122 329
1299 1397 2119 331
1353 1350 331 2120
1409 1614 331 378
1332 1346 330 2104
1331 1357 329 2118
1325 1356 330 2118
1339 1362 329 2120
1294 1370 2128 329
1286 1371 2127 330
1382 1362 330 2116
1409 1366 330 2112
1293 1374 2126 329
1310 1407 2084 326
1299 1399 2128 331
1350 1367 329 2117
1375 1347 330 2117
1311 1391 2118 329
1489 1364 329 2101
1303 1391 2126 330
1304 1410 2130 329
1288 1404 2119 330
1314 1355 332 2122
1298 1380 2129 331
1355 1355 331 2122
1303 1391 2123 330
1324 1353 332 2118
1309 1381 2128 331
1357 1359 330 2118
1384 1367 329 2116
1318 1398 2122 329
1303 1391 2123 329
1302 1380 2127 330
1299 1399 2123 329
1378 1466 332 381
1330 1346 330 2116
1292 1377 2120 330
1334 1361 332 2118
1372 1360 331 2112
1380 1464 331 383
1338 1353 330 2120
1342 1352 332 2119
1336 1359 331 2116
1365 1448 330 383
1439 1356 328 2103
1349 1359 331 2117
1300 1375 2124 332
1301 1389 2127 329
1310 1336 330 2120
1307 1406 2126 331
1341 1354 331 2114
1300 1378 1980 314
1339 1355 331 2110
1470 1462 331 386
1304 1384 2116 329
1382 1438 330 388
1301 1390 2119 329
1289 1399 2121 330
1323 1354 331 2114
1298 1376 2119 329
1287 1379 2117 329
1326 1355 329 2117
1333 1362 312 1979
1340 1356 330 2117
1308 1390 2127 329
1339 1355 329 2115
1332 1359 330 2111
1455 1364 330 2115
1358 1470 332 384
1283 1389 2125 332
1323 1343 331 2115
1333 1356 329 2116
1308 1403 2121 330
1307 1403 2117 330
1297 1428 2122 330
1341 1365 330 2113
1343 1363 325 2091
1335 1353 331 2120
1325 1351 331 2119
1345 1360 331 2115
1360 1363 332 2112
1313 1392 2120 328
1330 1348 331 2113
1302 1404 2118 330
1322 1427 2125 329
1329 1363 332 2114
1348 1355 332 2118
1302 1390 2119 330
1307 1391 2118 329
1298 1383 2125 330
1326 1353 332 2115
1301 1397 2124 330
1306 1391 2125 331
1303 1388 2120 330
1292 1400 2124 330
1309 1384 2122 329
1330 1352 331 2111
1315 1393 2124 331
1282 1375 2122 330
1319 1346 329 2102
1307 1415 2116 328
1347 1354 330 2118
1322 1350 330 2120
1295 1389 2129 330
1292 1367 2123 330
1339 1361 331 2117
1290 1412 2119 328
1317 1415 2124 332
1304 1439 1979 312
1305 1385 2122 329
1298 1373 2122 328
1402 1353 331 2110
1384 1463 332 384
1344 1357 330 2115
1299 1404 2121 328
1408 1587 330 388
1291 1367 2124 329
1332 1351 334 2119
1326 1351 331 2119
1341 1359 331 2116
1311 1391 2124 329
1303 1399 2121 329
1345 1351 330 2113
1308 1386 2119 329
1333 1359 331 2119
1308 1398 2124 330
1321 1344 330 2120
1347 1351 330 2112
1306 1404 2121 330
1298 1381 2121 330
1303 1461 2125 329
1302 1381 2092 326
1300 1388 2116 329
1339 1359 330 2117
1312 1396 2103 326
