1314 1313 0 0
1302 1311 375 4180
1301 1308 376 4181
1313 1310 375 4181
1345 1313 375 4180
1319 1313 375 4181
1303 1312 374 4180
1311 1309 376 4181
1319 1310 375 4181
1314 1314 375 4182
1307 1312 376 4181
1322 1313 375 4181
1461 1316 375 4181
1333 1311 375 4180
1315 1313 375 4180
1307 1312 374 4181
1332 1316 370 4180
1300 1311 376 4181
1324 1311 375 4181
1308 1313 375 4181
1326 1309 375 4181
1299 1311 375 4180
1311 1312 375 4180
1309 1314 375 4180
1307 1314 375 4180
1303 1306 375 4180
1312 1310 374 4180
1305 1308 375 4179
1300 1309 376 4180
6551 1313 1926 4178
1302 1306 373 4179
1315 1316 375 4181
1339 1313 374 4180
1301 1309 375 4179
1299 1309 375 4179
1298 1313 375 4180
1295 1307 374 4179
1310 1313 374 4179
1301 1313 376 4178
1284 1310 375 4179
1391 1311 1494 4179
1492 1313 375 4180
1300 1311 375 4179
1297 1313 375 4180
1308 1312 374 4179
1310 1313 370 4179
1309 1310 373 4179
1323 1315 373 4179
1303 1308 375 4180
1304 1312 375 4179
1298 1312 375 4179
1294 1311 375 4179
1307 1311 375 4180
1312 1313 375 4179
1292 1307 375 4179
1325 1315 374 4180
1330 1310 375 4179
1317 1311 374 4180
1316 1314 375 4178
1302 1311 375 4180
1308 1315 375 4180
1297 1308 375 4180
1299 1312 374 4179
1303 1312 374 4179
1302 1316 373 4179
1317 1311 374 4180
1311 1316 375 4179
1305 1311 375 4180
1346 1312 374 4180
1301 1310 375 4180
1307 1311 375 4180
1312 1311 375 4180
1329 1313 375 4179
1475 1312 375 4180
1302 1310 375 4180
1308 1311 375 4179
1302 1309 370 4180
1303 1309 375 4180
1299 1312 375 4180
1343 1312 373 4179
1312 1313 374 4180
1312 1313 374 4180
1316 1312 375 4180
1962 1314 374 4179
1299 1308 375 4180
1290 1310 375 4179
1292 1312 374 4180
1319 1316 375 4179
1305 1316 375 4180
1322 1311 375 4180
1506 1312 374 4180
1317 1309 374 4180
1364 1315 375 4180
1317 1309 374 4180
1303 1315 374 4180
1444 1311 1513 4180
1297 1313 374 4179
1312 1312 375 4180
1298 1310 374 4180
1307 1312 375 4180
1463 1310 375 4180
1297 1309 375 4180
1298 1306 374 4179
1301 1313 375 4180
1338 1312 374 4180
1294 1309 375 4180
1287 1312 374 4180
1315 1311 374 4181
1320 1313 374 4179
1318 1310 374 4180
1300 1311 374 4180
1289 1307 371 4178
1295 1314 373 4179
1302 1310 374 4179
1298 1310 372 4179
1302 1309 375 4180
1301 1309 375 4180
1297 1313 376 4180
1315 1311 375 4180
1324 1314 372 4180
1308 1309 374 4180
1298 1309 375 4180
1304 1310 375 4180
1306 1309 375 4180
1330 1314 375 4180
1305 1310 374 4179
1469 1308 373 4179
1309 1311 373 4180
16383 1309 4181 4180
1329 1314 374 4180
1306 1311 374 4180
1310 1310 375 4180
1326 1310 375 4180
1303 1313 374 4181
1381 1309 374 4180
1303 1307 375 4180
1303 1309 375 4180
1300 1308 375 4180
1303 1308 374 4179
1316 1312 375 4180
1306 1315 376 4180
1301 1308 375 4179
1315 1310 375 4180
1302 1309 375 4180
1311 1311 375 4180
1357 1311 374 4180
1307 1310 375 4180
1460 1314 374 4180
1307 1310 374 4180
1311 1308 375 4180
1297 1313 375 4180
1378 1312 375 4180
1311 1314 374 4180
1324 1312 374 4180
1307 1310 374 4180
1311 1307 375 4180
1315 1316 374 4180
4866 1316 1950 4180
1339 1311 373 4180
1306 1311 374 4180
1409 1312 374 4180
1296 1310 375 4180
1304 1314 375 4180
1315 1313 374 4180
1295 1310 374 4180
1317 1309 375 4180
1291 1312 375 4180
1311 1310 374 4180
1437 1316 376 4180
1301 1310 375 4180
1292 1309 375 4180
1305 1309 375 4180
1308 1314 375 4180
1291 1310 375 4179
1481 1309 375 4180
1331 1312 375 4181
1303 1308 372 4178
1437 1312 374 4180
1300 1314 375 4180
1300 1313 375 4180
1306 1315 376 4180
1293 1310 374 4179
1307 1311 373 4180
1308 1316 374 4180
1304 1313 375 4181
1317 1310 375 4180
1298 1314 375 4180
1487 1311 375 4179
1332 1314 374 4178
1291 1312 375 4180
1297 1312 374 4179
1314 1309 375 4180
1312 1314 375 4179
1300 1313 376 4180
9118 1310 4180 4180
1308 1312 376 4180
1303 1309 375 4180
1313 1311 375 4180
1310 1314 373 4178
1306 1312 375 4179
1300 1309 375 4180
1301 1312 375 4180
1371 1309 375 4179
1303 1313 375 4180
1285 1308 375 4180
1500 1310 375 4180
1304 1314 375 4180
1300 1310 376 4180
1307 1311 375 4180
1365 1315 375 4181
1318 1309 376 4180
1302 1308 375 4180
1310 1311 375 4180
1341 1311 374 4180
1309 1315 375 4180
1309 1313 376 4180
1305 1314 374 4180
1303 1313 374 4180
1306 1310 376 4180
1304 1314 375 4180
1302 1314 375 4180
1303 1310 375 4180
1300 1308 375 4180
1313 1312 375 4180
1308 1308 375 4180
1301 1311 376 4180
1298 1309 375 4180
1314 1312 375 4180
1312 1309 375 4180
1300 1309 375 4180
14845 1310 4181 4180
1317 1310 375 4179
1321 1314 375 4180
1303 1314 362 4178
1334 1313 374 4180
1498 1311 375 4180
1306 1308 375 4181
1305 1315 374 4180
1299 1314 377 4180
1298 1310 374 4180
1354 1310 375 4180
1303 1311 374 4180
1321 1310 375 4180
1323 1314 375 4179
1307 1313 375 4180
1306 1310 374 4179
1303 1309 375 4180
1295 1307 376 4180
1301 1314 375 4180
1343 1311 375 4181
1310 1314 376 4181
1316 1314 367 4179
1308 1315 375 4180
1310 1310 374 4178
1311 1309 366 4179
1307 1314 375 4180
1298 1309 375 4180
1478 1313 374 4180
1302 1314 370 4179
1295 1308 375 4180
1293 1310 374 4179
1331 1309 375 4180
1319 1309 375 4180
1294 1311 375 4180
1305 1313 376 4180
1467 1311 373 4180
1314 1308 374 4180
1317 1312 375 4180
1314 1312 375 4180
1311 1310 375 4181
1302 1310 376 4179
1346 1310 375 4181
1293 1312 375 4180
1320 1315 375 4180
1298 1309 375 4179
1298 1310 375 4179
1301 1309 375 4180
1306 1312 374 4179
1317 1312 375 4180
1346 1311 374 4178
1303 1310 375 4181
1310 1311 375 4180
1316 1315 375 4180
1309 1311 376 4180
1295 1312 373 4178
1309 1310 374 4180
1327 1316 374 4180
1314 1315 375 4180
1305 1310 376 4180
1315 1313 375 4179
1325 1311 374 4180
1303 1312 374 4180
1308 1312 376 4181
1300 1311 371 4178
1305 1307 375 4180
1306 1313 372 4179
1310 1309 374 4179
1303 1311 376 4180
1303 1310 375 4180
1312 1310 375 4180
1305 1311 373 4179
1301 1310 374 4179
1306 1313 376 4179
1298 1311 375 4180
16383 1311 4179 4179
1307 1314 375 4180
1341 1310 375 4180
1303 1310 375 4180
1306 1315 376 4180
1299 1310 375 4180
1297 1309 375 4180
1311 1311 375 4180
1340 1313 375 4180
1309 1314 375 4180
1312 1308 375 4178
1303 1310 373 4178
1307 1314 375 4180
1470 1312 364 4179
1309 1315 375 4180
1319 1311 375 4179
1303 1308 375 4180
1314 1311 375 4180
1295 1311 375 4178
1347 1314 372 4179
1330 1314 375 4180
1301 1309 374 4180
1311 1314 374 4180
1302 1309 374 4180
1302 1314 375 4180
16383 1317 4179 4179
1305 1314 375 4180
1293 1307 375 4180
1313 1310 374 4178
1332 1312 375 4179
1307 1307 375 4179
5023 1312 1932 4180
1310 1313 375 4179
1491 1313 375 4181
1299 1309 376 4181
1315 1312 375 4180
14566 1313 4180 4180
1311 1310 376 4179
1327 1315 373 4180
1317 1309 373 4178
1317 1310 376 4179
1301 1308 373 4179
1313 1312 375 4180
1294 1307 374 4179
1301 1310 374 4181
1305 1308 375 4179
1293 1310 375 4180
1297 1312 375 4180
1306 1314 375 4180
1311 1314 374 4180
1301 1310 375 4180
1300 1311 375 4180
1327 1315 376 4180
1295 1309 376 4179
1316 1312 376 4178
1302 1317 375 4180
1308 1309 375 4181
1319 1314 375 4180
1299 1313 376 4181
1351 1311 375 4180
1308 1316 375 4179
1309 1313 375 4180
1300 1308 375 4178
1310 1311 375 4181
1301 1312 374 4180
1302 1310 374 4179
1311 1311 375 4180
1315 1313 376 4179
1358 1317 376 4180
1305 1311 375 4180
1311 1314 375 4180
1311 1312 375 4179
1295 1312 375 4180
1305 1311 375 4181
1326 1311 375 4180
1311 1313 376 4179
1308 1310 375 4179
1299 1310 375 4180
1298 1310 375 4181
1488 1311 376 4179
1317 1309 376 4180
1334 1310 375 4180
1299 1308 376 4179
1296 1314 376 4180
1319 1313 374 4180
1309 1315 376 4181
1310 1311 376 4179
1296 1312 375 4180
1311 1314 376 4179
1302 1313 376 4179
1313 1309 375 4180
1308 1315 374 4179
1306 1309 375 4179
1310 1309 375 4179
1295 1312 376 4181
1299 1309 375 4179
1325 1312 375 4180
1471 1311 376 4180
1315 1315 376 4180
1298 1312 376 4180
1309 1311 375 4180
1312 1314 375 4180
1303 1312 374 4179
1303 1311 374 4179
1314 1313 375 4180
1294 1314 375 4180
1309 1313 376 4179
1310 1313 375 4178
1347 1312 374 4179
1302 1309 375 4179
1284 1308 376 4179
1299 1306 376 4179
1304 1308 376 4180
1295 1308 376 4179
1301 1313 375 4179
1308 1311 374 4179
1319 1314 376 4180
1388 1311 375 4179
1325 1310 375 4179
1303 1309 375 4180
1300 1312 375 4179
1309 1312 376 4179
1307 1312 375 4179
1304 1312 375 4180
1310 1309 374 4179
1305 1312 375 4179
1300 1311 375 4180
1310 1309 376 4179
1302 1312 374 4179
1308 1309 375 4180
1307 1310 376 4179
1310 1310 376 4180
1528 1312 375 4179
1307 1311 375 4180
1326 1313 376 4180
1313 1316 368 4179
1304 1310 375 4180
1319 1313 376 4180
1302 1313 376 4180
1322 1309 376 4179
1310 1308 375 4179
1306 1314 376 4179
1293 1309 376 4179
1303 1310 375 4179
1310 1311 375 4178
1294 1311 375 4180
1390 1310 376 4179
1322 1309 375 4179
1318 1308 375 4178
1307 1313 376 4180
8790 1312 4179 4179
1319 1313 374 4178
1325 1314 375 4180
1310 1311 375 4179
1520 1313 373 4178
1314 1310 375 4180
1306 1309 376 4180
1307 1312 375 4180
1302 1314 376 4180
1299 1307 375 4178
1293 1314 375 4179
1298 1311 376 4180
1300 1311 375 4180
1301 1310 375 4180
1400 1309 367 4179
1297 1312 376 4180
1297 1310 376 4180
1303 1312 376 4178
1298 1311 376 4180
1306 1311 376 4179
1312 1310 376 4180
1320 1313 376 4180
1305 1313 375 4179
1499 1309 375 4180
1291 1311 375 4180
1305 1310 378 4179
1305 1310 375 4179
4834 1314 375 4179
1307 1314 376 4179
1310 1314 376 4179
1302 1310 376 4179
1317 1312 376 4179
1315 1314 375 4179
1301 1307 375 4179
1308 1312 375 4179
1311 1311 376 4179
1319 1313 373 4179
1314 1309 376 4179
1299 1307 374 4178
1309 1312 374 4178
1300 1310 376 4179
1318 1314 375 4179
1301 1313 376 4179
1306 1313 375 4179
1303 1310 375 4180
1428 1309 375 4179
1393 1308 376 4178
1300 1313 375 4179
1504 1310 375 4179
1301 1308 365 4178
1311 1314 376 4180
1322 1310 375 4179
1306 1310 376 4179
1306 1312 375 4180
1306 1311 376 4180
1314 1312 376 4179
1309 1311 370 4180
1339 1313 374 4178
1321 1312 372 4179
1310 1311 375 4180
1307 1311 375 4179
1297 1308 376 4179
1302 1311 379 4179
1335 1313 375 4179
1315 1314 376 4180
1307 1315 376 4180
1317 1309 376 4180
1347 1308 375 4180
1295 1312 376 4180
1306 1312 376 4179
1312 1311 376 4179
1304 1310 375 4179
1305 1309 376 4179
1523 1316 376 4180
1351 1312 375 4179
1331 1309 376 4179
1303 1309 376 4179
1295 1314 376 4180
1297 1308 376 4179
1305 1309 376 4179
1311 1312 376 4180
1304 1313 376 4179
12656 1313 4180 4180
1317 1310 375 4179
1308 1311 375 4180
1301 1308 376 4180
1326 1315 375 4179
1492 1312 375 4179
1307 1309 374 4179
1306 1316 376 4179
1305 1311 376 4180
1302 1312 377 4180
1300 1310 376 4179
1295 1311 376 4179
1311 1314 376 4178
1297 1311 376 4179
1297 1309 377 4180
1488 1312 375 4179
1340 1312 376 4179
1311 1314 376 4179
1306 1309 376 4180
1319 1310 377 4180
1296 1312 376 4180
1317 1312 376 4180
1335 1310 376 4180
1314 1314 376 4180
1298 1310 375 4180
1312 1310 376 4180
1347 1315 376 4179
1309 1312 376 4179
9511 1309 4180 4180
1312 1312 376 4180
1306 1308 374 4178
1322 1308 376 4179
1348 1312 376 4179
1303 1309 376 4180
1288 1310 375 4180
1329 1314 376 4179
1469 1312 376 4179
1306 1313 377 4179
1525 1312 376 4180
1309 1310 373 4178
1323 1314 373 4178
1319 1313 376 4179
16383 1313 4179 4179
1326 1311 375 4180
1306 1314 377 4179
1289 1310 376 4179
1362 1312 376 4179
1310 1313 377 4178
1295 1308 375 4179
1299 1313 376 4179
1302 1312 376 4179
1447 1310 376 4179
1297 1311 376 4179
16383 1308 4180 4180
1294 1312 376 4180
1306 1313 376 4179
1302 1310 371 4179
1326 1311 376 4180
1310 1315 376 4179
1315 1314 376 4179
1313 1311 376 4180
1312 1315 375 4179
1305 1310 375 4178
1333 1313 375 4179
1311 1312 376 4180
1303 1312 376 4179
1286 1309 376 4179
1442 1310 377 4179
1303 1309 377 4180
1299 1311 375 4180
1335 1312 375 4179
1324 1313 374 4179
1301 1312 376 4179
1308 1314 377 4179
1350 1313 376 4179
1302 1313 376 4179
1302 1307 376 4180
1307 1312 376 4178
1312 1313 376 4180
1309 1310 374 4179
1305 1310 377 4179
1305 1311 376 4179
1314 1308 376 4179
1307 1310 376 4180
1314 1313 376 4180
1303 1310 376 4180
1355 1316 376 4179
1465 1314 376 4179
1298 1311 373 4178
1302 1310 375 4178
1303 1312 374 4179
1301 1312 378 4179
1295 1314 376 4180
1307 1313 376 4179
1303 1310 376 4179
1301 1306 376 4179
1302 1314 376 4179
1305 1314 376 4179
1327 1308 376 4179
1317 1310 376 4179
1309 1313 375 4179
1299 1307 376 4179
3944 1314 374 4180
1337 1315 374 4180
1349 1307 374 4179
1311 1312 376 4179
1311 1313 377 4180
1309 1308 376 4179
1321 1311 374 4180
1316 1307 376 4180
1295 1306 376 4179
1293 1309 377 4179
1306 1312 376 4179
1301 1310 376 4179
1344 1313 376 4180
16383 1309 4179 4179
1379 1310 377 4180
1311 1313 376 4179
1308 1311 376 4179
1297 1308 376 4180
1486 1311 377 4180
1315 1311 377 4179
1306 1310 377 4179
1307 1310 376 4180
1307 1309 376 4180
1311 1310 376 4180
1314 1311 376 4180
1308 1310 375 4179
1301 1312 376 4180
1295 1311 376 4180
13984 1312 4180 4180
1302 1309 376 4180
1303 1310 376 4180
1313 1315 376 4179
1288 1312 377 4180
1301 1310 376 4179
1321 1309 377 4179
1293 1314 376 4180
1307 1316 376 4179
1290 1307 375 4179
1309 1311 376 4179
1354 1315 376 4180
1339 1310 376 4179
1315 1314 376 4180
1305 1313 377 4179
1303 1312 378 4179
1302 1313 376 4179
1447 1311 376 4180
1466 1309 377 4180
1317 1313 376 4179
1301 1311 377 4179
1295 1311 377 4180
1319 1313 376 4179
1306 1308 377 4179
1306 1316 377 4180
1319 1315 376 4180
1385 1313 376 4180
1313 1312 374 4180
1301 1313 377 4180
1304 1310 378 4180
1303 1313 376 4180
1309 1314 375 4180
1318 1312 376 4179
1318 1309 377 4179
1312 1313 376 4180
1322 1312 376 4179
1310 1314 375 4180
1342 1313 368 4179
1308 1309 376 4180
1304 1311 376 4180
1295 1311 376 4180
1350 1310 376 4180
9798 1311 4179 4179
1313 1312 376 4180
1313 1311 375 4180
1302 1310 377 4180
1301 1313 377 4181
1299 1311 375 4180
1329 1314 376 4181
1302 1309 376 4180
1311 1313 376 4180
1495 1314 376 4181
1300 1313 376 4180
1327 1311 375 4180
1303 1313 377 4179
1310 1314 377 4180
1322 1310 376 4180
1316 1314 371 4180
1299 1308 376 4179
1319 1314 377 4181
1306 1311 377 4180
1308 1313 376 4179
1340 1310 376 4180
1320 1312 376 4180
1312 1314 377 4180
1295 1312 376 4180
1300 1314 376 4180
1309 1314 376 4180
1316 1312 377 4180
1302 1307 377 4180
1332 1312 376 4180
1296 1313 376 4180
1321 1313 376 4180
1314 1312 376 4179
1299 1310 376 4180
1419 1311 376 4180
1302 1312 377 4180
1489 1311 377 4179
1308 1311 377 4180
1297 1308 376 4179
1303 1314 377 4179
1306 1310 375 4181
1293 1312 376 4180
1345 1311 377 4180
1299 1311 376 4180
1308 1312 377 4179
1306 1313 376 4180
1309 1312 377 4180
1304 1311 376 4180
1305 1309 376 4180
1297 1309 376 4180
1303 1309 377 4180
1312 1313 376 4179
1338 1313 376 4180
1302 1309 376 4179
1301 1310 376 4179
1302 1312 376 4179
1298 1311 376 4180
1305 1312 375 4180
1303 1310 376 4180
1303 1309 376 4179
1336 1313 377 4180
1312 1310 365 4178
1472 1309 376 4179
1312 1312 376 4179
1305 1311 376 4180
1318 1313 375 4179
1346 1312 374 4180
1320 1310 376 4180
1312 1311 376 4181
1302 1309 375 4180
1295 1307 376 4180
1323 1310 376 4179
1301 1311 377 4180
1300 1307 376 4179
1333 1311 376 4181
1305 1308 376 4179
1314 1312 377 4179
1318 1312 376 4180
1299 1313 376 4179
1299 1311 376 4181
1323 1310 376 4180
1300 1312 378 4179
1299 1315 377 4180
1305 1309 375 4180
1348 1309 374 4179
1305 1311 376 4180
1315 1313 371 4180
1320 1308 375 4180
1303 1314 376 4180
1305 1313 376 4179
1322 1313 377 4179
1295 1310 378 4179
1292 1308 375 4179
1305 1313 377 4180
1317 1315 377 4179
1303 1313 376 4180
1330 1316 375 4181
1306 1311 375 4179
1340 1311 376 4179
1348 1313 377 4180
1311 1309 377 4180
1300 1311 378 4180
1300 1309 376 4180
1303 1312 377 4180
1321 1311 376 4179
1298 1308 378 4179
1302 1309 377 4180
5476 1312 1928 4180
1301 1311 378 4180
1304 1310 376 4180
1306 1314 377 4179
1314 1311 377 4180
13675 1313 4179 4179
1297 1311 375 4179
1306 1310 377 4180
1307 1314 377 4180
1326 1316 376 4180
1302 1315 376 4180
1315 1314 377 4179
1311 1313 376 4180
1297 1309 375 4180
1302 1313 377 4179
1317 1310 376 4180
11483 1311 4180 4180
1311 1311 376 4180
1392 1314 377 4180
1298 1312 376 4180
1307 1314 377 4179
1513 1313 375 4179
1300 1310 376 4180
1305 1314 377 4179
1329 1308 377 4179
1304 1309 376 4179
1298 1313 377 4181
1311 1310 377 4180
1296 1314 377 4180
1367 1309 376 4179
1311 1314 377 4179
1308 1316 376 4181
1327 1314 376 4180
1316 1307 376 4180
1303 1316 377 4180
1301 1309 377 4181
1328 1312 377 4179
1303 1314 376 4179
1309 1309 377 4180
1303 1312 376 4180
1322 1309 376 4180
1299 1309 377 4179
9617 1312 4180 4180
1309 1311 376 4179
1321 1311 376 4180
1305 1309 376 4181
1313 1310 377 4179
1305 1310 375 4179
1296 1314 377 4180
1295 1308 375 4180
1331 1313 376 4180
1300 1307 371 4179
1303 1310 377 4181
1501 1314 376 4180
1299 1307 376 4179
1343 1314 376 4180
1311 1313 376 4179
1315 1312 374 4180
1307 1308 377 4179
1304 1312 378 4180
1302 1312 377 4179
1310 1315 377 4180
1308 1309 377 4179
1322 1309 376 4179
1322 1308 376 4180
1303 1309 377 4179
1371 1309 376 4179
1311 1312 377 4179
1316 1311 376 4179
1301 1311 377 4180
1291 1310 375 4180
1308 1309 376 4179
1316 1313 377 4180
1309 1311 376 4179
1313 1311 375 4179
1303 1313 377 4179
1300 1310 377 4179
1309 1315 377 4179
1297 1314 376 4180
1305 1311 377 4180
1304 1312 377 4179
1310 1313 377 4180
1458 1310 376 4178
1295 1310 378 4179
1308 1311 377 4180
1304 1310 377 4179
1299 1308 378 4179
1293 1311 377 4179
1304 1311 376 4180
1315 1311 377 4179
1292 1309 378 4180
1309 1312 377 4181
1338 1308 376 4180
1354 1312 377 4180
1317 1310 376 4180
1322 1311 376 4180
1308 1311 377 4180
1309 1311 377 4180
1335 1314 377 4180
1306 1310 376 4180
1325 1310 377 4179
1293 1312 377 4179
1343 1314 376 4180
1303 1313 378 4179
1309 1314 377 4179
1304 1310 377 4180
1322 1312 377 4180
1299 1311 377 4179
1327 1312 376 4179
1300 1309 376 4179
1305 1313 376 4179
1315 1313 376 4180
1302 1308 375 4178
1306 1316 373 4180
1309 1316 374 4179
1311 1311 374 4179
14429 1310 4180 4180
1325 1312 377 4179
1310 1312 377 4180
1311 1313 376 4180
1301 1315 377 4180
1305 1311 377 4180
1321 1313 376 4179
1299 1311 377 4179
1319 1308 377 4179
1316 1317 376 4179
1321 1308 376 4180
1303 1316 376 4179
1310 1313 377 4179
1311 1316 377 4179
1303 1314 376 4180
1315 1315 377 4180
1304 1310 377 4180
1314 1312 377 4180
1308 1310 376 4180
1365 1312 375 4180
1318 1311 376 4179
1304 1309 377 4181
1306 1310 377 4179
1322 1311 378 4180
8087 1311 4179 4179
1318 1309 373 4179
1297 1307 375 4179
1309 1311 377 4179
1498 1315 377 4179
1309 1312 377 4179
1307 1313 377 4179
1313 1314 377 4179
1302 1313 376 4179
1321 1314 377 4179
1347 1310 377 4180
1297 1311 377 4180
1303 1314 377 4180
1303 1314 377 4180
1319 1311 376 4179
1323 1314 376 4179
1325 1310 377 4179
1303 1307 377 4180
1305 1311 377 4180
1315 1314 377 4180
1305 1310 376 4179
1310 1312 377 4179
1316 1310 377 4180
1303 1309 375 4180
1289 1311 369 4180
1349 1315 376 4180
3961 1312 376 4180
1511 1310 376 4179
1325 1315 370 4179
1346 1311 375 4179
1305 1312 377 4179
1304 1316 377 4179
1308 1313 375 4179
1343 1311 376 4179
1355 1313 377 4180
1292 1309 374 4179
1300 1310 376 4180
1291 1310 375 4180
1308 1310 377 4180
1346 1312 376 4180
1314 1310 378 4180
1321 1314 376 4179
1300 1310 377 4178
1309 1309 376 4179
16383 1312 4179 4179
1313 1316 377 4180
1301 1312 376 4179
1326 1309 376 4180
1302 1310 377 4179
1310 1309 375 4178
1308 1313 377 4179
1299 1308 377 4180
1326 1310 375 4179
1303 1314 377 4179
1312 1316 377 4178
1300 1313 377 4180
1308 1316 378 4179
1503 1309 377 4180
1291 1311 377 4181
1316 1312 376 4179
1305 1314 377 4179
1302 1309 377 4180
1310 1313 377 4179
1316 1313 376 4179
1322 1314 376 4179
1318 1308 377 4179
1317 1310 375 4179
1300 1307 377 4179
1315 1314 376 4179
1421 1311 376 4180
1295 1308 377 4180
1307 1310 377 4181
1320 1313 376 4180
1328 1310 376 4178
1287 1308 376 4180
1301 1309 377 4179
1298 1310 376 4179
1324 1310 377 4179
1309 1311 377 4179
1310 1313 377 4179
1306 1314 377 4179
1324 1311 376 4179
1495 1316 378 4180
1337 1312 377 4179
1306 1314 377 4179
1307 1311 377 4179
1324 1312 377 4179
1314 1310 376 4179
1316 1313 377 4179
1312 1314 377 4180
1304 1314 377 4179
1309 1311 372 4179
1300 1311 378 4179
1312 1314 376 4179
1331 1309 377 4180
1303 1311 377 4180
1308 1314 377 4180
1317 1309 377 4179
1334 1317 377 4180
1315 1310 377 4180
1303 1310 377 4179
1309 1312 375 4179
1318 1309 376 4179
1303 1312 377 4179
1306 1313 377 4180
1486 1308 376 4179
1309 1313 377 4179
1306 1311 377 4180
1316 1313 377 4179
1301 1309 377 4180
1319 1309 377 4179
1375 1314 376 4179
1307 1309 377 4180
1310 1312 377 4179
1338 1316 376 4180
1310 1310 377 4179
1303 1314 377 4179
1306 1311 378 4179
1301 0 377 4179
1341 1309 376 4180
1323 1314 376 4180
1360 1316 376 4180
1303 1310 378 4180
1301 1310 378 4180
1307 1311 377 4180
1307 1312 376 4180
1306 1307 377 4179
1307 1312 377 4179
1299 1311 376 4179
1307 1311 377 4179
1556 1312 377 4180
1298 1314 377 4179
1301 1312 376 4179
1297 1311 377 4181
1303 1311 378 4180
1299 1309 377 4180
1322 1311 377 4179
1512 1315 377 4180
1318 1313 377 4179
1300 1308 376 4180
1305 1308 377 4180
1302 1311 377 4180
1327 1311 377 4180
1394 1312 377 4180
1319 1315 377 4179
1299 1311 377 4180
1319 1308 376 4180
11945 1313 4180 4180
1303 1315 375 4179
1318 1312 377 4180
1314 1313 378 4180
1299 1311 377 4179
1302 1312 377 4179
1305 1314 377 4180
1299 1307 378 4179
1316 1312 377 4180
1303 1310 377 4180
1312 1308 375 4179
16383 1311 4180 4180
1366 1313 376 4180
1312 1310 377 4180
1304 1311 377 4180
1303 1314 377 4180
1312 1316 377 4180
1315 1313 377 4180
1316 1314 376 4179
1359 1311 377 4180
1301 1317 377 4180
1313 1309 377 4180
1486 1308 377 4179
1332 1313 377 4180
1457 1313 377 4179
1299 1314 376 4179
15559 1309 4179 4179
1303 1314 376 4179
1306 1310 377 4179
1315 1313 378 4180
1301 1311 377 4179
4604 1310 1962 4180
1316 1313 377 4180
1308 1314 376 4179
1294 1309 377 4179
8815 1308 4180 4180
1310 1316 377 4179
1311 1310 377 4179
1321 1311 376 4179
1288 1310 377 4180
15039 1308 4179 4179
1301 1311 376 4180
1315 1313 377 4180
1308 1314 378 4180
1302 1314 377 4181
1303 1313 377 4179
1318 1312 378 4180
1308 1309 376 4180
1297 1310 377 4179
1325 1312 377 4180
1512 1310 377 4179
1305 1310 377 4179
1307 1310 376 4179
1311 1314 376 4179
1306 1313 378 4179
1305 1311 377 4178
1303 1313 378 4180
1294 1309 377 4179
1304 1312 378 4180
1299 1311 377 4181
1296 1310 377 4180
1329 1311 377 4180
1326 1315 378 4180
1299 1311 378 4180
1302 1312 377 4179
1299 1309 376 4180
1304 1310 375 4180
1338 1313 373 4180
1305 1314 376 4179
1302 1313 378 4180
1310 1311 377 4180
1312 1314 374 4180
1352 1314 378 4180
1306 1311 378 4180
1308 1310 378 4180
1304 1313 378 4180
1313 1315 376 4180
1319 1310 377 4180
1308 1315 375 4179
1312 1311 377 4179
1300 1309 377 4181
1307 1311 377 4180
1304 1312 377 4181
1316 1316 377 4180
1309 1311 377 4180
1313 1314 377 4180
1297 1313 377 4180
1316 1312 377 4180
1304 1312 378 4179
1311 1313 376 4180
1299 1310 378 4180
1301 1311 377 4180
1312 1309 377 4180
1308 1309 373 4181
1308 1309 378 4180
1301 1309 377 4179
1303 1314 377 4180
1301 1311 378 4179
1330 1311 377 4180
1604 1309 377 4180
1297 1311 376 4181
1309 1314 378 4180
1302 1312 377 4180
1313 1311 377 4179
1322 1316 377 4180
1312 1310 377 4180
1299 1310 376 4180
1508 1310 375 4180
1298 1311 374 4180
1311 1311 377 4180
1314 1310 377 4180
1293 1307 378 4180
1310 1315 376 4179
1307 1312 376 4180
1316 1309 377 4180
1338 1309 377 4180
1303 1312 379 4180
1302 1308 377 4180
1295 1311 378 4179
1304 1314 378 4180
1315 1313 377 4180
1305 1310 377 4181
1306 1312 377 4179
1299 1307 378 4179
1302 1310 377 4180
1300 1314 375 4181
1299 1309 378 4180
1306 1315 378 4180
1298 1309 377 4180
1359 1309 377 4180
1302 1312 377 4180
1308 1309 377 4179
1423 1311 377 4180
1301 1314 375 4181
1303 1313 376 4181
1309 1312 376 4180
1325 1312 376 4180
1305 1314 376 4180
1322 1310 377 4180
1521 1311 378 4180
1302 1309 377 4180
1323 1309 377 4180
1307 1313 377 4180
1310 1308 377 4180
1312 1316 377 4180
1297 1310 378 4180
1307 1309 377 4180
1315 1308 377 4180
1321 1312 377 4180
1325 1308 377 4180
1308 1310 377 4179
1323 1308 377 4181
1310 1311 376 4179
1308 1314 377 4179
1299 1310 377 4180
1319 1314 377 4180
1310 1312 378 4180
1317 1312 376 4179
1307 1314 377 4179
1309 1311 377 4180
1303 1312 378 4180
1469 1314 377 4180
1311 1310 378 4181
1348 1310 378 4180
1302 1311 378 4180
1302 1309 377 4180
1319 1312 377 4181
1302 1312 378 4180
1302 1310 377 4180
1522 1314 377 4179
1306 1314 378 4180
1310 1313 377 4180
1312 1312 377 4180
1300 1311 378 4180
1302 1310 371 4180
1364 1310 356 4180
1299 1312 377 4180
1304 1310 378 4180
9590 1311 4179 4179
1295 1311 376 4180
1307 1311 375 4180
1329 1312 375 4180
1317 1311 377 4180
1313 1312 378 4180
1303 1310 378 4179
1307 1310 377 4180
1312 1311 377 4180
1303 1312 379 4179
1343 1310 377 4179
1302 1308 378 4180
1312 1312 378 4179
1306 1310 377 4180
1324 1310 377 4179
1303 1309 377 4180
4409 1313 1971 4179
1318 1313 378 4180
1298 1311 376 4180
1308 1311 378 4180
1308 1308 377 4180
1357 1315 377 4180
1316 1316 372 4180
1313 1309 375 4180
1473 1316 376 4180
1296 1312 376 4181
1302 1310 377 4180
1298 1312 377 4180
1310 1313 376 4180
1299 1312 378 4181
1307 1310 378 4181
1301 1310 378 4180
1301 1312 377 4180
1308 1311 376 4180
1310 1310 377 4181
1357 1315 378 4180
1305 1312 377 4180
1311 1312 377 4180
1299 1307 377 4180
1321 1312 377 4180
13009 1313 4179 4179
1331 1310 377 4180
1292 1309 377 4180
1317 1313 377 4179
1297 1311 377 4180
1295 1309 377 4180
1305 1311 377 4180
1300 1309 377 4180
1313 1311 377 4180
1517 1311 377 4180
1321 1308 377 4180
1308 1314 374 4180
1317 1308 378 4180
1303 1310 377 4180
1299 1314 377 4180
1357 1314 378 4180
1309 1312 377 4180
1317 1314 378 4180
1301 1311 378 4180
1315 1311 377 4180
1302 1316 378 4181
1348 1311 377 4180
1340 1308 377 4180
1308 1315 377 4180
1303 1310 377 4180
1301 1312 378 4179
1304 1309 377 4180
1338 1311 377 4180
1313 1310 378 4180
1445 1316 1491 4179
1313 1311 378 4180
1295 1312 378 4180
1314 1315 378 4180
1303 1312 377 4180
1302 1310 379 4180
1296 1309 377 4180
1511 1310 377 4180
1501 1316 376 4180
1306 1312 377 4180
1322 1313 378 4180
1303 1309 377 4181
1308 1312 378 4180
1307 1309 378 4180
1328 1314 377 4180
16383 1315 4180 4180
1303 1314 378 4181
1302 1312 378 4180
1316 1315 377 4181
1474 1315 378 4180
1312 1314 378 4180
1307 1311 377 4180
1296 1309 374 4181
1304 1312 378 4180
1297 1315 378 4180
1306 1308 378 4180
1319 1315 378 4181
1295 1313 378 4181
1314 1313 377 4180
1295 1308 378 4180
1310 1316 377 4180
1302 1314 378 4180
1334 1314 378 4180
1303 1314 379 4180
1298 1310 376 4181
1311 1312 377 4180
1294 1312 378 4180
1309 1307 377 4181
1298 1308 371 4181
1313 1310 378 4180
1310 1313 377 4180
1311 1313 377 4180
1290 1310 378 4180
1340 1310 377 4180
1302 1313 378 4180
1315 1312 378 4181
1317 1310 371 4181
1298 1312 376 4180
1306 1312 377 4180
1309 1312 378 4180
1508 1313 378 4181
1308 1311 378 4180
1319 1310 375 4181
1332 1311 376 4181
1297 1315 377 4180
1586 1312 377 4181
1325 1310 378 4180
10364 1314 4181 4180
1304 1311 377 4180
1291 1309 377 4180
1307 1310 378 4180
16383 1313 4180 4180
1308 1311 378 4180
1312 1310 377 4180
1314 1311 378 4180
1298 1310 377 4180
1310 1311 376 4180
1305 1312 378 4180
1315 1309 378 4180
1292 1314 377 4179
1322 1311 378 4180
1307 1311 377 4180
1326 1308 378 4180
1302 1311 377 4180
1308 1316 378 4180
1302 1311 376 4179
1319 1316 378 4180
1534 1311 378 4180
1321 1310 378 4180
1308 1314 378 4180
1325 1310 378 4180
4034 1313 378 4180
1313 1311 378 4180
1338 1312 377 4180
1320 1311 378 4180
1302 1306 378 4180
1312 1311 378 4180
1308 1315 378 4180
1302 1311 377 4180
1306 1314 378 4180
1304 1307 378 4180
1299 1314 380 4180
1312 1308 378 4180
1302 1310 378 4180
1304 1311 378 4180
1319 1314 378 4180
1325 1311 378 4180
1317 1314 377 4179
1401 1313 378 4180
1303 1313 378 4180
1309 1312 377 4180
1308 1316 379 4181
1335 1313 377 4180
1303 1310 378 4180
1318 1312 378 4180
1315 1310 378 4180
1491 1314 378 4180
1302 1311 378 4181
1318 1313 378 4180
1473 1310 378 4180
1300 1312 378 4180
1318 1311 377 4181
1304 1314 379 4180
1308 1315 378 4180
1306 1310 376 4181
1300 1307 378 4180
1318 1313 379 4181
1314 1308 377 4180
1304 1313 378 4180
1293 1307 377 4180
1302 1309 378 4180
1333 1309 378 4180
1319 1310 378 4180
1309 1312 374 4181
1303 1310 378 4181
1291 1308 377 4180
1529 1312 377 4180
1303 1309 377 4180
1309 1308 377 4181
1301 1311 378 4180
1306 1311 377 4179
1301 1311 377 4180
1295 1308 376 4180
1319 1312 377 4180
1316 1311 377 4181
1298 1312 378 4180
1303 1311 378 4180
1299 1311 378 4180
1299 1309 380 4180
1327 1310 378 4181
1308 1310 378 4180
1320 1316 378 4180
1310 1310 377 4181
1329 1309 378 4180
1311 1311 376 4180
1315 1312 377 4180
1317 1314 379 4180
1300 1308 377 4180
1313 1314 377 4180
1450 1311 377 4181
1305 1316 378 4181
1333 1312 378 4180
1330 1311 378 4180
1311 1312 378 4180
1508 1309 378 4180
1292 1307 378 4179
1314 1311 377 4179
1319 1313 378 4180
1296 1314 378 4180
1297 1310 378 4180
1295 1309 378 4180
1310 1314 378 4179
1322 1312 376 4179
1331 1307 378 4180
1312 1311 378 4179
1306 1310 378 4180
1302 1310 378 4179
1300 1313 378 4180
1332 1310 378 4180
1309 1312 378 4180
1325 1316 377 4179
1302 1313 379 4180
1321 1311 378 4180
1309 1316 378 4181
1339 1311 378 4180
1315 1310 378 4180
1319 1314 378 4180
1302 1309 377 4181
1294 1307 378 4180
1301 1310 377 4180
1306 1315 378 4179
1299 1312 378 4180
1332 1311 378 4180
1490 1310 376 4180
1319 1311 377 4179
1325 1312 378 4180
9550 1313 4180 4180
1291 1307 377 4180
1309 1314 377 4180
16383 1309 4180 4180
1314 1316 376 4179
1306 1310 378 4180
1299 1310 377 4180
1305 1313 378 4180
1307 1309 377 4179
1310 1312 378 4180
1314 1313 378 4180
1301 1308 378 4179
1339 1313 378 4180
1298 1312 379 4180
1314 1313 377 4180
1305 1309 378 4180
1329 1312 378 4180
1315 1316 377 4181
1310 1315 378 4179
1303 1310 376 4180
1303 1309 377 4180
1539 1314 378 4181
1311 1310 377 4180
3267 1313 380 4180
1345 1313 375 4181
1302 1309 377 4180
1296 1314 377 4180
16383 1312 4181 4181
1321 1314 374 4180
1298 1310 375 4180
1350 1311 377 4180
1303 1311 378 4180
1307 1310 377 4180
1292 1311 378 4180
1327 1314 378 4181
1310 1310 377 4180
1299 1313 378 4181
1319 1312 377 4180
1303 1314 378 4179
1305 1312 379 4179
1314 1313 377 4180
1302 1311 378 4181
1307 1312 378 4180
1295 1310 378 4180
1329 1313 376 4180
1350 1312 378 4180
1306 1311 372 4180
1335 1314 376 4179
1304 1311 377 4180
1321 1312 377 4180
1319 1311 374 4180
1415 1316 377 4180
1524 1314 377 4180
1326 1313 377 4179
1293 1312 378 4180
1298 1309 376 4180
1299 1309 381 4180
1290 1309 378 4180
1299 1311 378 4180
1296 1309 378 4180
1308 1312 378 4181
1295 1309 378 4180
1307 1311 377 4181
1312 1311 378 4180
1307 1310 375 4180
1311 1314 378 4180
1306 1314 380 4180
1300 1308 376 4181
1303 1310 376 4180
1303 1312 378 4180
1305 1312 378 4180
1322 1313 378 4181
1318 1311 377 4180
1304 1314 379 4180
1310 1310 378 4180
1322 1311 377 4179
1306 1311 377 4179
1298 1309 379 4180
1306 1308 378 4181
1310 1310 377 4180
1311 1312 377 4179
1297 1310 378 4179
1306 1313 378 4180
1306 1313 379 4179
1303 1314 377 4180
1307 1310 377 4179
1310 1312 378 4180
1322 1312 377 4181
1307 1315 379 4180
1311 1309 378 4180
1305 1311 377 4180
1303 1309 378 4180
1305 1309 378 4180
1320 1316 378 4181
1299 1308 375 4181
1299 1309 376 4180
1302 1310 378 4180
1307 1310 378 4181
1320 1312 378 4180
1306 1312 378 4180
1319 1315 377 4180
1306 1312 378 4180
1519 1309 378 4180
1313 1311 378 4179
1306 1311 378 4179
1303 1309 378 4180
1380 1308 378 4180
1297 1307 377 4180
1315 1313 377 4180
1479 1311 379 4180
1314 1312 378 4180
1296 1308 378 4180
1298 1310 378 4180
1294 1311 363 4180
1314 1311 372 4181
1305 1310 378 4181
1319 1309 379 4180
1343 1310 378 4180
1324 1312 378 4180
1307 1309 377 4180
1311 1315 378 4180
1302 1314 377 4180
1325 1312 378 4180
1314 1310 379 4180
1300 1310 379 4180
1379 1311 378 4180
1301 1309 378 4180
1304 1313 378 4180
1329 1311 378 4180
16383 1312 4179 4179
1327 1312 378 4180
1301 1310 378 4180
1312 1312 378 4180
1481 1310 378 4180
1335 1311 378 4180
1307 1310 378 4179
1315 1312 377 4180
1300 1311 378 4180
1308 1312 378 4180
1295 1312 379 4181
1386 1316 377 4180
1315 1311 377 4180
1327 1314 378 4180
1320 1310 378 4181
1337 1310 377 4181
1300 1311 378 4180
1324 1310 378 4180
1318 1310 378 4180
1293 1310 379 4180
1334 1316 378 4180
1306 1313 378 4180
1308 1316 379 4181
1306 1313 379 4180
1297 1316 378 4180
1301 1308 378 4180
8477 1312 4180 4180
1289 1307 379 4180
1542 1311 378 4180
1313 1311 377 4181
1319 1315 378 4180
1305 1311 379 4181
1300 1311 378 4180
1305 1312 379 4181
1324 1310 379 4180
1299 1311 376 4180
1308 1312 379 4180
1314 1309 378 4180
1306 1313 378 4180
1313 1314 378 4180
1308 1312 378 4180
1303 1309 377 4179
1313 1312 379 4179
1294 1313 378 4180
1366 1308 379 4180
1316 1314 378 4180
1304 1315 376 4180
1302 1310 378 4181
1300 1310 378 4180
1297 1310 378 4180
1358 1312 378 4180
1302 1311 378 4181
1303 1310 378 4179
1305 1309 376 4180
1319 1312 379 4180
1549 1308 379 4180
1327 1313 379 4180
1307 1313 379 4180
1315 1310 378 4180
1310 1313 378 4180
1313 1311 379 4181
1340 1310 378 4179
1310 1313 378 4180
1335 1312 378 4180
1299 1313 378 4181
1309 1312 379 4180
1305 1314 378 4180
1306 1311 379 4180
1307 1316 378 4179
1307 1313 378 4179
1309 1311 379 4180
1316 1315 378 4179
1298 1311 378 4180
1310 1310 379 4179
1301 1312 377 4180
1307 1315 379 4180
1309 1311 379 4181
1306 1315 379 4180
1311 1310 378 4180
1307 1312 379 4180
1304 1309 378 4180
1318 1310 379 4180
1317 1313 379 4180
1297 1313 378 4180
1315 1315 379 4180
1514 1311 379 4180
1308 1310 378 4180
1307 1309 379 4180
1309 1311 379 4181
1315 1312 378 4180
1293 1308 379 4180
1323 1314 378 4179
1308 1314 379 4180
1318 1314 379 4180
13633 1310 4180 4180
1303 1312 378 4180
1308 1310 378 4180
1299 1310 378 4180
1306 1309 378 4180
1293 1310 378 4180
1303 1313 378 4180
12871 1313 4180 4180
1308 1314 378 4181
1312 1314 379 4180
1364 1311 378 4180
1321 1310 378 4180
1510 1314 379 4179
1346 1312 378 4180
1300 1312 379 4180
1294 1312 379 4180
1300 1314 378 4181
1306 1314 379 4180
1319 1314 378 4180
1291 1317 379 4180
1518 1312 375 4181
1296 1312 378 4180
1295 1307 378 4180
1303 1310 378 4180
1341 1312 378 4181
1306 1310 378 4179
1313 1315 378 4180
1300 1312 380 4179
1303 1310 378 4181
1301 1313 379 4180
1307 1315 378 4181
1322 1312 378 4180
1304 1311 379 4180
1300 1310 379 4180
1301 1310 378 4181
1318 1314 378 4180
1307 1312 379 4180
8946 1316 4180 4180
1296 1311 378 4180
1318 1308 378 4180
1315 1313 379 4181
1315 1316 378 4180
1302 1309 378 4180
1319 1313 378 4180
1310 1310 377 4179
1303 1314 379 4180
1301 1312 379 4180
1317 1313 378 4181
1311 1316 378 4180
1312 1313 379 4180
1297 1308 378 4181
1303 1310 378 4180
1548 1311 379 4180
1343 1311 378 4180
11219 1310 4180 4180
1302 1314 374 4181
1322 1312 378 4181
1304 1315 379 4180
1309 1312 378 4180
1298 1311 378 4180
1306 1307 378 4180
1310 1316 378 4180
1307 1311 378 4180
1312 1313 379 4180
1337 1312 378 4180
1293 1310 378 4180
1492 1313 378 4179
1307 1312 376 4180
1331 1310 379 4181
1324 1309 378 4180
1297 1308 379 4180
1306 1313 378 4180
1301 1309 379 4180
1305 1310 377 4181
1319 1312 378 4179
1346 1312 379 4180
1309 1311 378 4180
1321 1309 379 4181
1301 1310 372 4180
1309 1309 378 4180
1311 1314 379 4181
1307 1312 379 4180
1306 1315 379 4180
1309 1310 378 4181
1319 1309 380 4181
1311 1309 379 4180
1311 1310 373 4181
1487 1314 378 4180
1294 1309 379 4180
1322 1314 379 4181
1310 1312 379 4180
1320 1311 379 4180
1300 1311 378 4180
1292 1307 379 4180
1311 1308 378 4181
1306 1312 379 4181
1302 1308 378 4181
1303 1311 379 4180
1309 1311 377 4181
1301 1310 378 4180
1330 1312 353 4180
1341 1311 378 4180
1348 1313 379 4181
1307 1311 378 4180
1304 1308 378 4180
1396 1310 378 4180
1298 1308 378 4180
1300 1312 377 4180
1323 1312 378 4181
1297 1308 379 4180
1298 1307 379 4181
1307 1315 378 4180
1325 1315 379 4181
1307 1313 379 4180
1335 1309 375 4181
16383 1310 4181 4181
1303 1314 379 4180
1294 1309 379 4180
1300 1306 379 4180
1372 1312 379 4181
1305 1310 379 4180
1296 1309 379 4181
1314 1314 379 4180
1328 1314 379 4180
1306 1311 379 4181
1333 1308 378 4181
1290 1311 378 4181
1302 1311 377 4181
1310 1310 379 4180
1303 1309 378 4180
1300 1311 378 4180
1310 1315 376 4181
1337 1309 378 4181
1323 1314 379 4180
1381 1312 378 4181
1327 1308 378 4180
1320 1308 378 4181
1326 1311 378 4181
1302 1312 379 4180
1311 1310 378 4180
1317 1315 379 4180
1306 1314 379 4181
1513 1311 379 4181
1304 1309 379 4181
1303 1312 378 4180
1307 1310 379 4181
1301 1313 378 4180
1312 1315 378 4180
1308 1312 376 4180
1305 1312 379 4181
1341 1311 378 4180
1314 1312 378 4180
1302 1308 378 4181
1326 1310 378 4180
1317 1314 378 4180
1363 1310 378 4180
1355 1315 379 4180
1313 1314 377 4180
1348 1313 378 4180
1322 1310 379 4181
1317 1309 370 4181
1306 1314 378 4180
1309 1310 379 4180
1335 1313 379 4180
1309 1311 377 4181
1315 1312 379 4180
1308 1311 379 4180
1304 1309 379 4180
1306 1308 379 4181
1301 1312 378 4181
1308 1312 379 4180
1313 1309 379 4180
1309 1311 378 4181
1302 1317 378 4180
1351 1310 377 4180
1298 1308 379 4180
1305 1313 379 4181
1313 1310 379 4180
1483 1310 378 4181
1319 1309 379 4180
1315 1313 379 4181
1307 1312 379 4180
1302 1312 379 4180
1334 1311 378 4180
16383 1314 4180 4180
1307 1313 379 4180
1357 1310 378 4180
1316 1314 377 4181
1310 1310 376 4181
1302 1310 379 4180
1296 1308 379 4180
1299 1313 379 4180
1377 1314 379 4180
1312 1313 378 4180
1302 1310 378 4180
1291 1309 378 4181
1315 1315 376 4181
1299 1310 378 4180
1296 1312 379 4180
1300 1310 379 4180
1506 1310 378 4181
1319 1311 379 4180
13355 1310 4180 4180
1300 1309 379 4181
1464 1310 378 4180
1317 1309 376 4180
1319 1308 376 4181
1307 1308 378 4180
1303 1312 378 4179
1323 1313 379 4180
1305 1310 377 4181
1311 1313 378 4180
1301 1311 379 4180
1321 1313 378 4180
1301 1308 379 4179
3519 1311 380 4180
1310 1310 379 4180
1316 1314 379 4180
1296 1307 379 4180
1303 1311 378 4180
1302 1308 376 4180
1293 1309 378 4180
1302 1309 379 4181
1301 1314 378 4180
1301 1313 378 4182
1321 1307 378 4181
1297 1310 379 4180
1309 1313 377 4180
1302 1311 379 4181
1323 1313 379 4180
1302 1315 379 4181
1314 1311 378 4181
1325 1314 379 4181
1517 1313 378 4180
1500 1311 379 4180
1319 1311 379 4180
1316 1315 379 4181
1323 1312 379 4181
1303 1311 378 4180
1331 1313 378 4181
1304 1310 379 4181
1300 1312 379 4180
1306 1309 380 4180
1324 1313 378 4180
1304 1313 379 4181
1305 1309 379 4181
1315 1311 379 4180
1291 1308 379 4180
1304 1311 379 4180
1376 1307 379 4180
1302 1313 378 4180
1303 1311 379 4180
1298 1313 379 4181
1330 1310 378 4180
1302 1312 380 4180
1300 1311 379 4181
1300 1308 379 4181
1317 1314 378 4181
1327 1312 378 4180
1317 1313 378 4180
1366 1314 376 4180
1319 1311 379 4181
1302 1314 379 4180
1306 1314 379 4180
1495 1312 379 4181
1304 1311 379 4180
1303 1310 378 4180
1310 1312 379 4180
1306 1309 379 4180
1312 1310 379 4180
1318 1312 379 4180
1324 1316 379 4180
1306 1313 379 4180
1315 1312 379 4181
1338 1309 378 4181
1298 1311 378 4181
1306 1309 378 4180
1311 1310 379 4181
1299 1309 379 4180
1331 1312 379 4180
1338 1315 379 4181
1306 1313 378 4181
1307 1309 379 4181
1324 1315 378 4181
10122 1315 4180 4180
1304 1309 377 4181
1330 1309 378 4181
1300 1309 379 4180
1305 1315 379 4181
1340 1308 377 4180
1309 1310 376 4181
1294 1308 377 4180
1505 1312 378 4180
1309 1307 378 4180
1319 1313 377 4180
1310 1312 378 4180
1316 1310 378 4180
1311 1309 378 4179
1300 1313 378 4180
1298 1310 379 4180
1305 1310 379 4181
1313 1311 379 4180
1313 1308 378 4180
1322 1309 378 4180
1303 1310 376 4181
1312 1313 379 4180
1290 1310 380 4181
1339 1309 379 4180
1301 1309 379 4180
1298 1311 378 4181
1338 1311 379 4180
1327 1311 378 4181
1307 1315 378 4180
1301 1313 378 4180
1302 1312 378 4180
1324 1312 378 4181
1307 1310 378 4180
1301 1310 376 4181
1304 1313 379 4180
1305 1309 378 4180
1306 1310 379 4181
1496 1313 378 4181
1295 1310 379 4180
1291 1310 378 4180
8866 1309 4180 4180
6022 1312 1857 4180
1296 1310 378 4181
1301 1309 378 4181
1317 1312 378 4181
1317 1312 379 4181
1328 1314 379 4180
1348 1310 378 4180
1301 1312 377 4181
1292 1312 378 4180
1317 1310 378 4181
1301 1309 379 4180
1310 1316 379 4180
1330 1311 379 4181
1300 1313 379 4180
1305 1311 377 4181
1298 1309 378 4180
1308 1313 379 4182
1304 1311 378 4181
1322 1314 378 4180
1299 1307 378 4180
1301 1310 380 4180
1314 1308 379 4181
3581 1307 377 4180
1507 1316 377 4180
1334 1312 378 4180
1303 1313 378 4181
1295 1312 378 4181
1301 1311 379 4181
1309 1313 378 4180
1319 1311 378 4181
1329 1313 378 4181
1305 1312 378 4181
1306 1316 376 4180
1300 1311 379 4181
1307 1311 378 4181
1308 1314 378 4180
1302 1314 378 4181
1304 1313 379 4180
1294 1309 378 4180
1321 1316 378 4181
1299 1312 379 4180
1303 1310 379 4181
1309 1311 379 4181
1351 1313 378 4180
1311 1306 377 4180
1319 1313 378 4180
1297 1308 379 4180
1338 1315 379 4180
1508 1311 378 4180
1326 1308 378 4181
1333 1315 378 4180
1327 1307 378 4181
1315 1311 379 4180
1298 1309 379 4180
1303 1312 378 4181
1306 1310 378 4180
1309 1309 378 4181
1306 1311 379 4181
1311 1309 379 4181
1326 1313 378 4181
1320 1310 379 4181
1305 1310 377 4181
1298 1308 378 4181
1313 1310 375 4181
1304 1309 379 4181
1307 1312 379 4180
1329 1314 378 4181
1300 1313 378 4181
1314 1310 378 4181
1315 1313 378 4181
1307 1314 378 4180
1298 1314 378 4181
1319 1313 377 4181
1330 1314 378 4182
1364 1314 377 4181
1303 1309 376 4180
1306 1310 379 4181
1294 1310 378 4181
1302 1311 379 4181
1357 1310 379 4181
1314 1315 379 4182
16383 1308 4181 4181
1303 1312 378 4181
1342 1313 378 4181
1307 1311 379 4180
1306 1308 378 4181
1313 1312 379 4181
1346 1308 378 4181
1308 1313 379 4181
1304 1308 378 4181
1302 1309 379 4180
1302 1310 380 4180
1311 1314 378 4182
1307 1310 379 4181
1297 1310 378 4181
1337 1312 379 4181
1325 1309 379 4181
1314 1314 379 4181
1311 1309 378 4181
1309 1312 379 4180
1306 1312 378 4181
13276 1308 4181 4181
1299 1309 379 4180
1326 1311 378 4181
1308 1308 378 4180
1305 1312 379 4180
1306 1312 376 4181
1297 1309 379 4181
1303 1309 379 4180
1301 1311 378 4181
1309 1309 379 4181
1301 1309 377 4181
1290 1311 379 4181
1310 1307 379 4181
1339 1316 379 4181
1309 1312 379 4180
1320 1308 378 4180
1321 1315 379 4180
1306 1316 379 4181
1320 1313 375 4180
1310 1311 378 4181
1329 1311 379 4180
1321 1310 378 4181
1301 1310 374 4181
1304 1308 379 4180
1306 1309 378 4180
1301 1310 379 4180
1309 1312 379 4180
1319 1310 378 4180
1295 1315 378 4181
1302 1313 379 4180
1299 1311 379 4180
1303 1315 379 4181
1305 1311 378 4181
1298 1306 379 4182
1303 1309 379 4180
1309 1311 379 4181
1303 1313 379 4181
1303 1310 379 4181
1357 1312 378 4182
1307 1314 379 4180
1371 1312 378 4181
1304 1313 379 4180
1314 1310 378 4181
1320 1316 379 4181
1298 1308 377 4181
1305 1313 379 4181
1302 1316 378 4181
1308 1310 379 4181
1304 1312 379 4181
1298 1311 379 4181
1316 1312 379 4180
1310 1310 379 4181
1306 1312 378 4180
1305 1312 379 4181
1471 1309 379 4181
1304 1309 380 4181
1305 1311 379 4181
1305 1311 379 4181
14544 1316 4180 4180
1299 1309 378 4181
1302 1311 381 4182
1386 1312 378 4180
1300 1310 379 4181
1330 1306 378 4181
1313 1311 379 4181
1298 1311 379 4180
1332 1310 373 4180
1302 1311 378 4180
1303 1311 379 4181
1315 1313 378 4180
1308 1312 379 4181
1320 1312 379 4181
1308 1314 379 4181
1297 1312 379 4181
1294 1310 378 4181
1302 1307 379 4181
1332 1314 375 4181
1316 1307 378 4181
1302 1312 379 4182
1306 1309 378 4181
1298 1309 379 4181
1307 1311 379 4181
1297 1310 378 4180
1313 1316 379 4181
1295 1308 372 4181
1308 1314 379 4181
1295 1310 379 4181
1323 1309 377 4181
1302 1312 378 4181
1309 1312 378 4180
1531 1314 378 4180
1323 1310 379 4180
1303 1312 379 4182
1299 1311 379 4181
1311 1311 378 4181
1340 1312 379 4181
1303 1309 379 4180
1310 1313 379 4181
1322 1313 379 4180
1303 1310 379 4180
1342 1316 377 4180
1309 1309 378 4181
1318 1312 379 4181
1299 1313 376 4180
1300 1311 378 4181
1312 1312 379 4181
1325 1308 378 4181
1306 1312 379 4181
1297 1307 379 4181
1320 1313 379 4181
1311 1314 379 4181
1364 1309 378 4180
1306 1309 377 4181
1319 1311 378 4181
1298 1308 379 4181
1310 1313 378 4181
1306 1312 378 4181
1304 1309 379 4180
1304 1312 381 4180
1317 1314 378 4180
1314 1309 380 4182
1299 1311 379 4181
1310 1314 379 4180
1332 1312 377 4181
1307 1311 379 4180
1307 1316 378 4181
1305 1307 378 4180
1304 1312 370 4181
1519 1314 378 4181
1311 1311 377 4181
1301 1310 379 4181
1308 1310 378 4181
1317 1311 378 4180
1304 1310 378 4181
1326 1309 377 4180
1330 1310 377 4181
1310 1313 378 4180
1298 1308 370 4180
1310 1309 378 4180
6178 1311 1852 4180
1352 1314 378 4180
1315 1311 378 4181
1307 1308 378 4181
1449 1308 379 4181
1314 1311 378 4181
14903 1316 4179 4179
1301 1312 379 4180
1302 1310 378 4180
1314 1313 379 4181
1306 1310 379 4181
1352 1312 375 4180
1323 1312 377 4181
1307 1312 379 4181
1315 1313 379 4181
1309 1313 379 4180
1311 1310 380 4182
1306 1308 377 4181
1302 1313 378 4182
1304 1311 378 4180
1306 1314 378 4180
1298 1308 378 4182
1306 1311 379 4181
1513 1312 379 4181
1329 1313 377 4181
1317 1310 378 4181
1328 1312 374 4180
1307 1310 378 4181
1357 1309 379 4181
1304 1310 379 4181
1298 1307 377 4181
1310 1316 377 4181
1313 1313 376 4181
1309 1313 379 4181
1305 1311 379 4181
1341 1310 379 4181
1312 1311 378 4181
1314 1309 378 4180
1327 1314 376 4181
1332 1308 379 4181
1297 1309 378 4181
1314 1311 380 4181
2739 1307 378 4180
1302 1311 376 4181
16383 1310 4180 4180
1326 1316 378 4181
1300 1309 379 4181
1306 1311 379 4180
1312 1314 378 4180
1312 1311 378 4180
1344 1312 378 4181
1303 1312 375 4180
1507 1311 376 4180
1331 1312 378 4182
1302 1310 379 4180
1310 1312 378 4181
1305 1311 379 4181
1293 1310 378 4180
1327 1313 378 4180
1298 1310 379 4180
1317 1311 378 4180
1299 1308 379 4180
1307 1313 379 4180
1306 1310 379 4181
1313 1310 375 4181
1349 1311 378 4181
1308 1314 379 4181
1330 1310 379 4181
1303 1308 378 4180
1308 1312 379 4181
1315 1311 377 4181
1306 1313 380 4181
1304 1314 379 4181
1298 1312 379 4181
1345 1314 379 4180
1299 1310 379 4180
1303 1310 379 4181
1314 1311 379 4181
1311 1312 378 4181
1304 1313 379 4181
1314 1312 379 4181
1275 1312 378 4180
1483 1309 379 4181
1313 1308 378 4179
1311 1312 377 4181
1335 1309 370 4180
1306 1314 378 4181
1307 1312 380 4181
1297 1308 379 4181
1307 1314 379 4181
1469 1310 378 4180
1316 1311 376 4181
1306 1314 378 4180
1303 1312 376 4180
1320 1316 379 4180
1305 1309 378 4181
1307 1314 379 4181
1308 1309 379 4180
1352 1308 378 4180
1306 1309 378 4180
1304 1313 379 4181
1306 1312 378 4180
1295 1310 379 4181
1275 1310 1606 4181
1302 1314 379 4180
1307 1313 379 4180
1303 1313 378 4181
1306 1312 379 4180
1502 1309 377 4181
1301 1309 378 4180
1317 1310 378 4181
1309 1308 379 4181
1302 1314 379 4180
1294 1316 378 4181
1287 1307 378 4180
1305 1311 378 4181
1308 1313 379 4181
1298 1311 377 4181
1294 1314 378 4181
1307 1310 379 4181
1318 1309 379 4181
1318 1311 379 4181
1325 1317 379 4181
1292 1311 379 4182
1313 1312 377 4180
1311 1310 378 4181
1321 1309 379 4181
1304 1312 379 4181
1319 1310 379 4181
1307 1315 379 4181
1309 1314 379 4180
1295 1311 378 4182
1316 1318 379 4180
1332 1312 379 4181
1299 1309 378 4180
1347 1313 378 4181
1302 1309 379 4180
1311 1308 377 4181
1304 1312 379 4180
1299 1308 378 4181
1466 1315 378 4181
1293 1310 378 4180
1302 1310 378 4181
1321 1309 378 4181
1299 1313 379 4181
1388 1313 375 4181
1335 1310 376 4181
1300 1310 378 4180
1332 1314 378 4181
1333 1309 374 4181
1361 1311 377 4181
1301 1308 378 4180
1305 1308 379 4181
1304 1313 378 4181
1316 1310 379 4181
1300 1308 378 4180
1314 1309 377 4181
1324 1312 378 4181
1306 1311 379 4182
1303 1311 374 4181
1310 1311 378 4181
1311 1310 378 4181
15261 1310 4180 4180
1304 1316 378 4180
1296 1312 378 4180
1311 1310 378 4181
1309 1313 376 4181
1315 1309 379 4180
1356 1306 378 4182
1299 1309 379 4182
1315 1312 378 4180
1468 1311 377 4181
1319 1316 378 4181
1302 1313 378 4180
1311 1316 378 4181
1316 1310 379 4181
1302 1312 378 4181
1306 1315 379 4181
1306 1308 379 4181
1342 1311 378 4181
1303 1310 379 4181
9444 1310 4180 4180
1306 1312 377 4181
1310 1314 378 4181
1314 1307 378 4181
1386 1313 377 4179
1303 1310 378 4181
1302 1309 378 4181
1298 1308 379 4181
1305 1313 379 4181
1311 1313 379 4182
1303 1310 377 4180
1308 1310 379 4181
1517 1311 378 4182
1312 1311 378 4181
1310 1313 379 4181
1303 1313 377 4181
1314 1311 378 4180
1303 1312 379 4181
1329 1313 378 4181
1306 1314 379 4181
1308 1312 378 4181
1303 1310 379 4181
1299 1309 378 4181
1315 1311 379 4181
1316 1316 380 4181
1305 1310 380 4181
1312 1313 377 4179
1316 1313 378 4180
1296 1309 378 4181
1326 1314 379 4181
1291 1311 379 4181
1300 1312 378 4181
1298 1310 378 4180
1301 1310 379 4181
1378 1314 379 4180
1302 1307 379 4181
1301 1310 379 4180
1303 1314 379 4181
1295 1309 378 4181
1517 1314 379 4181
1307 1314 378 4180
1326 1315 379 4181
1308 1313 379 4181
1309 1313 378 4182
1442 1311 379 4181
1306 1312 379 4181
1305 1313 379 4181
1314 1307 379 4182
1329 1314 379 4181
1294 1310 378 4181
1304 1314 378 4181
1302 1310 378 4180
1308 1311 379 4180
1303 1311 379 4181
1307 1311 379 4180
1305 1313 378 4181
1358 1313 377 4181
1309 1315 378 4181
1292 1308 379 4181
1307 1313 379 4181
1359 1312 378 4182
1344 1310 379 4180
1307 1312 379 4180
1509 1312 378 4181
1294 1314 379 4181
1309 1310 378 4181
1343 1311 378 4180
1303 1313 376 4181
1299 1312 379 4181
1305 1312 379 4181
1351 1311 378 4180
1310 1311 379 4180
1346 1312 378 4181
1309 1310 379 4181
1308 1312 378 4181
1311 1309 378 4181
1303 1310 379 4180
1309 1312 379 4181
1324 1312 379 4180
2668 1312 378 4181
1334 1315 379 4182
1303 1316 379 4181
1503 1315 378 4180
1403 1310 379 4181
1311 1313 377 4181
1299 1311 378 4181
1324 1312 379 4180
1304 1311 379 4181
1308 1311 377 4181
1329 1310 378 4181
1302 1310 379 4181
1306 1310 379 4180
1302 1314 379 4180
1309 1312 379 4181
1310 1309 379 4181
1310 1310 379 4181
1300 1310 379 4180
1309 1309 378 4181
1306 1314 379 4181
14306 1312 4180 4180
1306 1313 377 4181
1305 1310 379 4181
1424 1313 378 4181
1315 1311 379 4181
1341 1308 378 4180
1305 1314 378 4181
1299 1313 379 4181
1312 1316 379 4180
1309 1313 379 4180
1312 1312 379 4181
1303 1314 379 4181
1298 1314 380 4181
1303 1311 379 4180
1303 1312 380 4180
1305 1310 379 4181
1344 1313 379 4181
1308 1314 379 4181
1507 1314 379 4181
1329 1314 379 4181
1305 1308 378 4181
1309 1310 378 4179
1299 1313 378 4179
1296 1310 378 4180
1306 1310 382 4181
1302 1312 377 4179
1295 1309 378 4181
1381 1317 379 4181
1313 1314 378 4180
1305 1312 379 4181
1304 1310 379 4180
1317 1309 380 4180
1297 1309 379 4181
1323 1315 379 4180
16383 1309 4181 4181
1311 1314 379 4181
1302 1309 379 4181
1298 1313 378 4180
1307 1313 379 4181
1304 1309 379 4181
1308 1316 379 4181
1305 1312 379 4181
1311 1315 379 4182
1316 1311 379 4182
1303 1312 380 4180
12220 1311 4181 4181
1320 1311 378 4181
1310 1315 378 4181
1513 1313 377 4179
1314 1314 379 4180
1303 1311 379 4181
1277 1310 380 4181
1309 1310 379 4181
1308 1310 379 4181
1313 1311 379 4180
1304 1314 379 4181
1302 1310 380 4181
15568 1309 4181 4181
1387 1309 378 4179
1316 1310 379 4181
1300 1311 380 4181
1314 1313 379 4181
1307 1310 379 4181
1303 1311 379 4181
1329 1309 379 4182
1301 1308 379 4181
1303 1312 379 4182
1302 1308 378 4181
1302 1312 380 4181
1320 1315 379 4181
1318 1311 378 4181
1299 1311 379 4181
1502 1312 379 4181
1371 1309 378 4182
1327 1314 379 4181
1305 1314 379 4182
1330 1309 378 4180
1312 1312 379 4181
1303 1313 378 4182
1305 1313 378 4181
1303 1309 378 4181
1301 1315 379 4181
1303 1309 379 4181
1313 1313 379 4181
1299 1309 366 4180
1300 1310 379 4181
1299 1311 379 4181
1303 1308 380 4180
1298 1308 379 4181
1311 1311 379 4181
1321 1316 379 4181
1300 1310 379 4181
1314 1311 379 4181
1300 1313 379 4181
2651 1312 378 4181
1306 1313 376 4180
1307 1310 378 4181
1308 1313 379 4181
1373 1311 379 4181
1306 1311 379 4181
1307 1310 378 4181
1301 1314 379 4182
1303 1309 379 4181
1303 1314 379 4181
1486 1315 377 4181
1306 1312 379 4182
1315 1310 378 4180
1299 1311 379 4180
1303 1315 378 4181
1323 1311 377 4180
1315 1310 378 4181
1301 1312 379 4181
1298 1311 380 4182
1305 1316 379 4182
1299 1313 379 4179
1298 1308 378 4181
1303 1314 379 4181
1313 1312 378 4182
1305 1310 377 4181
1317 1310 379 4180
1296 1312 379 4181
1323 1311 377 4180
1299 1312 378 4180
1282 1310 1593 4181
1304 1311 378 4180
1294 1311 378 4181
1334 1312 378 4181
1325 1306 379 4181
1287 1314 1595 4182
1304 1308 379 4181
1540 1311 379 4182
1307 1314 378 4179
1299 1307 379 4181
1303 1313 379 4180
1286 1313 1594 4181
1309 1310 378 4181
1358 1314 379 4180
1301 1310 379 4181
1294 1308 379 4181
1305 1312 379 4182
1305 1308 379 4181
1296 1307 380 4182
1300 1311 380 4181
1314 1311 379 4180
1322 1314 379 4180
1311 1311 379 4180
1308 1316 376 4180
1304 1313 377 4180
1298 1309 379 4180
1307 1309 378 4181
1297 1315 379 4181
1305 1314 376 4180
1308 1308 378 4181
1303 1311 377 4180
1297 1311 379 4181
1295 1309 378 4180
1306 1310 377 4180
1312 1314 378 4181
1297 1308 379 4181
1509 1309 379 4180
1304 1307 379 4181
1333 1314 379 4182
1300 1312 379 4181
1315 1311 378 4180
1305 1311 380 4180
1309 1311 379 4180
1307 1314 379 4181
1296 1314 379 4180
1329 1307 379 4181
1323 1311 379 4181
1302 1312 379 4181
11701 1311 4181 4181
1306 1314 378 4181
1300 1312 377 4181
1304 1310 379 4180
1327 1312 379 4181
8906 1311 4181 4181
1302 1307 378 4181
1301 1312 377 4182
1302 1309 379 4180
1305 1309 378 4181
1308 1311 378 4180
1311 1313 377 4181
1316 1316 377 4181
1311 1312 379 4181
1303 1313 378 4180
1298 1309 379 4180
1313 1309 379 4181
1306 1311 379 4180
1302 1308 380 4182
1299 1307 380 4181
1303 1315 380 4182
1344 1309 378 4181
1303 1309 379 4180
1505 1310 379 4181
1316 1311 379 4181
1311 1313 379 4181
1303 1307 379 4182
1294 1311 377 4180
1315 1313 379 4182
1309 1313 379 4181
1300 1311 379 4181
1306 1312 379 4182
16383 1314 1803 4180
1302 1311 374 4181
1315 1313 378 4180
1343 1311 379 4180
1302 1311 379 4180
1303 1308 379 4181
1299 1310 380 4182
2532 1310 379 4180
1307 1313 379 4180
1306 1310 379 4180
1413 1310 379 4181
1309 1308 379 4182
1307 1312 379 4181
1306 1311 379 4180
1307 1311 380 4181
1307 1311 377 4180
1314 1313 377 4181
1305 1312 378 4181
1292 1312 378 4179
1300 1312 378 4180
1315 1315 379 4180
1301 1306 379 4181
1512 1313 378 4182
1294 1311 380 4180
1329 1315 380 4180
1294 1314 378 4181
1303 1311 379 4182
1314 1314 378 4181
1307 1310 379 4181
1315 1313 379 4181
1308 1310 380 4181
1291 1309 379 4179
1290 1309 374 4181
1319 1311 379 4181
1298 1312 379 4180
1309 1310 379 4180
1325 1310 380 4180
1300 1312 376 4180
1311 1307 378 4180
1307 1313 379 4181
1321 1311 378 4181
1295 1307 378 4180
1295 1308 379 4181
1301 1311 379 4181
1305 1311 379 4181
1299 1316 378 4180
1298 1310 379 4181
1303 1313 380 4181
1305 1312 379 4181
1317 1311 379 4181
1309 1309 378 4181
1309 1310 380 4181
1303 1309 378 4181
1321 1310 379 4181
1307 1312 379 4181
1529 1315 380 4180
1304 1310 379 4180
16383 1310 4180 4180
1326 1316 380 4181
1324 1313 379 4181
1303 1309 378 4179
1306 1313 379 4180
1303 1311 379 4181
1303 1312 379 4180
1307 1313 378 4181
1339 1314 379 4182
1325 1311 379 4179
1306 1312 379 4181
1310 1311 379 4181
1305 1312 379 4181
1296 1310 379 4181
1300 1306 379 4179
1305 1310 379 4181
1313 1311 379 4181
1309 1311 379 4181
1303 1314 379 4181
1359 1314 377 4179
1303 1311 380 4181
1337 1310 379 4180
1303 1310 379 4181
1307 1310 379 4181
1325 1310 378 4181
1317 1313 378 4181
1315 1315 379 4181
1376 1312 379 4182
1305 1312 379 4181
1302 1310 379 4181
1305 1312 379 4180
1303 1310 378 4181
1347 1310 378 4181
1493 1311 379 4180
1316 1313 380 4181
1325 1313 379 4181
1299 1313 379 4180
1292 1311 380 4182
1299 1315 378 4181
1306 1310 375 4179
1303 1314 379 4180
1321 1313 379 4182
1311 1313 379 4180
1307 1310 379 4181
1307 1313 379 4180
1305 1314 379 4181
1314 1312 379 4181
1299 1309 380 4180
1328 1316 380 4180
1310 1314 380 4180
1315 1311 379 4180
1302 1312 379 4180
1310 1316 379 4181
1317 1313 379 4181
1296 1310 378 4181
1305 1310 379 4181
1304 1311 380 4181
1314 1314 379 4181
1309 1308 379 4181
1317 1316 379 4180
1319 1311 380 4181
1326 1312 379 4181
6729 1311 2902 4181
1313 1314 374 4180
16383 1312 4181 4181
1311 1311 378 4181
1375 1313 379 4182
1533 1311 379 4181
1307 1313 379 4181
1314 1310 379 4181
1340 1312 379 4180
1301 1313 379 4181
1343 1309 378 4181
1307 1312 380 4181
1442 1308 380 4180
1319 1312 379 4182
9391 1309 4181 4181
1306 1311 380 4182
1313 1316 379 4181
1313 1315 379 4181
1340 1311 379 4181
1356 1314 378 4179
1302 1312 382 4180
1295 1309 379 4181
1308 1313 379 4182
1293 1313 379 4180
1306 1309 379 4180
1302 1310 379 4181
1333 1316 378 4180
1306 1311 379 4181
1395 1310 379 4181
1327 1312 379 4181
1301 1311 379 4180
1332 1311 379 4181
1308 1313 379 4181
1334 1310 379 4180
1350 1312 379 4183
1519 1313 379 4180
1301 1312 379 4181
1297 1308 380 4182
1305 1311 381 4181
1296 1310 379 4181
1290 1309 380 4180
1304 1312 380 4182
1303 1313 379 4181
1295 1311 379 4181
1339 1314 379 4181
1311 1313 379 4181
1312 1311 379 4182
1300 1309 379 4181
1307 1311 379 4182
1308 1314 379 4181
1309 1314 379 4181
1299 1311 379 4181
1324 1310 378 4181
1308 1309 368 4180
1303 1310 379 4182
1302 1310 379 4182
1299 1310 380 4181
1307 1310 378 4180
1298 1310 375 4180
1386 1312 379 4182
1303 1312 379 4180
1493 1313 379 4181
1294 1310 378 4179
1377 1313 379 4180
1297 1311 380 4181
1329 1309 380 4181
1300 1311 379 4180
1302 1317 379 4180
1308 1313 380 4181
1357 1312 378 4181
1298 1310 379 4180
1315 1313 380 4181
1303 1310 379 4181
1314 1312 372 4180
1301 1313 379 4180
1373 1315 379 4181
1308 1309 379 4181
1300 1311 379 4181
1294 1310 380 4180
1309 1312 380 4181
1295 1308 377 4181
1326 1311 379 4182
1315 1314 379 4180
1320 1313 379 4180
1308 1314 378 4180
1308 1308 379 4181
1308 1311 380 4182
1523 1308 379 4180
1314 1312 377 4180
1303 1314 379 4181
1312 1312 378 4181
1295 1312 379 4180
1323 1313 377 4179
1305 1311 378 4180
1451 1312 1545 4181
2431 1310 378 4181
1303 1313 379 4180
1315 1308 379 4180
1320 1315 377 4180
1306 1313 378 4181
1312 1308 379 4181
1348 1311 379 4180
1296 1315 378 4180
1307 1310 379 4180
1314 1309 379 4180
1334 1311 379 4181
1308 1314 379 4181
1304 1308 379 4182
1301 1311 379 4180
1319 1312 379 4181
1315 1312 379 4182
1291 1310 378 4180
1311 1311 379 4181
1318 1316 379 4180
1307 1308 379 4181
1321 1312 379 4182
1302 1311 380 4180
1345 1313 379 4180
1300 1310 379 4181
1440 1310 379 4181
1480 1310 379 4181
1305 1314 378 4181
1305 1313 379 4181
1302 1313 379 4182
1297 1311 379 4181
1321 1311 379 4180
1303 1311 379 4181
1305 1311 379 4181
1319 1311 379 4180
1302 1310 379 4180
1319 1310 379 4181
1311 1313 379 4181
1311 1310 379 4180
1295 1308 380 4181
1302 1311 380 4181
1306 1308 379 4180
1301 1313 378 4180
1308 1308 380 4179
1309 1314 377 4179
1302 1310 379 4180
1317 1312 379 4180
1303 1310 379 4181
1309 1310 379 4181
1309 1310 379 4180
1366 1316 379 4181
1305 1312 380 4180
1314 1314 380 4181
1301 1310 380 4181
1305 1308 379 4180
1507 1312 380 4180
1313 1312 379 4180
1291 1310 379 4182
16383 1310 4181 4181
14146 1313 4181 4180
1307 1311 379 4181
1320 1311 378 4180
1313 1309 380 4180
1328 1314 379 4180
1297 1314 378 4180
1312 1311 379 4181
1309 1309 379 4181
1314 1313 379 4181
1307 1312 379 4181
16383 1308 4181 4181
1313 1312 380 4181
1319 1314 379 4180
1316 1313 378 4182
1309 1314 380 4181
1305 1309 379 4181
1307 1311 378 4181
1297 1307 374 4180
1318 1310 378 4181
1306 1313 378 4181
1307 1312 379 4182
1310 1311 379 4180
1549 1309 379 4181
1309 1315 379 4181
1313 1312 379 4180
1297 1308 379 4181
1304 1314 379 4181
1298 1308 379 4180
1319 1308 379 4181
1303 1312 379 4180
1314 1308 379 4181
1303 1312 379 4181
1354 1308 379 4181
1303 1310 380 4181
1329 1313 379 4181
1301 1313 379 4181
1324 1311 378 4181
1308 1314 379 4181
1307 1310 378 4182
1301 1311 380 4180
2469 1309 379 4180
1304 1315 379 4182
1309 1313 380 4181
1300 1307 380 4181
1301 1316 379 4182
1326 1314 379 4181
1300 1309 379 4180
1297 1310 379 4180
1316 1314 379 4182
1302 1310 379 4181
1306 1310 379 4180
1299 1312 379 4180
1303 1309 376 4180
1323 1310 377 4180
1493 1312 376 4180
1298 1314 379 4180
1311 1310 378 4182
1308 1312 379 4182
1298 0 379 4182
1316 1310 379 4180
1334 1312 378 4181
1311 1311 379 4180
1302 1308 378 4181
1302 1310 378 4181
1330 1313 378 4181
1309 1314 379 4181
1307 1311 379 4181
1311 1312 379 4180
1305 1308 379 4181
1305 1315 379 4181
1335 1314 379 4180
1311 1308 379 4181
1335 1314 379 4181
1519 1309 378 4180
1339 1311 379 4180
1303 1312 380 4181
1315 1312 379 4181
1301 1309 379 4181
1316 1312 379 4182
1355 1312 378 4181
1437 1310 1494 4181
1314 1310 380 4181
1329 1312 378 4181
1301 1313 380 4181
1305 1313 379 4181
1315 1316 379 4181
1306 1313 378 4181
1313 1314 379 4180
1313 1311 379 4179
1303 1307 377 4180
1297 1310 379 4181
1333 1306 378 4180
1302 1314 378 4180
1302 1308 379 4181
1299 1307 379 4181
1308 1312 379 4180
1301 1309 379 4180
1311 1311 379 4182
1290 1310 379 4180
1340 1311 379 4180
1300 1311 379 4180
1539 1315 377 4180
1305 1314 379 4181
1343 1311 378 4180
1311 1316 379 4181
1306 1311 379 4181
1357 1308 379 4180
1310 1315 378 4181
1311 1313 379 4180
1299 1308 378 4181
1306 1311 379 4180
1300 1310 379 4181
1310 1312 379 4181
1307 1308 378 4181
1301 1310 379 4181
1289 1309 378 4181
1306 1311 379 4181
1295 1312 376 4180
1322 1314 379 4181
1310 1313 378 4182
1303 1310 378 4180
1302 1313 379 4181
2419 1312 378 4181
1301 1308 379 4180
1319 1316 377 4179
1298 1311 379 4179
9804 1313 4181 4181
1314 1308 378 4180
1327 1308 377 4181
1507 1313 378 4182
1303 1310 380 4181
1306 1309 378 4181
1323 1311 378 4180
1326 1308 378 4181
1321 1309 378 4180
1319 1311 377 4180
1330 1313 379 4181
1299 1311 377 4181
1302 1312 379 4182
1303 1313 379 4182
1301 1311 379 4181
1307 1312 379 4182
1300 1307 379 4182
1304 1308 378 4182
1301 1309 379 4181
1313 1315 378 4180
1308 1314 378 4181
1327 1313 379 4181
1330 1314 377 4180
1308 1310 379 4181
1305 1314 379 4182
1309 1314 380 4179
1310 1310 379 4180
1291 1314 379 4181
1308 1314 372 4180
1316 1311 378 4181
1459 1309 378 4180
1303 1314 380 4181
1322 1309 379 4181
1302 1312 379 4180
1313 1311 375 4180
1295 1313 379 4181
1295 1313 378 4181
1338 1313 379 4181
1331 1316 378 4181
1394 1313 379 4181
1292 1310 378 4182
1301 1310 379 4181
1330 1312 379 4181
1316 1314 379 4181
1303 1311 379 4181
1303 1310 379 4179
1303 1313 380 4181
1307 1314 379 4181
1323 1314 379 4180
1308 1307 379 4181
1306 1312 379 4180
1293 1312 376 4180
1333 1312 379 4180
1314 1311 379 4180
1303 1311 379 4182
1305 1311 376 4179
1310 1312 378 4181
1302 1309 375 4180
1309 1311 379 4181
1302 1308 379 4180
1302 1314 379 4181
1317 1311 372 4180
1296 1314 377 4181
1322 1311 379 4182
1305 1315 379 4181
1303 1310 380 4181
1312 1313 379 4180
1313 1311 379 4181
1311 1313 379 4180
1297 1308 379 4180
1295 1313 379 4182
1309 1313 378 4181
1299 1311 378 4180
11034 1313 4180 4180
1294 1314 378 4180
1311 1311 379 4180
1300 1311 379 4182
1320 1314 379 4182
1310 1310 378 4181
1314 1311 379 4180
1305 1315 378 4181
1296 1310 380 4181
1315 1308 379 4181
1301 1316 379 4181
1303 1313 379 4181
1305 1313 379 4182
1291 1311 379 4181
1319 1312 379 4181
1298 1310 376 4181
1533 1313 379 4181
2862 1310 378 4181
1306 1310 377 4181
1306 1311 379 4181
1390 1313 380 4181
16233 1314 4181 4181
16383 1312 4181 4181
1311 1308 379 4181
1313 1311 379 4181
1303 1311 379 4180
1305 1313 377 4181
1310 1308 379 4182
1302 1309 380 4180
1311 1313 379 4182
1310 1314 379 4181
1299 1312 376 4181
1325 1316 376 4181
1302 1309 377 4181
1334 1315 379 4181
1300 1311 380 4181
1298 1310 379 4181
1306 1311 378 4182
1309 1311 379 4181
1312 1316 379 4181
1318 1313 379 4181
1336 1309 379 4180
1321 1314 378 4181
1310 1310 379 4180
1308 1309 379 4182
1314 1309 379 4181
1317 1307 379 4181
1318 1311 379 4181
1323 1315 379 4182
1307 1311 371 4180
1294 1312 378 4180
1502 1314 379 4180
1305 1310 379 4181
1296 1310 378 4181
1303 1310 379 4182
1302 1311 379 4181
1305 1313 379 4180
1310 1310 378 4181
1303 1309 379 4181
1304 1312 380 4181
1305 1312 380 4181
1301 1308 378 4181
1299 1310 378 4181
1295 1314 379 4181
1403 1315 378 4180
1318 1313 378 4179
1305 1313 379 4182
1299 1309 378 4181
1317 1312 379 4180
1321 1308 379 4182
1329 1312 379 4180
1306 1309 379 4180
1318 1314 377 4180
12050 1309 4181 4181
1303 1310 380 4181
1307 1311 374 4181
1517 1308 378 4181
1304 1311 378 4181
1294 1310 378 4180
1298 1310 377 4181
1306 1311 379 4181
1311 1311 379 4182
1318 1314 378 4181
1308 1311 379 4181
1312 1314 379 4182
1290 1307 379 4181
1314 1311 379 4180
1319 1311 378 4181
1307 1313 379 4180
1293 1314 379 4181
1326 1311 379 4181
1306 1314 379 4181
1299 1309 379 4181
1306 1311 379 4182
1311 1310 377 4181
1306 1312 379 4182
1342 1311 379 4182
0 1310 379 4181
1306 1310 379 4181
1301 1311 379 4181
1300 1312 379 4181
1309 1314 379 4182
1295 1310 379 4181
1312 1312 378 4181
1306 1310 379 4181
1302 1314 380 4180
1310 1308 379 4180
1346 1314 378 4182
1517 1312 378 4180
1318 1317 379 4181
1320 1310 377 4181
1300 1313 379 4180
1302 1308 379 4180
1297 1310 379 4182
1329 1315 378 4181
1311 1314 379 4181
1306 1311 379 4180
1304 1310 378 4182
1315 1312 379 4181
1314 1310 378 4182
1302 1308 378 4181
1307 1314 380 4182
1307 1311 379 4181
1318 1311 379 4181
1310 1309 379 4181
14557 1310 4181 4181
1305 1312 380 4181
1334 1314 378 4181
1332 1312 378 4181
1521 1314 379 4181
1294 1310 379 4181
1317 1314 379 4181
1299 1310 379 4181
1310 1312 378 4181
1314 1311 376 4181
1323 1311 379 4181
1319 1312 379 4180
1302 1312 379 4181
1305 1311 378 4180
1304 1313 378 4181
1303 1311 379 4180
1354 1310 378 4181
1308 1312 379 4182
1297 1309 379 4182
1303 1310 379 4180
1309 1315 380 4181
1323 1309 379 4181
1301 1307 379 4182
1305 1309 378 4181
1302 1314 379 4180
1298 1312 379 4182
1308 1309 379 4182
1322 1313 378 4181
1311 1314 379 4182
1325 1307 379 4179
1349 1313 379 4181
1492 1312 380 4180
1321 1314 379 4181
1295 1312 378 4181
1302 1313 379 4181
1299 1310 378 4182
1316 1314 380 4181
1304 1312 379 4181
1301 1307 378 4181
1315 1311 379 4180
1318 1310 379 4180
1308 1314 379 4181
1557 1310 1506 4180
1306 1309 379 4180
1310 1310 380 4180
1307 1312 377 4180
1303 1309 379 4181
1304 1310 380 4182
1295 1310 379 4181
1302 1310 379 4181
1299 1311 379 4182
2270 1308 379 4181
8646 1309 4181 4181
1316 1313 378 4182
1308 1311 379 4181
1319 1313 379 4181
1338 1311 379 4181
1299 1307 378 4180
1333 1315 378 4181
1302 1313 377 4181
1306 1312 380 4181
1310 1314 379 4182
1529 1309 380 4182
1313 1313 379 4181
1306 1314 379 4181
1357 1311 379 4181
1310 1313 379 4180
1313 1313 379 4180
1314 1308 377 4181
1298 1309 379 4180
1307 1310 379 4182
1305 1312 379 4181
1303 1310 378 4181
1301 1311 379 4181
1298 1310 379 4181
1296 1313 379 4181
1309 1310 378 4181
1301 1315 379 4180
1306 1311 379 4180
9699 1314 4181 4181
1299 1310 379 4181
1337 1309 379 4180
1316 1310 378 4181
1301 1314 379 4181
1312 1312 379 4181
1523 1311 379 4181
1314 1311 378 4181
1302 1312 380 4181
1300 1314 380 4182
1307 1311 379 4180
1325 1310 379 4180
1294 1311 379 4181
1315 1311 380 4181
1299 1309 378 4180
1302 1310 379 4181
1465 1306 376 4181
1301 1314 379 4182
1309 1313 379 4182
1314 1310 379 4181
1307 1312 379 0
1318 1313 380 4180
1303 1311 378 4180
1311 1311 379 4180
1307 1310 379 4181
1323 1317 379 4181
1305 1309 379 4182
1314 1313 379 4180
1313 1313 378 4181
1309 1314 379 4181
1313 1309 379 4181
1312 1310 379 4180
1303 1312 379 4182
1305 1312 378 4180
1343 1310 378 4180
1318 1312 378 4181
1308 1311 377 4180
1523 1314 379 4182
1304 1314 378 4181
1302 1312 379 4181
14433 1309 4181 4181
1293 1306 379 4182
1302 1308 379 4182
1337 1312 378 4181
1299 1308 379 4180
1301 1311 380 4180
1306 1314 379 4182
1324 1311 379 4181
1313 1315 380 4181
1297 1313 380 4180
1300 1313 377 4181
1301 1313 379 4181
1303 1311 379 4181
1313 1309 379 4181
1330 1311 378 4180
1305 1311 385 4180
1300 1310 380 4181
1301 1313 377 4181
1304 1314 379 4181
1314 1312 379 4180
1308 1312 379 4182
1312 1314 378 4180
1498 1314 379 4181
1323 1316 378 4182
1300 1312 379 4180
1315 1311 379 4181
1301 1312 379 4181
1549 1306 379 4181
1324 1315 379 4181
1306 1316 379 4180
1300 1312 379 4181
1321 1313 377 4181
1307 1312 378 4180
1320 1312 380 4182
1303 1309 378 4181
1311 1310 379 4181
1302 1310 378 4181
1307 1311 379 4180
1303 1310 379 4182
1306 1311 379 4180
1301 1312 380 4181
1330 1310 379 4181
1300 1310 379 4180
1299 1313 379 4181
1314 1312 379 4180
16383 1313 4181 4181
1319 1313 379 4181
1306 1311 378 4181
1331 1310 377 4180
1300 1308 379 4181
1503 1307 379 4181
1327 1313 378 4181
1335 1311 377 4181
1304 1313 379 4181
1298 1310 380 4181
1326 1310 379 4181
1317 1314 379 4181
1292 1311 378 4181
1305 1311 378 4181
1301 1312 379 4180
1305 1310 379 4182
1299 1309 379 4181
1304 1307 379 4181
1297 1308 379 4181
1302 1311 379 4182
1299 1310 380 4181
1306 1311 379 4181
1305 1309 378 4181
16383 1313 4180 4180
1308 1314 376 4181
1301 1311 379 4180
1311 1310 379 4182
1327 1309 379 4180
1299 1310 379 4181
1307 1313 380 4181
1298 1311 379 4180
1506 1311 378 4181
1309 1311 379 4180
1309 1311 380 4181
2150 1311 378 4181
1301 1313 379 4181
1293 1312 379 4181
1320 1316 379 4180
1310 1310 380 4181
1322 1312 379 4181
1307 1311 379 4182
1302 1313 378 4181
1307 1310 379 4181
1295 1313 379 4181
1303 1308 378 4181
1314 1309 378 4181
1311 1308 379 4181
1320 1314 379 4182
1305 1312 379 4180
1291 1311 379 4181
1291 1309 379 4181
1306 1312 380 4182
1518 1311 380 4181
1311 1309 378 4181
1431 1310 380 4180
1398 1311 379 4181
1338 1309 379 4180
1332 1315 379 4180
1311 1313 378 4180
1300 1309 379 4182
1305 1310 379 4180
1300 1308 379 4179
1305 1307 379 4180
1304 1309 379 4181
1287 1310 380 4182
1323 1314 378 4180
1303 1313 378 4180
1308 1312 378 4181
1303 1312 377 4181
1313 1312 379 4180
1303 1310 379 4180
1313 1310 379 4182
1300 1314 379 4181
1303 1310 380 4181
1319 1314 379 4181
1306 1310 379 4181
1315 1314 379 4180
1535 1310 376 4180
1307 1313 376 4180
1312 1312 379 4180
1308 1313 379 4182
1295 1307 380 4181
1295 1312 379 4181
1294 1309 379 4181
1318 1311 379 4182
1333 1309 378 4180
1310 1310 379 4181
1313 1314 378 4181
1298 1310 380 4181
1421 1310 374 4181
1318 1308 378 4181
1291 1309 379 4182
1308 1313 377 4181
1369 1311 377 4181
1319 1310 380 4181
1305 1309 379 4180
1303 1311 379 4181
1304 1310 379 4180
1305 1313 378 4181
1298 1306 379 4181
1319 1313 379 4181
1308 1313 378 4181
1523 1307 379 4180
1301 1309 379 4182
1301 1309 378 4181
1309 1314 379 4182
1307 1310 379 4181
1329 1311 379 4181
1307 1312 377 4181
1378 1314 379 4182
1308 1307 379 4181
1367 1308 378 4181
1316 1308 379 4181
1309 1311 379 4181
10962 1309 4181 4180
1318 1312 379 4181
1299 1311 379 4180
14802 1313 4181 4181
1313 1312 378 4181
1341 1315 379 4181
1298 1313 379 4180
1295 1307 379 4180
1299 1313 379 4181
1294 1312 380 4181
1329 1310 378 4180
1315 1308 379 4181
1306 1312 379 4181
1304 1312 378 4181
1316 1310 379 4181
1306 1309 380 4180
1301 1310 379 4180
1302 1311 382 4181
1311 1311 379 4180
1295 1311 376 4181
1310 1314 378 4181
1308 1314 379 4181
1309 1314 380 4181
1323 1311 379 4182
1308 1310 379 4181
1308 1311 380 4180
1310 1310 379 4180
1324 1308 379 4180
1297 1308 379 4181
1502 1309 379 4181
1315 1314 379 4180
1308 1311 379 4181
1304 1313 379 4180
1311 1313 379 4181
1324 1311 379 4181
1310 1311 379 4181
1314 1311 378 4181
1299 1308 379 4181
1310 1308 379 4181
10463 1314 4180 4180
1302 1311 379 4182
1270 1310 378 4182
1272 1307 379 4181
1305 1311 379 4181
1323 1311 379 4181
1320 1312 379 4180
15064 1315 4181 4181
1314 1309 379 4181
1309 1314 379 4181
1346 1306 376 4181
1294 1309 377 4181
1305 1310 380 4181
2079 1314 379 4181
1535 1315 378 4181
1314 1313 376 4181
1315 1310 379 4181
1391 1311 383 4181
1305 1309 380 4181
1313 1309 377 4181
1316 1311 379 4181
1295 1310 378 4180
1296 1311 379 4181
1307 1315 379 4181
1300 1310 379 4181
1306 1311 379 4180
1300 1312 380 4180
11203 1314 4180 4180
1329 1309 379 4180
1316 1310 379 4180
1320 1313 379 4181
1299 1309 380 4181
1307 1310 380 4181
1307 1314 379 4180
1298 1308 379 4181
1306 1308 380 4181
1300 1310 379 4181
1310 1310 378 4181
1303 1315 379 4181
1292 1309 378 4180
1306 1310 380 4181
1325 1314 378 4180
1314 1313 379 4180
1317 1314 379 4181
1306 1307 379 4181
1532 1309 379 4181
1308 1311 379 4180
1308 1310 379 4181
1308 1308 379 4181
1321 1311 379 4181
1308 1314 379 4181
11025 1311 4181 4181
1311 1309 379 4180
1379 1310 379 4181
1306 1310 379 4181
1354 1313 379 4181
1312 1311 379 4181
1327 1315 379 4181
1310 1310 379 4180
1302 1307 379 4181
1338 1311 378 4181
1267 1309 379 4180
1301 1310 376 4181
1316 1310 379 4181
1309 1311 377 4181
1302 1316 379 4181
1304 1311 379 4180
1306 1314 380 4180
1306 1313 379 4182
1319 1315 379 4181
1313 1314 379 4182
1311 1315 378 4181
1302 1312 379 4181
1351 1316 378 4181
1311 1316 379 4181
1300 1310 375 4181
1310 1314 377 4181
1513 1311 378 4181
1287 1309 379 4180
1302 1308 380 4181
1298 1310 379 4180
1304 1309 379 4180
1293 1314 379 4180
1335 1313 379 4181
2073 1313 379 4181
1313 1311 378 4181
1312 1311 377 4181
1344 1315 2713 4180
1308 1311 379 4181
1309 1310 380 4180
1307 1315 379 4181
1332 1315 378 4181
1325 1311 379 4181
1307 1308 379 4180
1345 1316 379 4181
1303 1312 379 4182
1321 1310 379 4181
1307 1312 380 4180
1320 1313 379 4181
1298 1310 379 4180
1310 1310 379 4181
1309 1308 379 4181
1304 1306 377 4181
1298 1310 379 4180
1297 1307 380 4180
1307 1312 379 4181
1317 1316 379 4181
1300 1315 379 4181
1310 1309 379 4181
1303 1314 378 4181
1311 1312 378 4181
1290 1308 379 4181
16383 1310 4180 4180
1295 1308 378 4181
1303 1314 379 4181
1317 1313 379 4181
1307 1314 379 4182
1322 1316 379 4181
1316 1308 379 4182
1310 1313 380 4181
1291 1311 377 4181
1299 1313 380 4180
1305 1310 379 4181
1319 1314 378 4181
1306 1313 379 4181
1302 1314 379 4181
1309 1309 374 4181
1297 1308 380 4181
1311 1310 378 4180
1318 1314 379 4181
11424 1311 4181 4181
1315 1311 377 4181
1295 1312 378 4181
1307 1312 379 4180
1307 1310 378 4181
1314 1313 379 4182
1309 1311 379 4181
1303 1312 379 4180
1372 1311 380 4181
1301 1312 379 4180
1303 1311 380 4180
1310 1314 379 4181
1513 1313 379 4180
1310 1308 379 4180
1295 1310 379 4181
1319 1314 379 4181
1306 1312 379 4181
1314 1312 379 4182
1318 1308 379 4181
1306 1312 379 4181
1316 1313 379 4181
1306 1309 379 4182
1304 1308 379 4181
1306 1307 379 4181
1307 1311 380 4181
1305 1310 376 4181
2069 1311 378 4181
1314 1316 379 4181
1306 1310 379 4181
1300 1308 379 4181
1303 1310 380 4181
1306 1311 379 4180
1311 1310 379 4182
1295 1311 378 4182
1437 1312 1530 4182
1321 1310 379 4181
1306 1309 373 4181
1321 1311 380 4181
1303 1307 379 4181
1302 1309 380 4181
1312 1306 379 4181
1307 1314 380 4181
1315 1311 379 4182
1330 1310 379 4181
1313 1310 378 4182
1506 1311 379 4180
1327 1311 378 4180
1315 1309 378 4182
1303 1309 378 4181
1306 1310 378 4181
1307 1312 379 4181
1305 1311 380 4181
1299 1309 380 4181
1313 1315 379 4180
1291 1311 379 4181
1294 1311 380 4182
1301 1312 379 4181
1305 1313 368 4181
1299 1309 379 4182
1295 1313 366 4180
1311 1312 379 4180
1299 1310 379 4181
1300 1310 379 4181
1305 1314 379 4181
1292 1307 380 4180
1314 1308 379 4180
1319 1309 379 4181
1305 1313 379 4182
1320 1312 379 4181
1309 1313 378 4181
1302 1310 379 4180
1298 1313 380 4181
1309 1311 379 4181
1310 1314 379 4181
1307 1313 379 4181
1310 1312 380 4181
1305 1309 377 4181
1318 1309 379 4181
1302 1317 378 4181
1519 1311 379 4181
1304 1311 379 4181
1345 1309 379 4181
1320 1314 379 4180
1301 1313 378 4181
1323 1313 379 4181
1331 1314 378 4179
1299 1308 379 4181
1299 1309 377 4180
1313 1316 379 4182
1322 1310 378 4181
1306 1307 379 4181
1394 1309 379 4181
1329 1316 379 4182
1308 1313 379 4180
1306 1312 378 4180
1304 1314 380 4180
1310 1309 379 4182
1307 1311 379 4181
1307 1313 377 4181
1306 1315 377 4181
1325 1314 379 4180
1301 1308 380 4181
1317 1309 379 4181
1317 1307 376 4181
1303 1311 378 4181
1375 1315 379 4181
1307 1316 379 4181
1318 1316 379 4182
1299 1312 380 4181
1351 1314 377 4181
1324 1313 379 4180
1318 1311 379 4181
1320 1311 378 4181
1317 1307 375 4180
1323 1315 379 4181
1298 1310 379 4179
1304 1308 379 4181
1512 1311 373 4181
1310 1314 379 4181
1327 1317 378 4181
1329 1313 379 4181
1320 1312 379 4182
1299 1307 380 4181
1297 1314 378 4180
1303 1311 379 4181
1367 1309 379 4181
1338 1313 378 4181
1327 1309 379 4181
1303 1312 378 4181
1310 1311 379 4181
1293 1309 379 4180
1292 1309 378 4180
1321 1312 378 4180
1307 1313 379 4180
1305 1313 379 4180
1348 1312 379 4181
1296 1314 379 4180
9715 1308 4181 4181
1421 1311 379 4181
1306 1311 378 4181
1382 1308 378 4181
1523 1312 379 4181
1294 1309 379 4181
1316 1309 380 4181
1303 1309 379 4181
1303 1311 379 4181
1304 1310 379 4181
1307 1314 379 4181
1311 1314 379 4181
1305 1315 379 4180
1304 1311 378 4181
1328 1314 378 4181
1339 1311 378 4180
1301 1314 378 4181
1301 1309 371 4180
1307 1311 378 4181
1314 1314 378 4181
1301 1310 379 4181
1306 1308 378 4180
1317 1312 378 4181
1303 1307 379 4181
1308 1314 379 4181
1303 1308 376 4181
1293 1312 380 4181
1295 1310 378 4181
1316 1309 379 4180
16383 1308 4181 4181
1293 1310 378 4181
1307 1311 379 4181
1521 1313 379 4181
1308 1311 379 4181
1303 1313 379 4181
1331 1310 379 4181
1315 1313 379 4180
1303 1310 379 4181
1332 1314 378 4182
1318 1311 379 4181
1330 1307 367 4181
1336 1311 378 4181
1300 1312 379 4181
1315 1313 379 4181
1303 1314 380 4181
1427 1315 1552 4181
1305 1308 380 4181
1305 1310 378 4180
1312 1312 379 4181
1332 1309 379 4180
1307 1309 378 4181
1313 1311 379 4181
1308 1311 379 4181
1305 1315 379 4182
1303 1314 379 4181
1307 1313 380 4181
7487 1311 4180 4180
1300 1311 379 4180
1319 1313 377 4181
1325 1309 379 4181
1298 1308 378 4181
1307 1311 379 4181
1319 1315 379 4182
1305 1310 379 4181
1298 1310 380 4181
1324 1314 379 4181
1303 1313 379 4181
1305 1310 379 4181
1330 1314 379 4180
1308 1313 378 4180
1325 1311 379 4180
1322 1315 379 4181
1309 1313 379 4181
1306 1310 379 4182
1299 1314 379 4181
1331 1313 378 4181
1306 1316 379 4181
1308 1310 378 4181
1332 1312 379 4181
1299 1309 379 4181
1295 1310 379 4181
1336 1312 378 4181
1308 1311 379 4180
1405 1308 379 4180
1312 1314 378 4181
1501 1311 378 4181
1310 1311 380 4180
1309 1310 378 4180
1307 1314 378 4180
1305 1310 379 4181
1309 1314 379 4182
1295 1308 380 4181
1329 1314 379 4181
1308 1310 379 4180
1292 1310 379 4180
1293 1311 378 4180
1305 1311 380 4181
1310 1312 379 4180
1305 1313 380 4180
1331 1316 379 4180
1316 1311 378 4180
1323 1310 379 4181
1297 1308 378 4182
1301 1307 376 4180
1309 1313 380 4181
1310 1315 378 4182
1312 1308 380 4180
1307 1307 378 4180
1304 1313 378 4180
1329 1312 377 4181
1512 1312 378 4180
1303 1314 380 4181
1305 1309 378 4181
1311 1314 379 4181
1317 1312 379 4181
1406 1311 379 4181
1779 1309 379 4181
1313 1316 379 4180
1286 1309 379 4180
1314 1309 378 4180
1308 1311 379 4181
1309 1309 379 4180
1301 1307 379 4180
1303 1308 379 4180
1309 1312 379 4181
1311 1308 380 4181
1313 1314 379 4180
1331 1314 379 4181
1301 1307 379 4180
1312 1316 379 4180
1319 1309 379 4180
9423 1316 4180 4180
1323 1311 379 4180
1317 1310 378 4182
1298 1313 380 4180
1293 1310 380 4180
1313 1315 378 4180
1315 1308 378 4180
1347 1309 379 4181
1314 1310 379 4181
1305 1309 379 4180
1324 1307 379 4180
1303 1310 378 4180
1515 1309 378 4180
1314 1310 378 4181
1314 1315 379 4180
1308 1310 378 4180
1303 1310 378 4181
1339 1310 378 4181
1292 1310 379 4180
1295 1308 378 4180
1315 1311 378 4180
1305 1312 379 4180
16253 1311 4181 4181
1310 1317 379 4180
1309 1307 378 4181
1303 1310 378 4181
1306 1308 378 4181
1296 1309 379 4181
1314 1314 371 4180
1307 1311 377 4181
1325 1312 379 4182
1282 1312 378 4180
1311 1313 379 4182
1278 1310 379 4181
1282 1312 379 4180
1311 1313 376 4181
14643 1312 4180 4180
1301 1310 375 4181
1317 1312 379 4180
1283 1311 1601 4180
1313 1315 379 4180
1308 1309 379 4181
1282 1312 378 4181
1535 1310 380 4180
1310 1311 378 4180
1304 1310 379 4180
1302 1311 378 4181
1314 1312 379 4180
1347 1312 378 4181
1301 1312 379 4180
1307 1312 379 4180
1324 1312 378 4181
1308 1312 379 4180
1302 1309 379 4181
1321 1312 379 4180
1322 1308 379 4181
1294 1308 378 4180
1333 1312 379 4180
1322 1309 378 4180
1299 1310 379 4181
1332 1308 379 4180
1313 1311 379 4181
1327 1314 378 4181
1304 1308 379 4180
1305 1312 380 4180
1323 1312 379 4182
1335 1314 376 4181
1323 1310 377 4181
1299 1310 379 4180
1549 1316 379 4181
1306 1313 381 4180
1310 1311 379 4181
1381 1313 379 4181
1309 1314 379 4180
1303 1313 379 4180
1284 1314 379 4181
1323 1313 377 4181
1305 1313 379 4180
1307 1308 379 4180
1632 1312 379 4181
1316 1314 379 4182
1299 1309 379 4181
1306 1313 381 4182
1310 1309 379 4181
1315 1311 379 4181
1328 1314 379 4181
1299 1311 378 4180
1307 1309 379 4181
1304 1312 379 4181
1352 1308 379 4180
1307 1311 379 4181
1293 1310 379 4181
1297 1311 380 4180
1297 1310 379 4181
1299 1308 379 4181
1293 1309 379 4181
1295 1316 382 4181
1308 1312 379 4180
1313 1312 380 4180
1360 1311 379 4180
1311 1311 379 4181
1311 1313 379 4180
1315 1308 379 4180
1322 1312 379 4181
1322 1313 379 4181
1306 1313 379 4181
1299 1309 379 4181
1303 1308 380 4181
1307 1310 380 4181
1319 1313 379 4181
1305 1310 379 4181
1307 1313 379 4182
1317 1310 378 4181
1603 1312 379 4181
1301 1308 378 4180
1401 1313 379 4181
1317 1315 379 4182
1302 1309 380 4180
1302 1313 380 4180
1326 1313 379 4180
1308 1314 379 4181
1357 1313 378 4180
1311 1314 375 4181
1316 1312 379 4181
1296 1306 379 4181
1308 1310 379 4181
1283 1312 379 4180
1302 1308 379 4181
1553 1313 380 4180
1321 1308 379 4181
1372 1313 379 4180
1295 1310 379 4181
1316 1314 374 4180
1317 1313 378 4180
1338 1311 379 4180
1301 1309 380 4180
1300 1309 378 4181
1308 1314 379 4181
1313 1312 378 4181
1315 1309 379 4181
1305 1312 377 4180
1301 1310 379 4181
1305 1315 379 4180
1303 1313 378 4181
1298 1309 379 4181
1304 1310 380 4180
1330 1310 378 4180
1327 1308 379 4181
1297 1312 380 4182
1585 1313 378 4181
1315 1310 379 4181
1331 1308 379 4180
1298 1307 379 4181
1299 1309 378 4181
1333 1311 379 4182
1293 1308 379 4181
1318 1311 379 4181
1306 1311 379 4180
1301 1310 379 4181
1377 1309 379 4180
1303 1307 378 4180
1322 1311 378 4181
16383 1316 4181 4181
1299 1312 378 4180
1299 1310 379 4181
1542 1308 378 4180
1311 1314 377 4181
1295 1311 379 4181
1315 1314 378 4182
1311 1312 377 4181
1302 1311 373 4181
1309 1310 377 4181
1298 1309 379 4182
1309 1313 379 4181
1312 1309 379 4181
1304 1308 379 4181
1292 1310 379 4181
1306 1313 379 4180
1304 1311 379 4181
1326 1314 378 4181
1292 1306 379 4181
1563 1313 379 4181
1300 1312 378 4180
1315 1315 380 4181
1315 1311 377 4180
1322 1315 379 4181
1299 1309 379 4181
1304 1313 379 4180
1551 1310 379 4180
1319 1312 379 4181
1306 1311 379 4180
1464 1310 379 4180
1308 1311 379 4180
1326 1313 379 4181
1312 1310 375 4181
1295 1313 380 4181
1306 1311 378 4180
1317 1316 379 4180
1324 1313 378 4181
1312 1311 379 4180
1346 1309 378 4180
1307 1315 379 4181
1319 1313 379 4180
1302 1313 378 4182
1305 1310 379 4181
1535 1308 379 4181
1306 1312 378 4180
1328 1307 378 4180
15511 1313 4181 4181
1301 1313 379 4180
1307 1309 377 4181
1333 1311 374 4179
1307 1312 377 4181
1292 1308 379 4181
1309 1311 378 4180
1549 1310 378 4181
1317 1309 378 4180
1300 1310 379 4181
1314 1308 378 4182
1323 1311 371 4181
1313 1315 378 4181
1305 1314 379 4181
1306 1311 380 4180
1307 1309 379 4182
1305 1310 379 4181
1303 1311 379 4181
1304 1311 379 4180
1319 1310 378 4181
1303 1311 378 4181
1326 1316 379 4181
1298 1309 379 4180
1317 1311 379 4182
1295 1314 373 4181
1532 1309 379 4181
1311 1307 379 4180
1318 1310 378 4181
1303 1307 379 4181
1309 1311 380 4180
1304 1311 379 4180
1349 1314 380 4180
1320 1314 379 4181
1305 1309 378 4181
1539 1311 373 4180
1312 1311 378 4180
1334 1311 379 4180
1303 1311 379 4180
1311 1308 379 4180
1307 1311 383 4181
1294 1311 379 4180
1312 1313 379 4180
1298 1310 379 4180
1310 1309 379 4181
1311 1313 379 4180
1510 1312 379 4181
1306 1312 378 4181
1305 1309 378 4181
1339 1312 378 4180
1312 1310 379 4181
1323 1310 379 4181
1315 1312 379 4180
1311 1313 379 4182
1307 1311 379 4181
1308 1313 379 4181
9886 1313 4181 4181
