1269 1203 3286 14143 1177 1291 1301 1246 221 669 8187 8186 8187 8186 8186 8187 
1271 1203 3279 14139 1179 1291 1299 1245 96 670 8188 8187 8188 8187 8187 8188 
1271 1205 3285 14139 1178 1291 1301 1247 108 670 8187 8186 8187 8186 8186 8187 
1273 1206 3283 14139 1180 1292 1303 1247 112 671 8187 8186 8187 8186 8186 8187 
1270 1204 3282 14131 1179 1293 1299 1243 97 669 8188 8187 8188 8187 8187 8188 
1274 1205 3279 14132 1179 1291 1302 1246 102 670 8188 8187 8188 8187 8187 8188 
1270 1203 3281 14131 1179 1291 1301 1244 100 670 8186 8185 8186 8185 8185 8186 
1273 1204 3287 14134 1179 1291 1303 1247 118 670 8187 8186 8187 8186 8186 8187 
1270 1203 3285 14131 1178 1293 1301 1243 116 669 8187 8186 8187 8186 8186 8187 
1271 1207 3287 14124 1181 1294 1303 1246 93 670 8188 8187 8188 8187 8187 8188 
1268 1203 3278 14118 1177 1291 1300 1244 111 670 8188 8187 8188 8187 8187 8188 
1273 1207 3287 14127 1181 1295 1305 1248 106 670 8187 8186 8187 8186 8186 8187 
1271 1206 3285 14123 1180 1295 1302 1247 101 670 8187 8186 8187 8186 8186 8187 
1270 1204 3277 14114 1179 1290 1301 1243 87 669 8187 8186 8187 8186 8186 8187 
1272 1207 3279 14119 1181 1294 1303 1247 130 670 8188 8187 8188 8187 8187 8188 
1273 1205 3278 14121 1179 1293 1303 1246 86 670 8187 8186 8187 8186 8186 8187 
1272 1207 3283 14118 1179 1292 1302 1246 94 670 8188 8187 8188 8187 8187 8188 
1270 1202 3277 14111 1179 1291 1299 1244 98 670 8187 8186 8188 8186 8187 8188 
1271 1205 3282 14111 1179 1291 1301 1245 110 670 8188 8187 8188 8187 8187 8188 
1271 1207 3281 14116 1181 1295 1303 1247 114 669 8187 8186 8187 8186 8186 8187 
1271 1210 3277 14109 1179 1291 1302 1244 103 670 8187 8186 8187 8186 8186 8187 
1273 1204 3285 14122 1179 1294 1302 1245 23 673 8187 8186 8187 8186 8186 8187 
1270 1205 3279 14110 1179 1293 1301 1245 104 670 8187 8186 8187 8186 8186 8187 
1271 1205 3274 14105 1181 1293 1303 1246 113 670 8187 8186 8187 8186 8186 8187 
1271 1204 3282 14106 1179 1291 1302 1245 84 670 8187 8186 8187 8186 8186 8187 
1271 1205 3282 14109 1179 1293 1302 1246 110 670 8187 8186 8187 8186 8186 8187 
1273 1205 3275 14107 1181 1291 1301 1245 104 670 8187 8186 8187 8186 8186 8187 
1270 1203 3277 14111 1181 1293 1302 1247 134 670 8186 8185 8186 8185 8185 8186 
1271 1205 3279 14109 1179 1295 1302 1247 105 670 8187 8186 8187 8186 8186 8187 
1271 1202 3279 14105 1179 1294 1302 1245 133 669 8187 8186 8187 8186 8186 8187 
1271 1205 3279 14106 1180 1293 1301 1245 96 670 8187 8186 8187 8186 8186 8187 
1273 1207 3283 14106 1181 1294 1303 1247 116 669 8187 8186 8187 8186 8186 8187 
1272 1204 3278 14103 1181 1293 1302 1247 75 669 8187 8186 8187 8186 8186 8187 
1270 1204 3275 14103 1178 1292 1301 1243 105 670 8187 8186 8187 8186 8186 8187 
1273 1202 3210 13893 1179 1293 1303 1243 628 8186 8187 8186 8187 8186 8186 8187 
1270 1206 3279 14105 1179 1295 1302 1245 137 670 8187 8186 8187 8186 8186 8187 
1271 1207 3280 14103 1179 1294 1303 1246 91 670 8187 8186 8187 8186 8186 8187 
1269 1206 3281 14105 1179 1293 1303 1245 106 670 8187 8186 8187 8186 8186 8187 
1273 1207 3279 14103 1182 1294 1303 1248 89 670 8187 8186 8187 8186 8186 8187 
1271 1204 3275 14101 1180 1293 1301 1246 109 670 8187 8186 8187 8186 8186 8187 
1268 1206 3279 14099 1179 1291 1301 1243 106 670 8187 8186 8187 8186 8186 8187 
1270 1205 3275 14103 1178 1294 1303 1246 118 670 8187 8186 8187 8186 8186 8187 
1271 1207 3278 14100 1181 1293 1303 1248 92 670 8187 8186 8187 8186 8186 8187 
1276 1204 3275 14101 1180 1295 1303 1246 0 670 8187 8186 8187 8186 8186 8187 
1271 1205 3278 14095 1179 1291 1303 1244 86 668 8187 8186 8187 8186 8186 8187 
1271 1206 3278 14099 1179 1293 1302 1247 88 670 8187 8186 8187 8186 8186 8187 
1270 1203 3279 14101 1179 1291 1301 1244 110 669 8187 8186 8187 8186 8186 8187 
1272 1206 3277 14101 1181 1293 1303 1247 101 670 8188 8187 8188 8187 8187 8188 
1271 1205 3273 14097 1179 1291 1301 1245 121 670 8187 8186 8187 8186 8186 8187 
1271 1207 3277 14095 1179 1293 1301 1245 127 668 8187 8186 8187 8186 8186 8187 
1271 1206 3275 14094 1179 1293 1303 1245 105 670 8187 8186 8187 8186 8186 8187 
1269 1204 3277 14090 1179 1293 1299 1243 112 669 8187 8186 8187 8186 8186 8187 
1271 1207 3277 14091 1179 1295 1303 1247 91 669 8187 8186 8187 8186 8186 8187 
1271 1207 3276 14091 1181 1295 1303 1247 98 670 8187 8186 8187 8186 8186 8187 
1273 1205 3277 14091 1182 1293 1303 1247 91 670 8187 8186 8187 8186 8186 8187 
1271 1203 3271 14090 1180 1294 1303 1245 91 670 8188 8187 8188 8187 8187 8188 
1269 1203 3275 14090 1179 1293 1301 1245 103 670 8187 8186 8187 8186 8186 8187 
1270 1205 3279 14091 1179 1291 1302 1244 96 670 8187 8186 8186 8186 8186 8187 
1275 1207 3283 14095 1182 1295 1303 1247 147 671 8187 8186 8187 8186 8186 8187 
1275 1207 3279 14091 1181 1294 1303 1248 96 670 8187 8186 8187 8186 8186 8187 
1271 1205 3277 14095 1179 1294 1303 1247 50 669 8187 8186 8187 8186 8186 8187 
1273 1207 3275 14091 1183 1295 1303 1247 101 670 8187 8186 8187 8186 8186 8187 
1272 1204 3278 14089 1181 1294 1305 1247 77 670 8187 8186 8187 8186 8186 8187 
1271 1203 3273 14087 1181 1294 1302 1245 105 669 8187 8186 8187 8186 8186 8187 
1271 1205 3275 14089 1178 1292 1302 1245 117 670 8187 8186 8186 8186 8186 8187 
1272 1204 3273 14083 1181 1294 1304 1245 95 669 8187 8186 8187 8186 8186 8187 
1271 1203 3276 14083 1179 1293 1302 1246 63 670 8187 8186 8187 8186 8186 8187 
1271 1207 3279 14090 1182 1295 1303 1247 110 670 8187 8186 8187 8186 8186 8187 
1271 1206 3277 14083 1180 1295 1301 1245 129 670 8187 8186 8187 8186 8186 8187 
1271 1206 3271 14087 1181 1293 1302 1246 110 669 8187 8186 8187 8186 8186 8187 
1272 1207 3274 14090 1182 1295 1305 1246 112 670 8187 8186 8187 8186 8186 8187 
1271 1206 3277 14087 1183 1295 1302 1247 106 670 8187 8186 8187 8186 8186 8187 
1273 1205 3277 14089 1181 1293 1303 1245 111 670 8187 8186 8187 8186 8186 8187 
1271 1202 3275 14085 1181 1293 1303 1245 140 670 8187 8186 8187 8186 8186 8187 
1271 1207 3276 14089 1182 1295 1303 1247 112 669 8187 8186 8187 8186 8186 8187 
1271 1206 3278 14086 1182 1295 1303 1245 94 670 8187 8186 8187 8186 8186 8187 
1271 1205 3273 14082 1181 1293 1302 1245 125 669 8187 8186 8187 8186 8186 8187 
1272 1205 3278 14085 1183 1295 1305 1247 120 669 8187 8186 8187 8186 8186 8187 
1271 1206 3279 14087 1181 1293 1303 1245 109 669 8187 8186 8187 8186 8186 8187 
1271 1206 3274 14084 1179 1294 1303 1246 109 669 8186 8185 8186 8185 8185 8186 
1274 1203 3279 14089 1179 1293 1303 1245 14 670 8187 8186 8187 8186 8186 8187 
1270 1203 3273 14083 1181 1293 1302 1245 114 670 8187 8186 8186 8186 8186 8187 
1270 1207 3275 14083 1183 1294 1303 1246 91 670 8187 8186 8187 8186 8186 8187 
1271 1205 3273 14079 1181 1294 1303 1246 94 670 8187 8186 8187 8186 8186 8187 
1274 1209 3273 14081 1184 1296 1306 1247 108 670 8187 8186 8187 8186 8186 8187 
1272 1206 3275 14077 1181 1293 1303 1246 91 669 8187 8186 8187 8186 8186 8187 
1270 1204 3273 14079 1179 1294 1303 1246 91 670 8186 8185 8186 8185 8186 8186 
1271 1206 3277 14082 1180 1293 1302 1246 103 669 8187 8186 8187 8186 8186 8187 
1274 1207 3279 14080 1181 1295 1303 1247 44 670 8187 8186 8187 8186 8186 8187 
1271 1206 3275 14081 1181 1293 1303 1247 120 669 8186 8185 8186 8185 8185 8186 
1272 1207 3275 14077 1181 1295 1303 1248 122 670 8187 8186 8187 8186 8186 8187 
1270 1204 3272 14077 1179 1293 1301 1246 82 670 8187 8186 8187 8186 8186 8187 
1271 1205 3274 14078 1180 1294 1301 1245 100 670 8186 8185 8186 8185 8185 8186 
1271 1206 3277 14077 1181 1293 1303 1246 80 669 8186 8185 8186 8185 8185 8186 
1271 1205 3279 14079 1183 1293 1302 1246 103 670 8187 8186 8187 8186 8186 8187 
1273 1208 3273 14077 1181 1294 1303 1245 116 670 8187 8186 8187 8186 8186 8187 
1273 1209 3275 14073 1180 1294 1303 1244 94 670 8187 8186 8186 8186 8186 8187 
1274 1205 3272 14077 1181 1295 1303 1247 94 669 8187 8186 8187 8186 8186 8187 
1272 1206 3270 14070 1182 1293 1303 1244 88 669 8187 8186 8187 8186 8186 8187 
1270 1205 3271 14075 1180 1293 1303 1245 94 669 8187 8186 8187 8186 8186 8187 
1270 1207 3277 14074 1181 1294 1303 1245 101 670 8187 8186 8187 8186 8186 8187 
1271 1203 3275 14075 1183 1294 1303 1247 126 670 8186 8185 8186 8185 8185 8186 
1272 1207 3277 14075 1179 1293 1303 1247 147 670 8186 8185 8186 8185 8185 8186 
1270 1207 3274 14076 1181 1293 1301 1243 108 670 8187 8186 8187 8186 8186 8187 
1274 1207 3277 14077 1184 1295 1305 1248 114 669 8186 8185 8185 8185 8185 8186 
1270 1203 3279 14071 1180 1292 1303 1245 107 669 8187 8186 8187 8186 8186 8187 
1271 1207 3274 14067 1182 1294 1303 1247 84 669 8187 8186 8187 8186 8186 8187 
1269 1205 3275 14071 1179 1293 1301 1243 99 669 8186 8185 8187 8186 8186 8187 
1270 1206 3276 14077 1180 1294 1303 1245 106 670 8187 8186 8187 8186 8186 8187 
1269 1207 3271 14075 1181 1293 1303 1246 107 670 8187 8186 8187 8186 8186 8187 
1271 1205 3279 14073 1180 1294 1303 1246 87 669 8187 8186 8187 8186 8186 8187 
1270 1203 3278 14071 1181 1293 1305 1246 95 671 8187 8186 8187 8186 8186 8187 
1270 1205 3271 14073 1180 1293 1303 1245 165 669 8187 8186 8187 8186 8186 8187 
1269 1205 3273 14069 1181 1293 1300 1245 149 670 8187 8186 8187 8186 8186 8187 
1273 1205 3271 14071 1181 1295 1303 1249 101 669 8186 8185 8186 8185 8185 8186 
1271 1205 3275 14071 1181 1294 1303 1247 100 669 8187 8186 8187 8186 8186 8187 
1271 1207 3278 14074 1181 1293 1303 1247 114 670 8187 8186 8187 8186 8186 8187 
1267 1203 3271 14071 1179 1291 1300 1243 108 669 8187 8186 8187 8186 8186 8187 
1271 1203 3273 14071 1180 1294 1303 1246 87 670 8187 8186 8187 8186 8186 8187 
1271 1206 3275 14071 1179 1292 1302 1245 92 670 8187 8186 8187 8186 8186 8187 
1271 1207 3275 14071 1181 1295 1303 1247 129 669 8187 8186 8187 8186 8186 8187 
1271 1205 3277 14068 1181 1293 1303 1247 93 670 8187 8186 8186 8186 8186 8187 
1273 1206 3275 14069 1182 1295 1303 1247 71 670 8187 8186 8187 8186 8186 8187 
1273 1205 3275 14069 1181 1295 1303 1247 132 669 8187 8186 8186 8186 8186 8187 
1269 1205 3270 14071 1180 1293 1303 1246 105 669 8187 8186 8187 8186 8186 8187 
1271 1204 3274 14070 1181 1293 1302 1243 71 670 8186 8185 8186 8185 8185 8186 
1269 1205 3270 14063 1181 1292 1301 1243 84 669 8187 8186 8187 8186 8186 8187 
1273 1209 3271 14063 1181 1295 1301 1246 83 669 8187 8186 8187 8186 8186 8187 
1270 1203 3270 14068 1181 1293 1303 1245 98 670 8187 8186 8187 8186 8186 8187 
1273 1207 3276 14065 1182 1294 1302 1246 150 670 8187 8186 8186 8186 8186 8187 
1273 1207 3276 14067 1179 1293 1303 1245 107 669 8187 8186 8187 8186 8186 8187 
1271 1207 3278 14071 1181 1293 1303 1247 110 669 8187 8186 8186 8186 8186 8187 
1274 1207 3273 14062 1182 1295 1301 1247 73 669 8187 8186 8187 8186 8186 8187 
1271 1203 3275 14067 1180 1292 1299 1243 106 670 8187 8186 8187 8186 8186 8187 
1271 1207 3275 14065 1182 1295 1305 1248 103 669 8187 8186 8187 8186 8186 8187 
1271 1202 3276 14066 1179 1294 1302 1243 101 669 8186 8185 8186 8185 8185 8186 
1271 1207 3273 14069 1182 1293 1303 1246 99 669 8187 8186 8187 8186 8186 8187 
1271 1206 3275 14070 1182 1294 1302 1245 112 670 8187 8186 8187 8186 8186 8187 
1269 1204 3274 14065 1183 1291 1302 1244 92 670 8186 8185 8186 8185 8185 8186 
1271 1206 3277 14066 1182 1294 1303 1246 94 670 8186 8185 8186 8185 8185 8186 
1271 1205 3278 14069 1179 1294 1303 1247 111 669 8186 8185 8186 8185 8185 8186 
1270 1203 3277 14070 1182 1295 1305 1246 114 670 8187 8186 8187 8186 8186 8187 
1270 1210 3275 14069 1182 1295 1303 1248 111 670 8187 8186 8186 8186 8186 8187 
1272 1207 3276 14063 1181 1294 1302 1245 104 669 8187 8186 8187 8186 8186 8187 
1271 1204 3271 14063 1181 1294 1302 1246 86 670 8187 8186 8186 8186 8186 8187 
1271 1207 3275 14065 1180 1293 1303 1245 109 669 8186 8185 8185 8185 8185 8186 
1271 1205 3274 14067 1181 1294 1303 1247 111 669 8187 8186 8187 8186 8186 8187 
1270 1204 3274 14066 1183 1293 1301 1243 94 670 8187 8186 8187 8186 8186 8187 
1269 1204 3274 14062 1181 1293 1303 1244 86 670 8186 8185 8186 8185 8185 8186 
1273 1204 3275 14063 1183 1293 1303 1246 89 670 8187 8186 8187 8186 8186 8187 
1271 1205 3275 14065 1181 1293 1302 1245 92 670 8186 8185 8186 8185 8185 8186 
1271 1205 3273 14067 1181 1293 1303 1246 113 669 8186 8185 8186 8185 8185 8186 
1273 1207 3272 14061 1182 1295 1303 1248 88 669 8186 8185 8186 8185 8185 8186 
1273 1206 3269 14063 1181 1295 1303 1247 107 670 8186 8185 8186 8185 8185 8186 
1270 1205 3274 14065 1181 1293 1302 1247 107 670 8186 8185 8186 8185 8185 8186 
1271 1204 3277 14066 1181 1293 1301 1245 101 670 8187 8186 8187 8186 8186 8187 
1273 1206 3271 14060 1181 1295 1302 1244 98 670 8187 8186 8187 8186 8186 8187 
1271 1206 3271 14063 1181 1294 1303 1246 111 670 8187 8186 8187 8186 8186 8187 
1271 1205 3275 14058 1179 1295 1303 1246 80 670 8186 8185 8186 8185 8185 8186 
1271 1207 3269 14063 1182 1297 1303 1246 105 670 8187 8186 8186 8186 8186 8187 
1273 1207 3270 14059 1181 1295 1303 1247 84 670 8187 8186 8187 8186 8186 8187 
1271 1205 3269 14059 1179 1292 1301 1246 84 670 8187 8186 8187 8186 8186 8187 
1270 1205 3271 14061 1181 1295 1302 1247 98 670 8187 8186 8186 8186 8186 8187 
1271 1206 3273 14059 1181 1295 1303 1246 98 669 8187 8186 8187 8186 8186 8187 
1271 1203 3273 14059 1182 1295 1302 1246 75 670 8187 8186 8187 8186 8186 8187 
1271 1207 3274 14060 1182 1295 1303 1248 146 670 8186 8185 8186 8185 8185 8186 
1272 1205 3269 14062 1181 1293 1303 1245 109 670 8187 8186 8186 8186 8186 8187 
1270 1206 3270 14059 1180 1293 1300 1245 91 669 8186 8185 8186 8185 8185 8186 
1269 1204 3270 14061 1181 1294 1302 1246 129 669 8187 8186 8187 8186 8186 8187 
1269 1204 3270 14061 1179 1291 1300 1243 97 670 8186 8185 8186 8185 8185 8186 
1272 1207 3275 14063 1184 1295 1307 1247 106 670 8186 8185 8186 8185 8185 8186 
1273 1209 3273 14057 1183 1294 1305 1245 89 670 8187 8186 8187 8186 8186 8187 
1267 1205 3271 14059 1179 1290 1301 1244 107 669 8186 8185 8186 8185 8185 8186 
1271 1207 3275 14062 1181 1297 1303 1248 111 670 8187 8186 8186 8186 8186 8187 
1271 1206 3271 14059 1182 1294 1301 1247 91 669 8187 8186 8186 8186 8186 8187 
1273 1205 3267 14057 1181 1293 1303 1246 85 670 8186 8185 8186 8185 8185 8186 
1271 1206 3276 14063 1183 1297 1303 1247 90 670 8186 8185 8186 8185 8185 8186 
1269 1202 3269 14055 1180 1293 1302 1245 62 669 8187 8186 8187 8186 8186 8187 
1271 1201 3271 14058 1179 1292 1301 1245 104 669 8186 8185 8186 8185 8185 8186 
1273 1206 3271 14062 1182 1295 1303 1246 110 670 8186 8185 8186 8185 8185 8186 
1271 1206 3268 14061 1179 1293 1302 1247 101 669 8186 8185 8185 8185 8185 8186 
1271 1207 3275 14060 1182 1294 1302 1246 107 669 8187 8186 8187 8186 8186 8187 
1273 1207 3274 14060 1183 1295 1301 1247 98 670 8187 8186 8187 8186 8186 8187 
1271 1204 3268 14057 1181 1291 1301 1245 91 669 8185 8184 8184 8184 8184 8185 
1271 1205 3275 14058 1181 1293 1303 1246 126 670 8187 8186 8187 8186 8186 8187 
1275 1208 3269 14060 1185 1295 1303 1247 91 670 8187 8186 8186 8186 8186 8187 
1272 1206 3269 14057 1182 1294 1303 1245 152 670 8187 8186 8187 8186 8186 8187 
1274 1206 3270 14062 1182 1295 1305 1247 114 669 8186 8185 8185 8185 8185 8186 
1273 1207 3271 14061 1182 1295 1303 1245 92 670 8187 8186 8186 8186 8186 8187 
1268 1204 3265 14054 1181 1291 1301 1244 95 669 8186 8185 8186 8185 8185 8186 
1271 1204 3269 14059 1182 1295 1302 1247 72 670 8187 8186 8186 8186 8186 8187 
1270 1204 3266 14055 1181 1295 1303 1245 89 669 8186 8185 8186 8185 8185 8186 
1272 1206 3271 14059 1182 1295 1302 1247 82 669 8187 8186 8187 8186 8186 8187 
1270 1203 3268 14055 1180 1293 1302 1243 114 670 8187 8186 8187 8186 8186 8187 
1272 1205 3271 14058 1182 1294 1303 1245 84 670 8187 8186 8186 8186 8186 8187 
1269 1205 3265 14060 1181 1294 1303 1245 102 670 8187 8186 8186 8186 8186 8187 
1269 1206 3270 14057 1181 1293 1302 1246 102 670 8187 8186 8186 8186 8186 8187 
1271 1207 3265 14059 1183 1295 1303 1247 77 669 8186 8185 8186 8185 8185 8186 
1268 1203 3267 14060 1181 1291 1301 1243 110 670 8186 8185 8185 8185 8185 8186 
1271 1206 3269 14061 1182 1293 1303 1245 94 670 8186 8185 8185 8185 8185 8186 
1269 1202 3266 14060 1181 1292 1301 1245 103 670 8187 8186 8187 8186 8186 8187 
1273 1207 3269 14062 1182 1293 1303 1247 122 670 8186 8185 8185 8185 8185 8186 
1275 1210 3269 14061 1183 1295 1305 1247 49 670 8187 8186 8186 8186 8186 8187 
1273 1207 3262 14055 1182 1295 1303 1246 82 670 8187 8186 8187 8186 8186 8187 
1270 1203 3267 14059 1181 1294 1303 1246 90 670 8187 8186 8187 8186 8186 8187 
1269 1203 3269 14057 1179 1293 1301 1243 78 669 8187 8186 8187 8186 8186 8187 
1271 1205 3263 14059 1181 1293 1301 1243 103 670 8187 8186 8186 8186 8186 8187 
1271 1204 3271 14061 1181 1295 1302 1247 98 670 8187 8186 8186 8186 8186 8187 
1271 1205 3266 14057 1181 1293 1302 1245 91 670 8187 8186 8186 8186 8186 8187 
1273 1207 3271 14060 1183 1294 1305 1247 108 669 8187 8186 8187 8186 8186 8187 
1273 1205 3264 14063 1182 1295 1305 1247 105 670 8187 8186 8187 8186 8186 8187 
1271 1205 3267 14055 1181 1291 1301 1245 97 670 8187 8186 8187 8186 8186 8187 
1271 1203 3265 14060 1181 1294 1302 1247 94 670 8186 8185 8185 8185 8185 8186 
1271 1206 3268 14058 1180 1293 1303 1246 117 670 8187 8186 8187 8186 8186 8187 
1272 1205 3264 14061 1181 1295 1302 1246 105 670 8186 8185 8185 8185 8185 8186 
1273 1206 3270 14061 1185 1294 1303 1248 110 670 8187 8186 8187 8186 8186 8187 
1271 1204 3266 14057 1181 1295 1303 1246 96 669 8186 8185 8186 8185 8185 8186 
1270 1204 3269 14060 1181 1295 1302 1247 86 669 8186 8185 8186 8185 8185 8186 
1271 1206 3269 14061 1181 1295 1303 1247 94 670 8186 8185 8185 8185 8185 8186 
1271 1206 3271 14059 1182 1293 1303 1245 93 670 8186 8185 8185 8185 8185 8186 
1272 1205 3266 14055 1182 1295 1303 1247 78 670 8186 8185 8185 8185 8185 8186 
1271 1206 3271 14059 1181 1294 1303 1245 93 670 8187 8186 8187 8186 8186 8187 
1271 1205 3267 14059 1183 1295 1305 1247 111 670 8186 8185 8186 8185 8185 8186 
1270 1205 3266 14057 1181 1294 1302 1246 110 670 8187 8186 8187 8186 8186 8187 
1271 1207 3266 14056 1181 1295 1302 1247 112 670 8187 8186 8186 8186 8186 8187 
1269 1203 3267 14057 1179 1291 1301 1245 116 670 8186 8185 8186 8185 8185 8186 
1273 1205 3272 14058 1183 1295 1305 1248 49 669 8187 8186 8187 8186 8186 8187 
1269 1206 3270 14053 1182 1294 1301 1246 118 670 8186 8185 8185 8185 8185 8186 
1269 1203 3270 14055 1181 1293 1302 1246 86 670 8187 8186 8186 8186 8186 8187 
1269 1204 3272 14057 1183 1295 1303 1247 77 670 8186 8185 8186 8185 8185 8186 
1271 1206 3261 14051 1181 1293 1302 1245 74 670 8187 8186 8186 8186 8186 8187 
1273 1210 3267 14059 1183 1297 1305 1249 95 670 8187 8186 8187 8186 8186 8187 
1270 1205 3267 14055 1179 1293 1303 1243 100 669 8186 8185 8186 8185 8185 8186 
1271 1204 3265 14059 1181 1294 1303 1247 100 670 8186 8185 8185 8185 8185 8186 
1271 1206 3267 14055 1182 1293 1303 1246 131 670 8186 8185 8186 8185 8185 8186 
1271 1205 3266 14059 1182 1294 1302 1244 108 670 8186 8185 8186 8185 8186 8186 
1271 1205 3262 14052 1180 1295 1301 1245 95 669 8187 8186 8187 8186 8186 8187 
1271 1207 3270 14057 1181 1294 1301 1247 71 670 8186 8185 8185 8185 8185 8186 
1275 1207 3273 14061 1185 1297 1305 1249 106 669 8186 8185 8186 8185 8185 8186 
1272 1206 3263 14058 1182 1294 1303 1245 119 670 8186 8185 8186 8185 8185 8186 
1273 1204 3267 14055 1181 1293 1302 1247 125 670 8186 8185 8185 8185 8185 8186 
1271 1205 3270 14059 1182 1295 1303 1246 102 670 8187 8186 8187 8186 8186 8187 
1274 1205 3263 14055 1181 1295 1303 1245 80 669 8186 8185 8187 8186 8186 8187 
1270 1207 3268 14054 1182 1295 1302 1246 113 670 8186 8185 8185 8185 8185 8186 
1272 1205 3269 14057 1183 1295 1303 1245 88 670 8187 8186 8187 8186 8186 8187 
1271 1207 3265 14053 1181 1295 1303 1247 105 670 8186 8185 8185 8185 8185 8186 
1269 1203 3261 14051 1179 1294 1302 1245 123 670 8186 8185 8185 8185 8185 8186 
1271 1205 3263 14055 1183 1293 1303 1245 106 670 8187 8186 8187 8186 8186 8187 
1273 1205 3265 14054 1182 1294 1303 1243 78 670 8186 8185 8185 8185 8185 8186 
1271 1209 3264 14055 1183 1295 1303 1248 91 670 8187 8186 8186 8186 8186 8187 
1271 1204 3267 14055 1179 1293 1301 1247 105 669 8185 8184 8184 8184 8184 8185 
1270 1205 3265 14057 1182 1294 1303 1246 104 670 8187 8186 8187 8186 8186 8187 
1270 1204 3262 14054 1181 1293 1302 1245 60 670 8186 8185 8186 8185 8186 8186 
1271 1207 3267 14057 1182 1295 1302 1247 90 669 8186 8185 8185 8185 8185 8186 
1269 1205 3266 14054 1181 1294 1302 1247 96 669 8187 8186 8187 8186 8186 8187 
1274 1207 3265 14055 1184 1295 1303 1248 92 669 8187 8186 8186 8186 8186 8187 
1273 1203 3267 14053 1182 1295 1303 1245 64 669 8187 8186 8187 8186 8186 8187 
1273 1205 3269 14055 1183 1295 1305 1248 97 670 8186 8185 8185 8185 8185 8186 
1271 1204 3267 14055 1181 1293 1302 1246 104 669 8187 8186 8187 8186 8186 8187 
1271 1206 3265 14055 1181 1295 1303 1248 80 669 8187 8186 8187 8186 8186 8187 
1269 1207 3270 14053 1181 1293 1302 1246 77 669 8186 8185 8185 8185 8185 8186 
1271 1205 3263 14055 1181 1294 1303 1246 46 670 8186 8185 8186 8185 8185 8186 
1271 1203 3267 14053 1182 1293 1301 1243 83 670 8186 8185 8185 8185 8185 8186 
1273 1208 3270 14059 1182 1294 1305 1247 44 669 8186 8185 8185 8185 8185 8186 
1270 1201 3261 14053 1181 1294 1303 1245 78 670 8187 8186 8186 8186 8186 8187 
1271 1207 3267 14057 1181 1294 1302 1246 157 670 8187 8186 8186 8186 8186 8187 
1270 1203 3266 14055 1181 1294 1301 1245 107 669 8186 8185 8185 8185 8185 8186 
1271 1205 3261 14057 1181 1294 1302 1246 84 670 8186 8185 8185 8185 8185 8186 
1269 1205 3267 14058 1181 1293 1303 1245 113 669 8186 8185 8186 8185 8185 8186 
1270 1204 3265 14059 1182 1294 1302 1245 95 669 8186 8185 8186 8185 8185 8186 
1283 1205 3267 14063 1182 1297 1303 1248 0 669 8187 8186 8186 8186 8186 8187 
1273 1205 3269 14059 1183 1295 1300 1245 93 670 8187 8186 8187 8186 8186 8187 
1270 1206 3268 14057 1181 1295 1302 1247 103 670 8186 8185 8186 8185 8185 8186 
1273 1207 3263 14061 1183 1294 1302 1246 114 669 8186 8185 8185 8185 8185 8186 
1269 1203 3263 14055 1180 1295 1302 1245 103 669 8186 8185 8185 8185 8185 8186 
1271 1210 3262 14054 1182 1295 1303 1247 82 669 8187 8186 8187 8186 8186 8187 
1273 1202 3265 14055 1182 1293 1302 1245 97 670 8187 8186 8186 8186 8186 8187 
1271 1205 3264 14059 1181 1293 1303 1246 103 669 8186 8185 8185 8185 8185 8186 
1273 1205 3261 14055 1183 1294 1303 1245 90 670 8187 8186 8187 8186 8186 8187 
1271 1206 3266 14055 1182 1293 1303 1245 94 670 8186 8185 8185 8185 8185 8186 
1298 1343 3254 14023 1181 1293 1302 1243 543 99 8186 8185 8186 8185 8185 8186 
1271 1204 3259 14057 1179 1293 1301 1245 99 670 8186 8185 8186 8185 8185 8186 
1269 1203 3265 14057 1181 1293 1303 1244 79 669 8187 8186 8187 8186 8186 8187 
1271 1207 3267 14056 1181 1293 1300 1247 111 668 8186 8185 8185 8185 8185 8186 
1271 1205 3263 14060 1181 1295 1302 1245 95 670 8186 8185 8186 8185 8185 8186 
1271 1206 3262 14059 1182 1295 1303 1245 72 669 8187 8186 8186 8186 8186 8187 
1271 1206 3267 14057 1181 1293 1301 1245 88 670 8187 8186 8187 8186 8186 8187 
1271 1206 3261 14057 1180 1295 1301 1245 92 669 8187 8186 8186 8186 8186 8187 
1272 1207 3267 14058 1181 1295 1303 1246 83 670 8187 8186 8186 8186 8186 8187 
1271 1206 3265 14053 1181 1294 1304 1246 75 669 8186 8185 8186 8185 8185 8186 
1271 1207 3267 14058 1181 1294 1303 1247 96 671 8186 8185 8185 8185 8185 8186 
1271 1205 3269 14055 1181 1293 1303 1245 103 670 8186 8185 8185 8185 8185 8186 
1270 1203 3261 14059 1179 1291 1301 1245 101 669 8187 8186 8186 8186 8186 8187 
1272 1205 3261 14053 1183 1294 1303 1248 69 669 8186 8185 8185 8185 8185 8186 
1271 1205 3268 14058 1182 1295 1301 1246 96 670 8186 8185 8185 8185 8185 8186 
1269 1202 3266 14060 1181 1293 1301 1245 108 669 8186 8185 8186 8185 8185 8186 
1271 1207 3269 14058 1183 1293 1301 1245 84 670 8187 8186 8186 8186 8186 8187 
1270 1205 3264 14059 1181 1294 1302 1245 94 670 8187 8186 8187 8186 8186 8187 
1271 1205 3263 14059 1183 1295 1303 1247 88 669 8187 8186 8186 8186 8186 8187 
1271 1205 3264 14061 1183 1295 1303 1247 100 669 8187 8186 8186 8186 8186 8187 
1271 1204 3262 14055 1183 1294 1303 1247 112 669 8186 8185 8186 8185 8185 8186 
1273 1202 3259 14059 1180 1293 1301 1243 99 669 8187 8186 8187 8186 8186 8187 
1271 1206 3270 14059 1181 1297 1303 1246 101 670 8187 8186 8186 8186 8186 8187 
1270 1205 3262 14055 1181 1292 1303 1245 78 669 8187 8186 8187 8186 8186 8187 
1270 1206 3266 14057 1182 1293 1303 1246 99 669 8187 8186 8187 8186 8186 8187 
1273 1205 3263 14055 1181 1293 1303 1247 71 669 8186 8185 8186 8185 8185 8186 
1271 1204 3267 14061 1181 1294 1303 1245 112 669 8187 8186 8186 8186 8186 8187 
1273 1204 3262 14055 1183 1297 1303 1247 87 670 8187 8186 8186 8186 8186 8187 
1271 1205 3266 14057 1183 1295 1302 1247 108 670 8186 8185 8186 8185 8185 8186 
1271 1205 3267 14058 1182 1293 1303 1246 49 669 8186 8185 8186 8185 8185 8186 
1271 1204 3267 14058 1179 1291 1301 1245 92 669 8187 8186 8187 8186 8186 8187 
1272 1204 3265 14057 1185 1294 1304 1247 86 669 8186 8185 8186 8185 8185 8186 
1269 1205 3264 14057 1179 1295 1301 1245 114 669 8185 8184 8184 8184 8184 8185 
1273 1207 3269 14058 1183 1295 1305 1246 133 669 8186 8185 8186 8185 8185 8186 
1270 1203 3268 14058 1179 1291 1301 1245 94 670 8186 8185 8185 8185 8185 8186 
1271 1204 3261 14054 1181 1295 1302 1247 95 669 8187 8186 8187 8186 8186 8187 
1269 1203 3266 14058 1182 1295 1303 1245 98 669 8185 8184 8185 8184 8184 8185 
1272 1207 3267 14058 1181 1294 1303 1245 123 669 8186 8185 8185 8185 8185 8186 
1271 1206 3268 14059 1183 1295 1303 1245 94 668 8186 8185 8186 8185 8185 8186 
1275 1207 3266 14061 1183 1297 1303 1248 87 669 8187 8186 8186 8186 8186 8187 
1271 1206 3269 14063 1179 1295 1303 1247 101 668 8185 8184 8185 8184 8184 8185 
1270 1203 3262 14057 1179 1293 1301 1243 96 669 8186 8185 8186 8185 8185 8186 
1271 1205 3263 14054 1183 1295 1302 1247 83 669 8186 8185 8186 8185 8185 8186 
1272 1207 3267 14061 1185 1297 1303 1249 149 669 8187 8186 8187 8186 8186 8187 
1271 1207 3267 14055 1181 1295 1303 1247 80 669 8186 8185 8186 8185 8185 8186 
1271 1207 3269 14060 1182 1293 1303 1248 97 669 8186 8186 8187 8186 8186 8187 
1271 1207 3267 14058 1181 1293 1303 1246 103 670 8187 8186 8186 8186 8186 8187 
1271 1205 3270 14062 1181 1293 1303 1245 104 669 8186 8185 8185 8185 8185 8186 
1271 1205 3263 14059 1181 1293 1303 1243 80 669 8186 8185 8185 8185 8185 8186 
1271 1207 3265 14062 1183 1295 1302 1247 104 669 8186 8185 8186 8185 8185 8186 
1270 1203 3262 14059 1179 1293 1301 1243 86 669 8186 8185 8185 8185 8185 8186 
1269 1203 3265 14055 1182 1293 1302 1245 77 669 8186 8185 8185 8185 8185 8186 
1274 1207 3262 14055 1185 1295 1303 1248 78 669 8187 8186 8186 8186 8186 8187 
1275 1209 3265 14060 1183 1298 1303 1249 85 669 8186 8185 8185 8185 8185 8186 
1271 1204 3261 14059 1182 1293 1302 1244 74 669 8187 8186 8187 8186 8186 8187 
1271 1204 3266 14059 1183 1295 1303 1243 102 670 8186 8185 8186 8185 8185 8186 
1271 1206 3264 14062 1183 1294 1303 1245 82 669 8187 8186 8187 8186 8186 8187 
1274 1207 3263 14063 1184 1295 1302 1248 105 668 8187 8186 8187 8186 8186 8187 
1271 1206 3267 14059 1181 1295 1302 1243 105 669 8186 8185 8186 8185 8185 8186 
1271 1203 3265 14058 1180 1294 1303 1244 101 670 8186 8185 8185 8185 8185 8186 
1270 1204 3263 14063 1181 1293 1303 1245 94 669 8187 8186 8186 8186 8186 8187 
1269 1203 3261 14055 1180 1295 1300 1245 81 669 8187 8186 8187 8186 8186 8187 
1273 1205 3263 14059 1182 1295 1302 1246 93 670 8187 8186 8186 8186 8186 8187 
1272 1204 3263 14059 1181 1293 1303 1246 101 669 8187 8186 8186 8186 8186 8187 
1272 1207 3269 14060 1185 1295 1303 1248 146 669 8187 8186 8187 8186 8186 8187 
1270 1202 3267 14061 1181 1291 1301 1245 101 669 8186 8185 8185 8185 8185 8186 
1272 1206 3263 14059 1181 1293 1303 1245 81 669 8186 8185 8186 8185 8185 8186 
1271 1204 3263 14057 1182 1294 1301 1245 97 668 8186 8185 8185 8185 8185 8186 
1271 1202 3260 14054 1183 1291 1301 1246 75 669 8187 8186 8186 8186 8186 8187 
1271 1206 3268 14061 1183 1293 1303 1247 110 669 8186 8185 8186 8185 8185 8186 
1271 1207 3265 14055 1183 1295 1303 1246 83 669 8187 8186 8186 8186 8186 8187 
1273 1207 3265 14059 1183 1294 1303 1245 46 669 8187 8186 8187 8186 8186 8187 
1273 1205 3264 14063 1182 1293 1303 1246 92 670 8187 8186 8186 8186 8186 8187 
1271 1204 3265 14058 1181 1294 1303 1247 69 669 8187 8186 8186 8186 8186 8187 
1271 1206 3264 14057 1183 1295 1302 1245 73 669 8187 8186 8187 8186 8186 8187 
1271 1205 3262 14059 1184 1295 1303 1247 47 669 8186 8185 8185 8185 8185 8186 
1270 1205 3264 14063 1183 1293 1303 1245 95 669 8187 8186 8187 8186 8186 8187 
1271 1206 3265 14059 1183 1294 1302 1244 64 669 8186 8185 8185 8185 8185 8186 
1273 1207 3267 14061 1182 1295 1305 1246 90 669 8187 8186 8186 8186 8186 8187 
1271 1203 3262 14061 1181 1293 1302 1245 133 669 8187 8186 8186 8186 8186 8187 
1270 1205 3266 14063 1184 1293 1303 1247 98 669 8187 8186 8186 8186 8186 8187 
1273 1207 3269 14061 1181 1295 1305 1247 72 669 8187 8186 8186 8186 8186 8187 
1271 1205 3266 14058 1183 1295 1302 1246 69 669 8187 8186 8186 8186 8186 8187 
1273 1207 3262 14061 1183 1296 1303 1249 32 669 8187 8186 8186 8186 8186 8187 
1270 1205 3267 14061 1181 1295 1302 1245 94 670 8187 8186 8186 8186 8186 8187 
1273 1209 3261 14061 1183 1295 1303 1246 80 669 8187 8186 8186 8186 8186 8187 
1271 1207 3262 14061 1181 1297 1302 1245 83 669 8187 8186 8186 8186 8186 8187 
1271 1204 3267 14059 1183 1295 1303 1246 89 670 8186 8185 8186 8185 8185 8186 
1269 1203 3265 14062 1181 1294 1300 1245 106 669 8186 8185 8185 8185 8185 8186 
1271 1205 3263 14061 1183 1295 1303 1248 101 669 8186 8185 8186 8185 8185 8186 
1271 1206 3262 14057 1181 1295 1302 1247 72 669 8185 8184 8184 8184 8184 8185 
1273 1204 3263 14062 1183 1295 1301 1246 87 669 8186 8185 8185 8185 8185 8186 
1271 1206 3261 14063 1183 1295 1303 1246 89 669 8187 8186 8186 8186 8186 8187 
1273 1207 3262 14061 1183 1295 1303 1247 116 669 8187 8186 8186 8186 8186 8187 
1274 1209 3263 14065 1183 1295 1303 1245 101 669 8186 8185 8186 8185 8185 8186 
1271 1203 3259 14059 1179 1293 1303 1245 80 669 8187 8186 8186 8186 8186 8187 
1272 1204 3262 14063 1183 1295 1303 1247 108 669 8186 8185 8185 8185 8185 8186 
1269 1205 3265 14057 1183 1291 1301 1244 86 670 8186 8185 8185 8185 8185 8186 
1271 1205 3261 14061 1183 1297 1302 1247 107 670 8186 8185 8185 8185 8185 8186 
1270 1206 3267 14065 1182 1297 1303 1246 97 669 8187 8186 8186 8186 8186 8187 
1273 1205 3264 14058 1181 1295 1303 1247 66 669 8187 8186 8186 8186 8186 8187 
1271 1205 3263 14057 1182 1293 1302 1247 40 669 8187 8186 8187 8186 8186 8187 
1273 1209 3263 14062 1183 1295 1303 1247 81 669 8187 8186 8186 8186 8186 8187 
1275 1207 3263 14063 1183 1295 1305 1247 68 669 8187 8186 8186 8186 8186 8187 
1272 1206 3263 14061 1181 1295 1302 1247 88 669 8187 8186 8186 8186 8186 8187 
1273 1205 3263 14062 1182 1294 1301 1246 94 670 8186 8185 8186 8185 8185 8186 
1271 1205 3267 14059 1182 1293 1303 1246 80 669 8187 8186 8186 8186 8186 8187 
1271 1203 3269 14066 1182 1293 1303 1247 102 669 8186 8185 8185 8185 8185 8186 
1272 1205 3263 14063 1181 1292 1302 1246 96 669 8187 8186 8187 8186 8186 8187 
1271 1205 3270 14065 1181 1294 1303 1245 90 669 8186 8185 8185 8185 8185 8186 
1269 1205 3268 14061 1181 1292 1301 1245 99 669 8186 8185 8185 8185 8185 8186 
1271 1203 3262 14059 1183 1295 1303 1247 74 669 8187 8186 8186 8186 8186 8187 
1270 1205 3265 14061 1180 1291 1301 1244 103 669 8186 8185 8185 8185 8185 8186 
1268 1201 3263 14059 1180 1294 1301 1243 70 669 8185 8184 8184 8184 8184 8185 
1273 1206 3266 14063 1182 1295 1302 1246 82 669 8186 8185 8186 8185 8185 8186 
1272 1207 3267 14066 1184 1295 1305 1247 136 669 8187 8186 8186 8186 8186 8187 
1274 1206 3265 14061 1182 1295 1302 1246 89 670 8187 8186 8186 8186 8186 8187 
1271 1206 3263 14061 1183 1295 1301 1246 84 670 8186 8185 8185 8185 8185 8186 
1271 1204 3262 14058 1183 1294 1303 1247 71 669 8187 8186 8186 8186 8186 8187 
1271 1204 3267 14067 1181 1295 1303 1245 96 669 8186 8185 8185 8185 8185 8186 
1270 1203 3265 14063 1180 1293 1301 1245 101 669 8186 8185 8186 8185 8185 8186 
1273 1205 3266 14069 1183 1295 1302 1246 158 670 8187 8186 8187 8186 8186 8187 
1273 1206 3264 14058 1183 1295 1303 1246 118 669 8186 8185 8185 8185 8185 8186 
1273 1207 3263 14063 1183 1295 1303 1246 94 669 8187 8186 8186 8186 8186 8187 
1271 1205 3260 14055 1181 1294 1303 1245 71 669 8187 8186 8187 8186 8186 8187 
1270 1205 3266 14062 1181 1294 1302 1245 105 669 8187 8186 8187 8186 8186 8187 
1271 1206 3268 14066 1181 1294 1302 1245 94 669 8187 8186 8186 8186 8186 8187 
1274 1205 3264 14063 1182 1295 1303 1248 87 670 8186 8185 8186 8185 8185 8186 
1271 1207 3263 14059 1181 1295 1303 1245 87 669 8186 8185 8186 8185 8185 8186 
1274 1209 3266 14063 1183 1297 1305 1247 89 669 8187 8186 8186 8186 8186 8187 
1274 1209 3263 14065 1182 1295 1303 1247 97 669 8187 8186 8186 8186 8186 8187 
1273 1207 3260 14062 1181 1294 1303 1247 106 669 8187 8186 8186 8186 8186 8187 
1272 1205 3266 14059 1183 1295 1302 1247 69 669 8187 8186 8187 8186 8186 8187 
1269 1207 3265 14062 1181 1295 1303 1246 89 669 8186 8185 8185 8185 8185 8186 
1271 1205 3265 14066 1181 1295 1303 1246 118 669 8187 8186 8186 8186 8186 8187 
1272 1207 3268 14068 1182 1295 1303 1247 125 669 8186 8185 8186 8185 8185 8186 
1270 1205 3263 14067 1182 1294 1303 1243 104 668 8187 8186 8186 8186 8186 8187 
1235 1262 3267 14059 1185 1296 1303 1249 339 658 8187 8186 8186 8186 8186 8187 
1271 1207 3261 14063 1181 1292 1302 1246 93 669 8186 8185 8185 8185 8185 8186 
1270 1205 3261 14063 1181 1293 1302 1243 67 669 8186 8185 8186 8185 8185 8186 
1273 1206 3261 14065 1183 1294 1303 1245 60 669 8187 8186 8187 8186 8186 8187 
1274 1203 3266 14067 1182 1295 1303 1247 94 669 8187 8186 8187 8186 8186 8187 
1272 1205 3265 14065 1182 1295 1303 1247 74 669 8186 8185 8185 8185 8185 8186 
1272 1205 3267 14067 1183 1295 1303 1246 93 669 8186 8185 8185 8185 8185 8186 
1273 1207 3266 14067 1182 1295 1303 1246 92 670 8186 8185 8185 8185 8185 8186 
1272 1205 3264 14065 1181 1293 1303 1246 58 669 8187 8186 8186 8186 8186 8187 
1271 1206 3261 14062 1183 1295 1303 1246 75 669 8187 8186 8187 8186 8186 8187 
1271 1207 3265 14063 1183 1294 1303 1245 99 670 8187 8186 8186 8186 8186 8187 
1271 1206 3268 14066 1184 1293 1303 1246 98 669 8187 8186 8186 8186 8186 8187 
1271 1206 3266 14066 1183 1295 1303 1245 104 669 8186 8185 8185 8185 8185 8186 
1273 1205 3265 14065 1181 1295 1303 1246 70 669 8186 8185 8185 8185 8185 8186 
1271 1204 3261 14059 1182 1294 1303 1247 71 669 8187 8186 8186 8186 8186 8187 
1270 1205 3265 14063 1182 1293 1302 1246 88 669 8187 8186 8187 8186 8186 8187 
1275 1209 3271 14069 1185 1297 1305 1247 92 669 8187 8186 8187 8186 8186 8187 
1270 1203 3266 14065 1179 1292 1301 1244 61 669 8187 8186 8187 8186 8186 8187 
1271 1205 3269 14069 1181 1293 1303 1246 108 669 8186 8185 8186 8185 8185 8186 
1274 1207 3267 14065 1183 1297 1303 1247 39 669 8187 8186 8187 8186 8186 8187 
1271 1206 3266 14069 1183 1296 1303 1247 101 669 8187 8186 8187 8186 8186 8187 
1274 1207 3266 14069 1183 1295 1303 1247 83 669 8186 8185 8186 8185 8185 8186 
1273 1206 3264 14067 1182 1295 1302 1247 110 669 8187 8186 8186 8186 8186 8187 
1271 1207 3267 14067 1181 1292 1301 1246 77 669 8187 8186 8187 8186 8186 8187 
1269 1206 3263 14066 1181 1294 1303 1245 79 669 8186 8185 8185 8185 8185 8186 
1270 1205 3259 14061 1180 1293 1301 1246 67 669 8187 8186 8186 8186 8186 8187 
1271 1206 3263 14068 1184 1295 1303 1247 79 669 8186 8185 8185 8185 8185 8186 
1273 1207 3266 14067 1183 1295 1303 1247 96 669 8186 8185 8186 8185 8185 8186 
1272 1206 3262 14067 1183 1294 1303 1247 78 669 8186 8185 8186 8185 8185 8186 
1270 1204 3266 14063 1181 1293 1301 1246 55 669 8187 8186 8186 8186 8186 8187 
1273 1206 3263 14063 1185 1297 1305 1248 129 669 8186 8185 8186 8185 8185 8186 
1273 1207 3264 14066 1185 1297 1303 1247 70 669 8187 8186 8187 8186 8186 8187 
1270 1204 3264 14067 1183 1295 1302 1246 98 669 8186 8185 8185 8185 8185 8186 
1270 1203 3264 14068 1181 1295 1303 1245 79 669 8186 8185 8185 8185 8185 8186 
1271 1205 3267 14068 1181 1293 1302 1245 90 669 8187 8186 8187 8186 8186 8187 
1270 1205 3268 14065 1180 1294 1303 1246 95 669 8186 8185 8186 8185 8185 8186 
1270 1205 3263 14063 1181 1295 1302 1245 53 669 8187 8186 8186 8186 8186 8187 
1271 1205 3265 14069 1181 1295 1303 1245 123 669 8186 8185 8186 8185 8185 8186 
1273 1205 3265 14066 1181 1294 1302 1247 89 669 8187 8186 8187 8186 8186 8187 
1269 1206 3266 14070 1182 1293 1303 1245 89 669 8187 8186 8186 8186 8186 8187 
1269 1205 3265 14069 1181 1295 1301 1245 72 669 8187 8186 8186 8186 8186 8187 
1273 1205 3264 14067 1183 1297 1303 1247 80 669 8187 8186 8186 8186 8186 8187 
1273 1207 3264 14067 1184 1295 1305 1247 87 669 8187 8186 8186 8186 8186 8187 
1275 1207 3264 14067 1185 1297 1305 1247 78 669 8187 8186 8187 8186 8186 8187 
1271 1204 3264 14063 1181 1294 1303 1246 111 669 8186 8185 8185 8185 8185 8186 
1271 1207 3265 14071 1183 1297 1306 1248 92 668 8187 8186 8186 8186 8186 8187 
1269 1202 3263 14067 1181 1293 1302 1246 77 670 8186 8185 8185 8185 8185 8186 
1271 1206 3266 14070 1181 1293 1301 1245 92 670 8186 8185 8186 8185 8185 8186 
1271 1205 3268 14067 1182 1294 1301 1246 85 669 8187 8186 8186 8186 8186 8187 
1269 1204 3269 14068 1181 1294 1303 1247 94 669 8187 8186 8186 8186 8186 8187 
1271 1206 3265 14066 1182 1293 1303 1246 127 669 8186 8185 8186 8185 8185 8186 
1270 1204 3268 14067 1182 1294 1303 1246 118 668 8187 8186 8186 8186 8186 8187 
1271 1206 3267 14067 1182 1294 1303 1246 95 669 8186 8185 8186 8185 8185 8186 
1272 1205 3267 14065 1183 1296 1303 1248 91 669 8186 8185 8186 8185 8185 8186 
1273 1204 3263 14067 1182 1295 1303 1247 86 669 8186 8185 8185 8185 8185 8186 
1270 1206 3264 14071 1181 1294 1301 1247 100 670 8186 8185 8185 8185 8185 8186 
1271 1205 3265 14070 1181 1295 1303 1246 57 669 8186 8185 8185 8185 8185 8186 
1271 1207 3266 14069 1182 1292 1303 1246 118 669 8187 8186 8186 8186 8186 8187 
1271 1205 3263 14063 1182 1294 1301 1246 68 669 8186 8185 8186 8185 8185 8186 
1268 1206 3268 14067 1181 1291 1301 1245 105 669 8187 8186 8186 8186 8186 8187 
1274 1205 3269 14067 1183 1295 1303 1247 86 669 8186 8185 8185 8185 8185 8186 
1275 1210 3264 14065 1186 1298 1306 1248 78 670 8187 8186 8186 8186 8186 8187 
1273 1209 3264 14067 1182 1295 1303 1247 102 668 8187 8186 8186 8186 8186 8187 
1271 1205 3264 14067 1183 1294 1302 1246 97 669 8187 8186 8186 8186 8186 8187 
1270 1203 3263 14067 1181 1293 1301 1246 81 669 8185 8184 8185 8184 8184 8185 
1271 1207 3267 14073 1181 1295 1303 1246 97 669 8187 8186 8186 8186 8186 8187 
1271 1206 3265 14070 1183 1295 1303 1245 81 669 8187 8186 8186 8186 8186 8187 
1273 1207 3266 14067 1186 1297 1303 1250 109 669 8187 8186 8187 8186 8186 8187 
1271 1204 3265 14067 1181 1295 1303 1247 110 669 8187 8186 8187 8186 8186 8187 
1270 1203 3269 14065 1181 1293 1303 1243 93 669 8186 8185 8185 8185 8185 8186 
1271 1207 3271 14070 1183 1294 1302 1245 110 669 8186 8185 8186 8185 8185 8186 
1270 1204 3267 14063 1182 1294 1300 1245 76 669 8186 8185 8185 8185 8185 8186 
1272 1207 3263 14069 1183 1294 1303 1248 68 669 8187 8186 8186 8186 8186 8187 
1269 1204 3263 14065 1181 1295 1302 1246 116 669 8186 8185 8185 8185 8185 8186 
1274 1207 3271 14071 1184 1295 1305 1249 75 669 8187 8186 8186 8186 8186 8187 
1271 1207 3269 14067 1182 1294 1303 1247 124 669 8186 8185 8185 8185 8185 8186 
1269 1201 3265 14066 1181 1291 1301 1243 93 669 8186 8185 8186 8185 8185 8186 
1266 1205 3264 14063 1179 1291 1300 1243 64 669 8186 8185 8186 8185 8185 8186 
1269 1201 3267 14067 1179 1293 1301 1245 93 669 8186 8185 8186 8185 8185 8186 
1271 1206 3270 14069 1181 1293 1301 1245 86 669 8186 8185 8185 8185 8185 8186 
1269 1203 3267 14069 1182 1293 1303 1247 98 669 8186 8185 8185 8185 8185 8186 
1271 1204 3270 14067 1182 1294 1303 1245 97 669 8186 8185 8185 8185 8185 8186 
1273 1207 3266 14071 1185 1298 1306 1247 118 669 8186 8185 8185 8185 8185 8186 
1272 1207 3270 14069 1183 1294 1305 1248 86 669 8186 8185 8186 8185 8185 8186 
1270 1203 3265 14071 1181 1294 1301 1245 107 669 8187 8186 8186 8186 8186 8187 
1273 1205 3263 14067 1182 1295 1303 1246 81 669 8186 8185 8186 8185 8185 8186 
1272 1207 3271 14069 1183 1295 1305 1247 89 669 8187 8186 8186 8186 8186 8187 
1275 1202 3271 14069 1183 1295 1301 1247 49 669 8187 8186 8186 8186 8186 8187 
1271 1203 3266 14069 1180 1291 1302 1245 92 669 8186 8185 8186 8185 8185 8186 
1271 1207 3271 14071 1180 1294 1303 1245 96 670 8187 8186 8187 8186 8186 8187 
1270 1204 3265 14063 1181 1293 1303 1245 85 669 8187 8186 8186 8186 8186 8187 
1271 1207 3273 14073 1183 1295 1303 1247 96 669 8187 8186 8186 8186 8186 8187 
1271 1206 3264 14067 1184 1295 1302 1247 75 669 8187 8186 8186 8186 8186 8187 
1270 1207 3269 14071 1181 1295 1302 1248 85 669 8186 8185 8185 8185 8185 8186 
1271 1203 3269 14063 1181 1295 1301 1245 73 669 8186 8185 8185 8185 8185 8186 
1273 1207 3271 14071 1183 1294 1303 1246 58 669 8186 8185 8185 8185 8185 8186 
1271 1206 3271 14069 1183 1294 1303 1247 94 670 8187 8186 8187 8186 8186 8187 
1271 1206 3271 14071 1182 1295 1303 1246 108 669 8187 8186 8186 8186 8186 8187 
1273 1204 3271 14066 1181 1295 1303 1246 48 667 8185 8184 8185 8184 8184 8185 
1273 1207 3274 14071 1182 1297 1303 1248 91 669 8187 8186 8186 8186 8186 8187 
1271 1207 3273 14065 1183 1295 1303 1247 55 669 8186 8185 8185 8185 8185 8186 
1271 1205 3266 14066 1183 1295 1303 1245 71 669 8187 8186 8186 8186 8186 8187 
1270 1205 3273 14070 1183 1293 1301 1245 120 669 8186 8185 8185 8185 8185 8186 
1271 1207 3273 14071 1183 1294 1303 1248 83 669 8186 8185 8185 8185 8185 8186 
1271 1204 3270 14071 1182 1295 1303 1246 96 669 8186 8185 8185 8185 8185 8186 
1270 1203 3270 14068 1179 1295 1302 1245 92 669 8186 8185 8186 8185 8185 8186 
1271 1205 3269 14062 1181 1293 1301 1247 61 669 8186 8185 8186 8185 8185 8186 
1271 1205 3273 14071 1179 1293 1303 1243 86 669 8187 8186 8187 8186 8186 8187 
1271 1206 3273 14066 1182 1295 1303 1246 70 669 8187 8186 8186 8186 8186 8187 
1271 1206 3270 14063 1181 1295 1303 1247 84 669 8187 8186 8186 8186 8186 8187 
1271 1204 3266 14069 1183 1293 1303 1246 86 669 8187 8186 8186 8186 8186 8187 
1271 1203 3271 14071 1181 1293 1303 1247 101 669 8187 8186 8187 8186 8186 8187 
1269 1204 3271 14071 1181 1294 1303 1246 94 669 8186 8185 8186 8185 8185 8186 
1271 1206 3269 14069 1183 1293 1301 1246 94 670 8187 8186 8186 8186 8186 8187 
1271 1204 3271 14070 1181 1293 1302 1246 110 669 8187 8186 8186 8186 8186 8187 
1272 1206 3272 14071 1183 1295 1303 1247 65 669 8187 8186 8186 8186 8186 8187 
1270 1207 3265 14066 1182 1295 1301 1246 88 669 8186 8185 8185 8185 8185 8186 
1273 1207 3269 14070 1183 1295 1303 1247 98 669 8187 8186 8187 8186 8186 8187 
1270 1205 3271 14069 1182 1295 1300 1247 96 669 8187 8186 8187 8186 8186 8187 
1274 1207 3269 14070 1184 1295 1303 1249 90 669 8187 8186 8186 8186 8186 8187 
1272 1207 3271 14074 1182 1295 1304 1248 96 669 8186 8185 8186 8185 8185 8186 
1271 1204 3267 14074 1183 1294 1301 1246 92 669 8187 8186 8186 8186 8186 8187 
1272 1204 3267 14069 1181 1293 1303 1246 77 669 8187 8186 8187 8186 8186 8187 
1271 1207 3266 14069 1181 1293 1302 1247 77 669 8187 8186 8186 8186 8186 8187 
1269 1203 3267 14069 1179 1293 1301 1243 126 670 8186 8185 8185 8185 8185 8186 
1271 1207 3267 14066 1179 1293 1300 1246 85 669 8187 8186 8187 8186 8186 8187 
1269 1206 3266 14071 1181 1294 1303 1247 96 669 8187 8186 8186 8186 8186 8187 
1270 1203 3266 14067 1182 1293 1299 1245 98 669 8186 8185 8185 8185 8185 8186 
1271 1204 3264 14069 1182 1292 1302 1244 81 669 8187 8186 8186 8186 8186 8187 
1273 1206 3271 14070 1181 1295 1303 1245 86 669 8187 8186 8186 8186 8186 8187 
1271 1204 3270 14071 1183 1295 1302 1247 95 669 8187 8186 8187 8186 8186 8187 
1269 1206 3265 14071 1181 1293 1302 1246 145 669 8187 8186 8186 8186 8186 8187 
1271 1206 3271 14068 1182 1293 1303 1248 71 669 8187 8186 8186 8186 8186 8187 
1272 1207 3267 14067 1183 1295 1303 1247 60 669 8187 8186 8187 8186 8186 8187 
1271 1205 3268 14069 1181 1295 1301 1247 85 669 8187 8186 8186 8186 8186 8187 
1271 1207 3269 14071 1181 1295 1303 1247 91 669 8186 8185 8185 8185 8185 8186 
1272 1207 3267 14077 1182 1295 1303 1247 88 669 8187 8186 8186 8186 8186 8187 
1273 1206 3266 14070 1182 1294 1301 1245 110 669 8187 8186 8186 8186 8186 8187 
1273 1207 3267 14071 1183 1295 1303 1245 54 669 8187 8186 8186 8186 8186 8187 
1270 1206 3269 14069 1181 1295 1303 1245 76 669 8186 8185 8185 8185 8185 8186 
1271 1205 3270 14067 1181 1294 1303 1246 106 669 8186 8185 8185 8185 8185 8186 
1272 1206 3265 14065 1182 1295 1303 1246 74 668 8186 8185 8185 8185 8185 8186 
1271 1205 3267 14063 1183 1295 1302 1247 84 669 8186 8185 8185 8185 8185 8186 
1274 1205 3267 14070 1182 1295 1302 1246 71 670 8186 8185 8186 8185 8185 8186 
1270 1206 3271 14068 1183 1295 1303 1247 71 669 8186 8185 8185 8185 8185 8186 
1273 1207 3267 14069 1183 1295 1303 1246 118 669 8188 8187 8188 8187 8187 8188 
1271 1204 3271 14067 1181 1294 1303 1245 83 669 8186 8185 8185 8185 8185 8186 
1271 1207 3271 14074 1182 1295 1303 1246 97 669 8187 8186 8186 8186 8186 8187 
1271 1205 3270 14071 1182 1295 1302 1246 110 669 8187 8186 8186 8186 8186 8187 
1273 1206 3273 14075 1181 1295 1303 1248 97 669 8187 8186 8186 8186 8186 8187 
1271 1206 3271 14073 1183 1295 1303 1246 90 669 8186 8185 8186 8185 8185 8186 
1271 1207 3271 14069 1183 1294 1303 1245 99 669 8187 8186 8187 8186 8186 8187 
1274 1208 3274 14075 1183 1297 1303 1248 112 669 8187 8186 8187 8186 8186 8187 
1273 1207 3273 14071 1182 1297 1305 1248 58 668 8186 8185 8185 8185 8185 8186 
1273 1206 3268 14071 1182 1295 1301 1246 109 670 8187 8186 8186 8186 8186 8187 
1269 1203 3270 14073 1181 1295 1302 1244 88 669 8186 8185 8185 8185 8185 8186 
1271 1206 3267 14079 1182 1295 1303 1247 89 669 8187 8186 8186 8186 8186 8187 
1273 1207 3267 14077 1181 1295 1303 1247 92 669 8187 8186 8186 8186 8186 8187 
1271 1206 3268 14071 1181 1293 1302 1244 75 669 8187 8186 8187 8186 8186 8187 
1272 1207 3266 14071 1182 1295 1303 1247 99 669 8187 8186 8187 8186 8186 8187 
1269 1207 3266 14071 1181 1294 1303 1247 95 669 8187 8186 8186 8186 8186 8187 
1271 1207 3267 14073 1183 1295 1303 1247 110 669 8187 8186 8187 8186 8186 8187 
1272 1207 3265 14071 1183 1297 1305 1247 59 669 8187 8186 8186 8186 8186 8187 
1273 1206 3271 14076 1182 1293 1303 1245 95 669 8187 8186 8187 8186 8186 8187 
1274 1205 3266 14078 1184 1297 1303 1247 98 669 8187 8186 8186 8186 8186 8187 
1272 1203 3269 14071 1181 1293 1301 1245 60 669 8187 8186 8187 8186 8186 8187 
1272 1207 3267 14073 1181 1295 1303 1246 102 669 8187 8186 8187 8186 8186 8187 
1273 1205 3267 14077 1182 1294 1303 1247 79 669 8187 8186 8186 8186 8186 8187 
1270 1205 3267 14071 1181 1293 1303 1245 93 669 8187 8186 8187 8186 8186 8187 
1272 1206 3271 14073 1183 1295 1303 1246 54 669 8186 8185 8185 8185 8185 8186 
1271 1207 3271 14071 1181 1295 1303 1247 97 669 8187 8186 8186 8186 8186 8187 
1271 1203 3271 14071 1181 1295 1303 1246 106 669 8186 8185 8186 8185 8185 8186 
1271 1207 3269 14071 1183 1295 1303 1247 121 670 8187 8186 8187 8186 8186 8187 
1271 1207 3266 14071 1183 1295 1303 1248 96 669 8187 8186 8186 8186 8186 8187 
1270 1205 3265 14070 1182 1295 1301 1246 73 669 8187 8186 8186 8186 8186 8187 
1268 1202 3265 14071 1179 1291 1301 1243 75 669 8187 8186 8186 8186 8186 8187 
1271 1207 3271 14071 1183 1295 1303 1246 67 669 8187 8186 8186 8186 8186 8187 
1269 1205 3267 14073 1181 1291 1302 1245 106 669 8187 8186 8186 8186 8186 8187 
1272 1203 3269 14071 1182 1293 1302 1244 100 669 8187 8186 8187 8186 8186 8187 
1271 1207 3268 14075 1181 1293 1303 1245 92 669 8187 8186 8186 8186 8186 8187 
1271 1206 3270 14073 1181 1295 1303 1247 84 669 8187 8186 8187 8186 8186 8187 
1273 1206 3269 14066 1182 1295 1303 1247 71 669 8186 8185 8186 8185 8185 8186 
1271 1203 3268 14075 1182 1295 1303 1247 92 669 8187 8186 8186 8186 8186 8187 
1271 1204 3269 14067 1182 1294 1302 1245 78 669 8187 8186 8186 8186 8186 8187 
1271 1203 3271 14073 1179 1295 1301 1244 103 669 8186 8185 8185 8185 8185 8186 
1271 1203 3265 14071 1180 1294 1302 1245 63 669 8187 8186 8187 8186 8186 8187 
1279 1205 3265 14067 1182 1294 1302 1245 0 669 8187 8186 8186 8186 8186 8187 
1273 1206 3267 14075 1182 1293 1303 1246 56 669 8187 8186 8186 8186 8186 8187 
1272 1206 3267 14071 1183 1295 1303 1246 95 670 8187 8186 8186 8186 8186 8187 
1271 1204 3271 14073 1181 1293 1302 1245 85 669 8186 8185 8186 8185 8185 8186 
1271 1206 3273 14074 1181 1295 1302 1247 86 669 8186 8185 8186 8185 8185 8186 
1271 1206 3266 14075 1182 1295 1305 1245 101 669 8187 8186 8186 8186 8186 8187 
1272 1207 3273 14075 1183 1294 1303 1249 93 669 8187 8186 8186 8186 8186 8187 
1273 1206 3271 14075 1184 1298 1305 1248 78 670 8187 8186 8188 8186 8186 8187 
1269 1205 3273 14073 1183 1294 1303 1246 86 670 8186 8185 8186 8185 8185 8186 
1270 1205 3267 14075 1183 1293 1301 1246 90 669 8186 8185 8185 8185 8185 8186 
1269 1202 3266 14071 1181 1293 1300 1245 104 669 8186 8185 8185 8185 8185 8186 
1270 1206 3271 14075 1182 1295 1303 1249 114 670 8187 8186 8186 8186 8186 8187 
1271 1207 3267 14076 1182 1295 1303 1246 80 669 8186 8185 8185 8185 8185 8186 
1273 1209 3269 14075 1182 1295 1303 1247 81 669 8187 8186 8186 8186 8186 8187 
1271 1203 3264 14075 1181 1294 1305 1247 72 669 8187 8186 8186 8186 8186 8187 
1274 1205 3266 14077 1183 1295 1303 1247 81 669 8187 8186 8187 8186 8186 8187 
1273 1207 3269 14077 1183 1295 1303 1245 81 670 8187 8186 8186 8186 8186 8187 
1273 1204 3270 14076 1183 1295 1303 1247 98 669 8186 8185 8185 8185 8185 8186 
1273 1204 3267 14075 1181 1294 1303 1247 90 668 8187 8186 8186 8186 8186 8187 
1271 1205 3273 14075 1179 1295 1301 1245 86 669 8187 8186 8186 8186 8186 8187 
1271 1203 3268 14078 1182 1293 1301 1245 96 669 8187 8186 8186 8186 8186 8187 
1271 1205 3271 14075 1183 1295 1303 1246 88 669 8186 8185 8185 8185 8185 8186 
1269 1207 3269 14079 1181 1295 1303 1245 88 670 8186 8185 8186 8185 8185 8186 
1273 1206 3269 14073 1183 1295 1303 1246 110 669 8187 8186 8187 8186 8186 8187 
1269 1204 3265 14076 1182 1293 1300 1244 95 668 8187 8186 8186 8186 8186 8187 
1270 1205 3268 14074 1181 1293 1299 1246 87 669 8187 8186 8186 8186 8186 8187 
1271 1206 3265 14071 1182 1294 1303 1245 73 669 8187 8186 8186 8186 8186 8187 
1271 1206 3271 14067 1182 1297 1303 1246 62 668 8186 8185 8185 8185 8185 8186 
1273 1205 3267 14071 1181 1295 1303 1247 77 669 8186 8185 8185 8185 8185 8186 
1270 1202 3267 14073 1182 1293 1303 1245 68 669 8187 8186 8186 8186 8186 8187 
1273 1207 3271 14077 1183 1297 1303 1249 75 669 8187 8186 8186 8186 8186 8187 
1273 1205 3270 14071 1183 1295 1303 1246 81 670 8187 8186 8187 8186 8186 8187 
1271 1205 3267 14069 1182 1295 1303 1246 82 669 8187 8186 8186 8186 8186 8187 
1271 1204 3267 14075 1181 1294 1302 1247 125 669 8186 8185 8185 8185 8185 8186 
1273 1207 3270 14074 1183 1295 1305 1248 95 669 8187 8186 8186 8186 8186 8187 
1271 1204 3266 14071 1183 1294 1305 1247 57 669 8187 8186 8186 8186 8186 8187 
1270 1201 3264 14074 1181 1292 1299 1243 74 669 8187 8186 8186 8186 8186 8187 
1271 1207 3269 14078 1183 1295 1303 1248 35 669 8187 8186 8186 8186 8186 8187 
1270 1206 3271 14074 1179 1294 1301 1246 88 669 8186 8185 8185 8185 8185 8186 
1273 1209 3271 14074 1182 1293 1302 1246 79 669 8187 8186 8186 8186 8186 8187 
1272 1207 3270 14077 1182 1296 1303 1250 80 668 8187 8186 8186 8186 8186 8187 
1271 1203 3271 14071 1181 1294 1303 1244 70 669 8186 8185 8185 8185 8185 8186 
1271 1207 3267 14075 1182 1293 1302 1246 102 669 8188 8187 8188 8187 8187 8188 
1271 1204 3271 14074 1183 1294 1303 1246 58 669 8186 8185 8185 8185 8185 8186 
1273 1205 3269 14081 1184 1295 1303 1247 102 669 8187 8186 8186 8186 8186 8187 
1270 1205 3267 14074 1181 1294 1303 1246 67 669 8187 8186 8186 8186 8186 8187 
1273 1205 3270 14073 1183 1294 1302 1248 102 669 8186 8185 8185 8185 8185 8186 
1271 1206 3267 14079 1183 1295 1303 1247 100 669 8187 8186 8186 8186 8186 8187 
1273 1206 3266 14073 1183 1294 1302 1245 49 669 8186 8185 8185 8185 8185 8186 
1270 1204 3266 14075 1182 1294 1301 1246 81 669 8187 8186 8187 8186 8186 8187 
1273 1207 3268 14077 1183 1294 1303 1247 88 669 8187 8186 8187 8186 8186 8187 
1271 1206 3270 14075 1183 1295 1303 1245 95 669 8187 8186 8186 8186 8186 8187 
1272 1205 3267 14078 1183 1298 1303 1247 89 669 8186 8185 8185 8185 8185 8186 
1270 1207 3270 14071 1181 1293 1302 1246 87 669 8187 8186 8186 8186 8186 8187 
1275 1212 3274 14081 1185 1297 1306 1249 111 669 8187 8186 8186 8186 8186 8187 
1271 1205 3269 14071 1182 1294 1301 1246 83 669 8187 8186 8186 8186 8186 8187 
1273 1207 3271 14077 1182 1295 1305 1248 88 669 8187 8186 8186 8186 8186 8187 
1272 1206 3267 14077 1182 1295 1304 1247 80 668 8186 8185 8185 8185 8185 8186 
1272 1207 3265 14079 1182 1295 1303 1247 99 669 8187 8186 8186 8186 8186 8187 
1271 1205 3265 14074 1183 1295 1303 1248 39 669 8187 8186 8186 8186 8186 8187 
1272 1205 3269 14078 1183 1295 1306 1248 78 668 8187 8186 8186 8186 8186 8187 
1273 1206 3267 14080 1183 1297 1303 1247 93 670 8186 8185 8186 8185 8185 8186 
1271 1206 3266 14075 1183 1294 1302 1245 110 668 8187 8186 8186 8186 8186 8187 
1271 1203 3269 14077 1183 1294 1302 1245 87 669 8187 8186 8186 8186 8186 8187 
1271 1205 3269 14079 1182 1294 1303 1246 95 669 8187 8186 8187 8186 8186 8187 
1272 1207 3271 14077 1179 1295 1301 1245 103 669 8187 8186 8186 8186 8186 8187 
1271 1206 3267 14075 1182 1293 1302 1246 82 669 8187 8186 8186 8186 8186 8187 
1269 1206 3266 14078 1183 1293 1303 1247 91 669 8187 8186 8187 8186 8186 8187 
1273 1206 3269 14073 1181 1295 1303 1247 68 668 8187 8186 8186 8186 8186 8187 
1271 1204 3264 14074 1180 1294 1301 1247 70 669 8187 8186 8187 8186 8186 8187 
1271 1207 3265 14080 1183 1295 1303 1246 90 669 8186 8185 8185 8185 8185 8186 
1273 1205 3269 14079 1181 1295 1302 1247 84 669 8187 8186 8187 8186 8186 8187 
1272 1207 3265 14077 1181 1295 1303 1247 87 669 8187 8186 8186 8186 8186 8187 
1271 1204 3269 14075 1183 1295 1303 1247 83 669 8187 8186 8187 8186 8186 8187 
1270 1206 3266 14077 1181 1293 1300 1246 96 669 8186 8185 8185 8185 8185 8186 
1272 1205 3265 14075 1183 1293 1303 1247 74 669 8187 8186 8186 8186 8186 8187 
1271 1206 3266 14084 1183 1295 1302 1247 95 669 8187 8186 8186 8186 8186 8187 
1271 1206 3266 14081 1183 1296 1303 1247 93 669 8187 8186 8186 8186 8186 8187 
1271 1205 3271 14079 1181 1293 1303 1245 104 669 8187 8186 8186 8186 8186 8187 
1271 1207 3270 14077 1183 1295 1303 1246 114 669 8186 8185 8186 8185 8185 8186 
1271 1202 3268 14078 1182 1294 1303 1246 84 668 8186 8185 8185 8185 8185 8186 
1271 1206 3269 14078 1181 1293 1303 1245 80 669 8186 8185 8186 8185 8185 8186 
1274 1207 3267 14076 1183 1295 1303 1247 86 669 8187 8186 8187 8186 8186 8187 
1271 1207 3266 14077 1186 1295 1305 1248 83 670 8187 8186 8186 8186 8186 8187 
1270 1206 3267 14079 1180 1294 1303 1247 78 669 8187 8186 8186 8186 8186 8187 
1270 1206 3265 14079 1184 1295 1303 1247 100 670 8186 8185 8185 8185 8185 8186 
1274 1206 3267 14079 1184 1295 1303 1249 89 669 8187 8186 8186 8186 8186 8187 
1272 1204 3267 14078 1180 1294 1301 1245 91 669 8187 8186 8186 8186 8186 8187 
1270 1205 3264 14078 1181 1293 1302 1246 74 669 8186 8185 8185 8185 8185 8186 
1270 1205 3266 14081 1182 1293 1303 1247 92 669 8187 8186 8187 8186 8186 8187 
1269 1203 3269 14078 1181 1294 1302 1244 64 669 8187 8186 8186 8186 8186 8187 
1271 1204 3269 14077 1182 1294 1303 1245 87 669 8186 8185 8186 8185 8185 8186 
1269 1205 3264 14074 1181 1295 1302 1246 70 669 8187 8186 8186 8186 8186 8187 
1271 1206 3262 14075 1183 1295 1303 1247 73 669 8187 8186 8187 8186 8186 8187 
1273 1207 3265 14077 1182 1295 1301 1247 41 669 8187 8186 8186 8186 8186 8187 
1275 1207 3266 14079 1183 1297 1303 1248 109 669 8187 8186 8186 8186 8186 8187 
1273 1206 3270 14075 1181 1297 1305 1249 77 669 8187 8186 8186 8186 8186 8187 
1271 1206 3265 14078 1182 1294 1302 1246 80 668 8187 8186 8187 8186 8186 8187 
1273 1206 3271 14079 1183 1295 1302 1248 56 669 8186 8185 8185 8185 8185 8186 
1271 1204 3264 14074 1180 1293 1302 1244 59 669 8186 8185 8185 8185 8185 8186 
1271 1204 3264 14075 1181 1295 1302 1246 75 669 8187 8186 8187 8186 8186 8187 
1275 1207 3268 14071 1183 1295 1303 1248 68 669 8187 8186 8186 8186 8186 8187 
1269 1199 3265 14075 1181 1294 1303 1245 91 669 8187 8186 8187 8186 8186 8187 
1272 1205 3268 14074 1183 1295 1303 1247 45 669 8186 8185 8185 8185 8185 8186 
1275 1205 3269 14082 1182 1295 1303 1246 97 669 8187 8186 8186 8186 8186 8187 
1271 1207 3266 14077 1183 1295 1303 1247 79 670 8187 8186 8186 8186 8186 8187 
1272 1207 3270 14079 1181 1295 1303 1248 81 669 8187 8186 8186 8186 8186 8187 
1271 1206 3266 14076 1181 1295 1303 1247 87 669 8186 8185 8185 8185 8185 8186 
1272 1207 3271 14075 1182 1295 1301 1246 91 669 8187 8186 8186 8186 8186 8187 
1275 1205 3267 14081 1186 1295 1303 1247 79 669 8187 8186 8186 8186 8186 8187 
1273 1207 3268 14075 1181 1294 1302 1247 88 669 8186 8185 8185 8185 8185 8186 
1271 1206 3269 14078 1183 1294 1302 1247 98 669 8187 8186 8186 8186 8186 8187 
1271 1203 3271 14077 1181 1294 1302 1247 68 669 8186 8185 8185 8185 8185 8186 
1271 1204 3270 14075 1181 1294 1302 1244 93 670 8187 8186 8186 8186 8186 8187 
1271 1203 3264 14074 1182 1294 1302 1246 63 669 8187 8186 8187 8186 8186 8187 
1272 1206 3264 14075 1181 1293 1303 1245 72 669 8187 8186 8186 8186 8186 8187 
1271 1204 3266 14073 1182 1294 1305 1245 72 669 8187 8186 8186 8186 8186 8187 
1271 1207 3265 14074 1183 1295 1303 1247 75 669 8187 8186 8187 8186 8186 8187 
1275 1207 3266 14077 1185 1298 1306 1250 79 669 8187 8186 8186 8186 8186 8187 
1270 1207 3270 14079 1181 1295 1303 1246 87 669 8187 8186 8186 8186 8186 8187 
1269 1206 3266 14075 1182 1294 1301 1245 86 669 8186 8185 8185 8185 8185 8186 
1269 1206 3265 14076 1180 1293 1301 1246 108 669 8187 8186 8187 8186 8186 8187 
1274 1204 3267 14081 1181 1295 1303 1247 90 669 8186 8185 8186 8185 8185 8186 
1271 1203 3267 14079 1182 1295 1302 1246 96 669 8187 8186 8186 8186 8186 8187 
1270 1207 3271 14078 1182 1293 1301 1245 75 669 8186 8185 8185 8185 8185 8186 
1271 1207 3266 14078 1182 1294 1303 1246 102 669 8186 8185 8186 8185 8185 8186 
1271 1205 3269 14075 1181 1295 1302 1246 69 669 8187 8186 8186 8186 8186 8187 
1271 1205 3271 14079 1181 1294 1303 1245 102 669 8186 8185 8186 8185 8185 8186 
1271 1205 3269 14077 1181 1294 1302 1245 77 669 8187 8186 8186 8186 8186 8187 
1273 1207 3271 14083 1183 1295 1303 1248 93 670 8187 8186 8187 8186 8186 8187 
1274 1206 3267 14079 1183 1294 1303 1246 100 669 8187 8186 8186 8186 8186 8187 
1271 1207 3269 14081 1183 1295 1303 1246 84 669 8186 8185 8186 8185 8185 8186 
1273 1206 3268 14082 1181 1293 1301 1248 96 669 8187 8186 8186 8186 8186 8187 
1271 1204 3269 14081 1181 1293 1303 1245 89 669 8187 8186 8186 8186 8186 8187 
1273 1204 3269 14075 1181 1293 1303 1245 61 669 8187 8186 8186 8186 8186 8187 
1270 1204 3271 14082 1181 1297 1303 1245 105 669 8187 8186 8186 8186 8186 8187 
1271 1203 3269 14077 1182 1295 1302 1246 74 669 8187 8186 8186 8186 8186 8187 
1271 1206 3270 14079 1181 1297 1303 1245 66 669 8186 8185 8185 8185 8185 8186 
1271 1206 3269 14077 1183 1295 1303 1249 62 670 8187 8186 8186 8186 8186 8187 
1270 1204 3266 14075 1181 1291 1301 1245 110 669 8187 8186 8186 8186 8186 8187 
1273 1205 3267 14079 1183 1295 1303 1248 82 670 8187 8186 8186 8186 8186 8187 
1271 1203 3271 14081 1183 1294 1301 1247 63 669 8186 8185 8185 8185 8185 8186 
1271 1210 3270 14078 1183 1294 1303 1247 85 669 8187 8186 8186 8186 8186 8187 
1270 1207 3266 14079 1182 1293 1301 1246 84 669 8187 8186 8186 8186 8186 8187 
1275 1207 3271 14081 1183 1297 1303 1247 58 669 8187 8186 8187 8186 8186 8187 
1271 1205 3266 14079 1182 1292 1301 1245 92 669 8187 8186 8186 8186 8186 8187 
1271 1205 3264 14076 1182 1294 1303 1245 57 669 8187 8186 8186 8186 8186 8187 
1272 1206 3271 14081 1181 1295 1303 1246 79 669 8187 8186 8186 8186 8186 8187 
1271 1204 3269 14078 1181 1295 1302 1246 70 669 8186 8185 8185 8185 8185 8186 
1269 1206 3269 14081 1181 1293 1301 1245 94 669 8187 8186 8186 8186 8186 8187 
1272 1204 3267 14079 1182 1295 1303 1246 90 669 8186 8185 8185 8185 8185 8186 
1270 1207 3271 14079 1182 1294 1303 1245 102 669 8187 8186 8186 8186 8186 8187 
1271 1205 3267 14074 1181 1294 1303 1245 98 669 8186 8185 8185 8185 8185 8186 
1272 1205 3269 14073 1183 1295 1301 1245 89 669 8187 8186 8186 8186 8186 8187 
1271 1205 3271 14075 1182 1294 1303 1248 54 669 8187 8186 8187 8186 8186 8187 
1271 1202 3269 14079 1181 1293 1302 1247 106 669 8187 8186 8187 8186 8186 8187 
1271 1203 3270 14073 1181 1295 1302 1247 65 669 8186 8185 8185 8185 8185 8186 
1271 1207 3271 14075 1182 1295 1302 1247 76 669 8187 8186 8186 8186 8186 8187 
1270 1205 3269 14075 1179 1294 1301 1247 78 669 8187 8186 8187 8186 8186 8187 
1273 1207 3269 14075 1182 1293 1303 1245 59 669 8186 8185 8185 8185 8185 8186 
1271 1206 3273 14078 1181 1294 1301 1245 130 669 8187 8186 8186 8186 8186 8187 
1271 1206 3273 14075 1183 1294 1303 1248 56 668 8187 8186 8186 8186 8186 8187 
1270 1205 3275 14077 1181 1294 1303 1247 146 669 8186 8185 8185 8185 8185 8186 
1269 1206 3264 14075 1179 1293 1301 1245 85 669 8187 8186 8187 8186 8186 8187 
1271 1207 3275 14079 1184 1295 1301 1247 107 669 8186 8185 8186 8185 8185 8186 
1272 1205 3267 14077 1182 1295 1303 1245 95 669 8186 8185 8185 8185 8185 8186 
1273 1206 3271 14078 1181 1295 1303 1249 80 670 8187 8186 8186 8186 8186 8187 
1273 1207 3268 14078 1183 1295 1302 1247 84 669 8186 8185 8185 8185 8185 8186 
1271 1206 3271 14076 1183 1294 1301 1247 85 669 8186 8185 8185 8185 8185 8186 
1273 1207 3269 14085 1183 1295 1305 1248 88 669 8186 8185 8185 8185 8185 8186 
1273 1206 3266 14078 1183 1294 1303 1247 76 669 8187 8186 8186 8186 8186 8187 
1271 1206 3267 14075 1182 1294 1303 1247 81 669 8187 8186 8186 8186 8186 8187 
1272 1203 3264 14075 1181 1293 1302 1244 44 669 8187 8186 8186 8186 8186 8187 
1275 1206 3268 14081 1184 1295 1303 1248 78 669 8187 8186 8187 8186 8186 8187 
1271 1202 3273 14078 1181 1293 1303 1245 93 669 8186 8185 8186 8185 8185 8186 
1271 1207 3269 14082 1183 1295 1303 1246 72 669 8187 8186 8186 8186 8186 8187 
1273 1211 3274 14082 1183 1295 1303 1249 85 669 8187 8186 8187 8186 8186 8187 
1271 1206 3273 14079 1182 1295 1303 1247 110 669 8187 8186 8186 8186 8186 8187 
1269 1204 3267 14075 1181 1293 1302 1245 43 669 8187 8186 8187 8186 8186 8187 
1273 1207 3274 14081 1185 1295 1303 1247 69 669 8187 8186 8187 8186 8186 8187 
1271 1205 3268 14081 1182 1293 1302 1246 89 669 8187 8186 8186 8186 8186 8187 
1272 1207 3274 14079 1181 1294 1303 1246 93 669 8187 8186 8187 8186 8186 8187 
1271 1207 3274 14082 1183 1297 1303 1247 129 670 8187 8186 8186 8186 8186 8187 
1270 1205 3273 14081 1183 1294 1301 1246 82 670 8186 8185 8186 8185 8185 8186 
1273 1205 3269 14079 1183 1295 1303 1248 74 670 8186 8185 8185 8185 8185 8186 
1271 1207 3268 14082 1183 1294 1303 1247 92 669 8187 8186 8187 8186 8186 8187 
1273 1207 3266 14075 1183 1295 1302 1247 68 669 8187 8186 8187 8186 8186 8187 
1271 1204 3270 14078 1183 1294 1302 1245 74 669 8187 8186 8186 8186 8186 8187 
1272 1202 3273 14081 1180 1293 1301 1245 80 669 8187 8186 8186 8186 8186 8187 
1273 1206 3273 14079 1183 1296 1303 1246 27 669 8187 8186 8186 8186 8186 8187 
1271 1204 3271 14081 1182 1294 1303 1246 93 669 8187 8186 8186 8186 8186 8187 
1271 1207 3269 14081 1181 1295 1301 1245 96 669 8187 8186 8186 8186 8186 8187 
1272 1203 3267 14079 1181 1293 1303 1247 95 668 8187 8186 8186 8186 8186 8187 
1271 1206 3269 14085 1183 1295 1303 1247 100 669 8187 8186 8187 8186 8186 8187 
1273 1205 3273 14085 1183 1293 1303 1245 90 669 8187 8186 8186 8186 8186 8187 
1272 1205 3274 14079 1183 1295 1303 1248 67 669 8186 8185 8185 8185 8185 8186 
1269 1204 3269 14079 1181 1293 1302 1244 82 669 8187 8186 8187 8186 8186 8187 
1274 1206 3271 14080 1181 1293 1303 1246 97 668 8186 8185 8186 8185 8185 8186 
1270 1203 3267 14079 1181 1294 1303 1247 87 669 8187 8186 8186 8186 8186 8187 
1273 1207 3271 14083 1184 1295 1303 1247 91 670 8187 8186 8186 8186 8186 8187 
1271 1205 3269 14081 1181 1293 1303 1247 117 669 8187 8186 8186 8186 8186 8187 
1272 1207 3273 14085 1182 1294 1303 1245 90 669 8187 8186 8186 8186 8186 8187 
1270 1204 3270 14081 1183 1295 1302 1245 96 669 8187 8186 8186 8186 8186 8187 
1271 1205 3270 14084 1183 1294 1303 1247 108 670 8187 8186 8186 8186 8186 8187 
1271 1205 3269 14084 1181 1294 1302 1245 112 669 8186 8185 8185 8185 8185 8186 
1273 1206 3269 14085 1184 1296 1303 1248 65 669 8187 8186 8187 8186 8186 8187 
1271 1209 3269 14084 1181 1295 1303 1248 103 669 8187 8186 8187 8186 8186 8187 
1271 1206 3270 14080 1180 1294 1301 1245 93 669 8188 8187 8187 8187 8187 8188 
1271 1203 3267 14081 1179 1294 1301 1245 80 669 8187 8186 8187 8186 8186 8187 
1271 1207 3269 14081 1184 1295 1303 1247 77 669 8187 8186 8186 8186 8186 8187 
1273 1207 3266 14081 1182 1293 1303 1246 112 669 8187 8186 8186 8186 8186 8187 
1273 1207 3270 14079 1185 1297 1303 1247 48 670 8187 8186 8186 8186 8186 8187 
1273 1206 3266 14080 1184 1295 1302 1249 83 669 8187 8186 8187 8186 8186 8187 
1270 1205 3272 14079 1183 1295 1301 1245 76 669 8187 8186 8186 8186 8186 8187 
1269 1205 3271 14077 1181 1293 1301 1243 78 669 8187 8186 8186 8186 8186 8187 
1272 1207 3270 14081 1183 1295 1301 1246 77 669 8187 8186 8186 8186 8186 8187 
1271 1206 3267 14076 1181 1295 1303 1247 72 669 8187 8186 8186 8186 8186 8187 
1272 1205 3269 14080 1183 1295 1301 1247 86 669 8187 8186 8188 8186 8186 8187 
1272 1207 3271 14079 1182 1295 1303 1246 62 669 8187 8186 8186 8186 8186 8187 
1269 1202 3269 14078 1181 1292 1300 1243 69 669 8186 8185 8185 8185 8185 8186 
1270 1206 3268 14078 1181 1294 1303 1246 63 669 8187 8186 8187 8186 8186 8187 
1270 1205 3273 14079 1183 1294 1301 1244 67 669 8186 8185 8185 8185 8185 8186 
1273 1207 3270 14082 1182 1295 1301 1245 93 668 8187 8186 8187 8186 8186 8187 
1269 1203 3271 14076 1181 1292 1301 1245 77 669 8187 8186 8186 8186 8186 8187 
1272 1207 3274 14081 1181 1295 1302 1246 71 669 8187 8186 8186 8186 8186 8187 
1272 1206 3271 14079 1182 1294 1302 1246 75 669 8187 8186 8186 8186 8186 8187 
1271 1202 3269 14078 1181 1293 1303 1244 67 670 8187 8186 8186 8186 8187 8188 
1268 1203 3267 14082 1180 1293 1303 1245 97 669 8187 8186 8186 8186 8186 8187 
1274 1206 3273 14084 1182 1297 1305 1247 71 669 8187 8186 8186 8186 8186 8187 
1271 1204 3270 14082 1179 1294 1303 1245 79 669 8187 8186 8186 8186 8186 8187 
1271 1204 3274 14081 1184 1295 1303 1249 89 670 8187 8186 8186 8186 8186 8187 
1269 1205 3269 14077 1183 1294 1303 1246 67 669 8187 8186 8187 8186 8186 8187 
1270 1206 3265 14075 1183 1294 1303 1247 60 669 8187 8186 8186 8186 8186 8187 
1271 1207 3276 14082 1183 1297 1303 1246 73 669 8186 8185 8185 8185 8185 8186 
1271 1203 3270 14086 1183 1295 1303 1247 98 669 8187 8186 8186 8186 8186 8187 
1269 1203 3267 14082 1181 1292 1299 1243 91 669 8187 8186 8186 8186 8186 8187 
1271 1205 3267 14084 1182 1296 1303 1247 95 669 8186 8185 8185 8185 8185 8186 
1273 1207 3274 14087 1183 1297 1303 1248 81 669 8187 8186 8186 8186 8186 8187 
1271 1207 3276 14090 1182 1295 1305 1249 98 669 8187 8186 8186 8186 8186 8187 
1270 1205 3274 14083 1180 1295 1303 1246 100 669 8187 8186 8186 8186 8186 8187 
1273 1207 3271 14083 1182 1294 1303 1247 86 669 8187 8186 8186 8186 8186 8187 
1270 1204 3270 14081 1183 1295 1303 1246 87 669 8187 8186 8186 8186 8186 8187 
1270 1204 3273 14081 1182 1292 1302 1245 77 669 8187 8186 8186 8186 8186 8187 
1274 1206 3269 14079 1183 1295 1303 1247 50 669 8187 8186 8186 8186 8186 8187 
1271 1204 3271 14077 1183 1293 1303 1247 107 669 8187 8186 8186 8186 8186 8187 
1273 1205 3269 14079 1182 1295 1301 1245 63 669 8187 8186 8186 8186 8186 8187 
1271 1201 3265 14081 1182 1294 1302 1246 86 669 8187 8186 8187 8186 8186 8187 
1272 1207 3269 14082 1183 1295 1303 1247 58 670 8187 8186 8186 8186 8186 8187 
1271 1205 3271 14079 1182 1295 1302 1247 93 670 8187 8186 8186 8186 8186 8187 
1274 1207 3267 14075 1182 1295 1305 1247 67 669 8187 8186 8186 8186 8186 8187 
1273 1205 3267 14079 1182 1294 1303 1246 113 669 8188 8187 8188 8187 8187 8188 
1271 1202 3271 14083 1182 1294 1301 1246 87 669 8187 8186 8186 8186 8186 8187 
1273 1205 3266 14078 1183 1295 1302 1247 74 670 8187 8186 8186 8186 8186 8187 
1273 1206 3266 14081 1182 1295 1303 1246 80 669 8187 8186 8186 8186 8186 8187 
1273 1206 3267 14078 1181 1295 1301 1245 39 669 8187 8186 8186 8186 8186 8187 
1267 1203 3264 14078 1179 1293 1302 1245 101 669 8187 8186 8186 8186 8186 8187 
1273 1205 3271 14083 1182 1294 1303 1247 84 669 8187 8186 8187 8186 8186 8187 
1273 1207 3269 14083 1182 1295 1303 1246 88 669 8187 8186 8187 8186 8186 8187 
1270 1205 3266 14075 1182 1293 1301 1245 75 669 8187 8186 8186 8186 8186 8187 
1273 1207 3263 14075 1183 1297 1305 1247 61 669 8187 8186 8186 8186 8186 8187 
1271 1204 3270 14081 1182 1295 1301 1247 64 669 8187 8186 8186 8186 8186 8187 
1271 1203 3269 14082 1181 1295 1303 1244 80 669 8187 8186 8186 8186 8186 8187 
1271 1204 3269 14079 1183 1295 1301 1247 78 669 8187 8186 8186 8186 8186 8187 
1271 1207 3269 14083 1183 1295 1303 1247 94 670 8187 8186 8186 8186 8186 8187 
1271 1205 3264 14079 1182 1293 1303 1243 84 669 8187 8186 8186 8186 8186 8187 
1269 1207 3264 14081 1181 1293 1300 1245 79 669 8187 8186 8186 8186 8186 8187 
1270 1207 3270 14082 1179 1293 1301 1244 80 669 8187 8186 8186 8186 8186 8187 
1271 1206 3267 14081 1183 1294 1303 1247 109 669 8187 8186 8187 8186 8186 8187 
1271 1205 3269 14078 1183 1293 1302 1246 82 669 8187 8186 8186 8186 8186 8187 
1271 1205 3267 14082 1183 1294 1303 1248 83 669 8187 8186 8187 8186 8186 8187 
1271 1206 3267 14082 1181 1294 1302 1246 109 669 8187 8186 8186 8186 8186 8187 
1271 1204 3269 14083 1181 1293 1301 1246 92 669 8186 8185 8185 8185 8185 8186 
1271 1206 3270 14083 1182 1295 1303 1245 66 669 8187 8186 8186 8186 8186 8187 
1271 1206 3269 14083 1181 1294 1303 1245 92 669 8187 8186 8187 8186 8186 8187 
1273 1205 3271 14083 1181 1295 1303 1247 81 670 8187 8186 8187 8186 8186 8187 
1271 1205 3271 14086 1182 1294 1302 1245 83 669 8187 8186 8186 8186 8186 8187 
1272 1206 3270 14081 1182 1295 1301 1247 109 669 8187 8186 8187 8186 8186 8187 
1271 1205 3271 14087 1184 1295 1303 1248 87 669 8187 8186 8186 8186 8186 8187 
1270 1205 3266 14083 1180 1295 1303 1247 84 668 8186 8185 8185 8185 8185 8186 
1273 1206 3274 14083 1184 1297 1307 1249 110 670 8186 8185 8185 8185 8185 8186 
1271 1204 3264 14079 1181 1293 1302 1245 38 669 8187 8186 8186 8186 8186 8187 
1272 1206 3269 14081 1181 1295 1303 1245 75 669 8187 8186 8186 8186 8186 8187 
1271 1207 3268 14083 1182 1295 1302 1246 86 669 8187 8186 8186 8186 8186 8187 
1271 1207 3265 14081 1182 1295 1302 1248 70 669 8187 8186 8186 8186 8186 8187 
1272 1206 3267 14079 1181 1294 1303 1246 65 669 8187 8186 8187 8186 8186 8187 
1273 1206 3267 14083 1181 1294 1303 1245 16 669 8187 8186 8186 8186 8186 8187 
1271 1204 3269 14083 1182 1294 1303 1247 96 669 8187 8186 8186 8186 8186 8187 
1271 1205 3265 14082 1181 1295 1303 1246 96 669 8187 8186 8186 8186 8186 8187 
1270 1204 3266 14082 1179 1293 1303 1245 81 669 8186 8185 8186 8185 8185 8186 
1274 1206 3265 14083 1183 1295 1303 1248 76 669 8187 8186 8186 8186 8186 8187 
1271 1203 3267 14085 1182 1294 1302 1244 105 669 8186 8185 8185 8185 8185 8186 
1275 1205 3271 14083 1184 1297 1305 1247 50 669 8186 8185 8185 8185 8185 8186 
1270 1206 3270 14081 1183 1295 1303 1247 80 669 8187 8186 8187 8186 8186 8187 
1270 1206 3265 14081 1182 1293 1301 1245 98 669 8187 8186 8186 8186 8186 8187 
1271 1204 3267 14080 1181 1293 1302 1246 111 669 8187 8186 8187 8186 8186 8187 
1271 1206 3273 14083 1183 1295 1303 1247 73 669 8186 8185 8185 8185 8185 8186 
1271 1206 3267 14085 1181 1294 1301 1243 51 669 8187 8186 8186 8186 8186 8187 
1272 1205 3265 14083 1183 1293 1302 1245 84 669 8187 8186 8187 8186 8186 8187 
1272 1206 3266 14084 1183 1294 1302 1247 55 669 8187 8186 8186 8186 8186 8187 
1270 1203 3266 14081 1181 1293 1301 1245 76 669 8187 8186 8186 8186 8186 8187 
1270 1204 3264 14081 1181 1294 1301 1246 76 669 8187 8186 8186 8186 8186 8187 
1271 1204 3265 14079 1183 1295 1303 1247 56 669 8187 8186 8186 8186 8186 8187 
1270 1205 3269 14083 1182 1293 1303 1247 90 669 8186 8185 8185 8185 8185 8186 
1271 1203 3270 14081 1182 1295 1303 1247 105 669 8187 8186 8186 8186 8186 8187 
1270 1209 3268 14087 1183 1295 1303 1247 98 669 8187 8186 8186 8186 8186 8187 
1273 1206 3273 14082 1183 1295 1303 1247 81 669 8186 8185 8185 8185 8185 8186 
1270 1205 3273 14085 1181 1293 1303 1245 88 669 8186 8185 8185 8185 8185 8186 
1270 1205 3268 14083 1181 1294 1302 1245 79 669 8186 8185 8185 8185 8185 8186 
1272 1203 3271 14085 1182 1293 1303 1246 89 669 8187 8186 8186 8186 8186 8187 
1271 1206 3269 14083 1183 1298 1303 1247 89 669 8186 8185 8186 8185 8185 8186 
1271 1206 3271 14083 1181 1294 1301 1243 87 669 8187 8186 8186 8186 8186 8187 
1273 1207 3271 14084 1182 1295 1302 1245 63 669 8187 8186 8186 8186 8186 8187 
1273 1203 3265 14082 1181 1295 1303 1245 77 669 8186 8185 8185 8185 8185 8186 
1274 1207 3265 14079 1183 1295 1303 1247 48 669 8187 8186 8186 8186 8186 8187 
1273 1205 3269 14082 1183 1295 1303 1248 71 669 8187 8186 8186 8186 8186 8187 
1274 1203 3271 14085 1182 1295 1303 1247 0 669 8186 8185 8185 8185 8185 8186 
1270 1203 3271 14079 1182 1295 1302 1248 67 669 8186 8185 8186 8185 8185 8186 
1271 1207 3269 14081 1181 1293 1303 1247 115 669 8187 8186 8187 8186 8186 8187 
1272 1205 3274 14086 1183 1293 1303 1245 81 669 8187 8186 8187 8186 8186 8187 
1272 1205 3271 14083 1182 1295 1303 1247 95 669 8187 8186 8186 8186 8186 8187 
1271 1205 3270 14083 1182 1295 1303 1247 86 669 8187 8186 8186 8186 8186 8187 
1271 1205 3269 14083 1181 1295 1303 1245 74 669 8187 8186 8186 8186 8186 8187 
1273 1202 3271 14085 1182 1295 1303 1247 75 669 8187 8186 8186 8186 8186 8187 
1273 1208 3267 14080 1184 1297 1305 1247 64 669 8187 8186 8187 8186 8186 8187 
1271 1205 3270 14083 1183 1294 1302 1245 95 669 8187 8186 8187 8186 8186 8187 
1271 1209 3268 14079 1182 1292 1303 1247 70 669 8187 8186 8186 8186 8186 8187 
1271 1205 3267 14083 1181 1297 1303 1245 89 669 8187 8186 8186 8186 8186 8187 
1270 1203 3269 14081 1182 1294 1301 1245 88 669 8187 8186 8186 8186 8186 8187 
1273 1207 3273 14083 1183 1295 1302 1247 69 669 8187 8186 8188 8186 8186 8187 
1271 1203 3265 14079 1182 1291 1302 1243 50 669 8187 8186 8186 8186 8186 8187 
1272 1206 3266 14080 1183 1295 1303 1247 77 670 8187 8186 8186 8186 8186 8187 
1271 1205 3273 14085 1182 1297 1302 1245 25 668 8187 8186 8186 8186 8186 8187 
1271 1207 3267 14082 1183 1294 1302 1247 81 668 8187 8186 8187 8186 8186 8187 
1271 1204 3271 14083 1181 1297 1303 1246 111 669 8187 8186 8186 8186 8186 8187 
1273 1206 3270 14081 1182 1295 1302 1247 74 669 8187 8186 8186 8186 8186 8187 
1272 1204 3269 14083 1181 1295 1302 1245 43 669 8187 8186 8186 8186 8186 8187 
1271 1205 3268 14083 1181 1293 1301 1245 76 669 8187 8186 8186 8186 8186 8187 
1273 1206 3269 14082 1183 1294 1303 1248 79 669 8187 8186 8187 8186 8186 8187 
1270 1205 3267 14081 1181 1295 1303 1247 103 668 8187 8186 8186 8186 8186 8187 
1271 1207 3270 14082 1183 1295 1303 1248 78 669 8187 8186 8186 8186 8186 8187 
1270 1206 3265 14079 1182 1294 1302 1248 64 669 8187 8186 8186 8186 8186 8187 
1273 1207 3271 14085 1182 1295 1303 1245 80 669 8186 8185 8185 8185 8185 8186 
1269 1204 3269 14089 1181 1293 1303 1246 161 669 8187 8186 8186 8186 8186 8187 
1271 1206 3268 14083 1183 1294 1303 1246 117 669 8187 8186 8186 8186 8186 8187 
1271 1205 3261 14081 1183 1295 1303 1248 50 669 8187 8186 8186 8186 8186 8187 
1270 1205 3266 14085 1183 1295 1304 1247 78 670 8187 8186 8186 8186 8186 8187 
1271 1205 3261 14082 1182 1294 1303 1245 84 670 8187 8186 8186 8186 8186 8187 
1271 1207 3263 14085 1184 1295 1305 1247 106 669 8187 8186 8186 8186 8186 8187 
1271 1207 3269 14084 1183 1295 1303 1246 76 669 8187 8186 8186 8186 8186 8187 
1273 1206 3265 14089 1181 1295 1302 1247 82 669 8187 8186 8186 8186 8186 8187 
1271 1204 3266 14087 1181 1293 1303 1247 75 668 8187 8186 8187 8186 8186 8187 
1270 1206 3268 14083 1181 1295 1302 1247 55 669 8187 8186 8186 8186 8186 8187 
1271 1204 3265 14089 1182 1293 1301 1245 92 669 8187 8186 8186 8186 8186 8187 
1269 1204 3263 14087 1179 1294 1300 1243 93 669 8187 8186 8186 8186 8186 8187 
1274 1209 3263 14085 1181 1295 1302 1247 69 669 8187 8186 8187 8186 8186 8187 
1273 1204 3269 14085 1182 1295 1303 1247 48 668 8187 8186 8186 8186 8186 8187 
1271 1205 3262 14081 1183 1295 1303 1245 75 670 8187 8186 8187 8186 8186 8187 
1273 1203 3267 14085 1183 1295 1302 1247 57 669 8187 8186 8186 8186 8186 8187 
1270 1203 3269 14086 1183 1295 1302 1245 76 669 8187 8186 8186 8186 8186 8187 
1271 1203 3268 14083 1181 1295 1303 1245 107 669 8187 8186 8187 8186 8186 8187 
1270 1205 3271 14085 1181 1295 1301 1245 90 669 8187 8186 8186 8186 8186 8187 
1270 1205 3266 14083 1182 1293 1301 1245 79 669 8187 8186 8186 8186 8186 8187 
1271 1205 3267 14081 1183 1295 1303 1247 74 669 8187 8186 8186 8186 8186 8187 
1271 1204 3263 14083 1184 1294 1302 1246 84 669 8187 8186 8186 8186 8186 8187 
1271 1205 3265 14087 1182 1293 1301 1245 90 669 8187 8186 8186 8186 8186 8187 
1274 1207 3264 14082 1183 1297 1303 1247 55 669 8187 8186 8186 8186 8186 8187 
1271 1205 3266 14085 1182 1295 1303 1246 77 668 8187 8186 8186 8186 8186 8187 
1272 1205 3265 14083 1181 1294 1303 1247 70 670 8187 8186 8186 8186 8186 8187 
1271 1205 3265 14085 1183 1295 1303 1247 69 670 8186 8185 8185 8185 8185 8186 
1271 1205 3262 14083 1182 1295 1301 1247 93 670 8186 8185 8186 8185 8185 8186 
1273 1204 3270 14089 1182 1295 1303 1247 82 669 8187 8186 8186 8186 8186 8187 
1272 1205 3267 14083 1182 1293 1303 1247 80 668 8187 8186 8186 8186 8186 8187 
1271 1209 3268 14085 1183 1297 1305 1247 75 669 8187 8186 8186 8186 8186 8187 
1270 1205 3267 14090 1183 1293 1303 1246 90 669 8187 8186 8186 8186 8186 8187 
1271 1206 3267 14087 1183 1295 1303 1248 81 669 8187 8186 8186 8186 8186 8187 
1271 1204 3265 14085 1182 1294 1303 1244 56 668 8187 8186 8186 8186 8186 8187 
1273 1207 3270 14086 1183 1295 1303 1247 93 669 8187 8186 8186 8186 8186 8187 
1186 1025 3261 14079 1184 1295 1303 1246 0 2422 8186 8185 8185 8185 8185 8186 
1271 1207 3270 14087 1184 1295 1305 1250 103 669 8187 8186 8186 8186 8186 8187 
1273 1205 3267 14089 1183 1295 1303 1247 70 669 8187 8186 8186 8186 8186 8187 
1271 1205 3265 14083 1182 1293 1303 1244 72 669 8187 8186 8186 8186 8186 8187 
1273 1207 3264 14085 1184 1294 1302 1246 58 669 8187 8186 8186 8186 8186 8187 
1271 1205 3263 14083 1183 1295 1303 1247 66 669 8187 8186 8187 8186 8186 8187 
1275 1207 3267 14091 1186 1295 1305 1247 80 669 8187 8186 8186 8186 8186 8187 
1270 1203 3263 14081 1181 1294 1301 1243 70 669 8186 8185 8185 8185 8185 8186 
1271 1205 3265 14083 1183 1295 1303 1247 108 669 8187 8186 8186 8186 8186 8187 
1270 1205 3267 14085 1183 1294 1302 1245 132 669 8187 8186 8186 8186 8186 8187 
1273 1204 3265 14084 1181 1294 1303 1247 76 669 8187 8186 8186 8186 8186 8187 
1273 1207 3263 14083 1184 1295 1303 1246 74 670 8187 8186 8186 8186 8186 8187 
1271 1206 3265 14083 1182 1295 1303 1246 84 669 8187 8186 8186 8186 8186 8187 
1273 1206 3263 14086 1183 1295 1302 1247 90 669 8187 8186 8186 8186 8186 8187 
1279 1207 3263 14086 1181 1292 1302 1245 0 670 8187 8186 8186 8186 8186 8187 
1271 1207 3261 14083 1181 1293 1301 1245 75 669 8187 8186 8186 8186 8186 8187 
1273 1206 3270 14087 1183 1295 1303 1247 88 669 8187 8186 8187 8186 8186 8187 
1271 1205 3269 14083 1182 1293 1302 1247 69 669 8186 8185 8185 8185 8185 8186 
1269 1207 3267 14085 1183 1295 1303 1246 86 669 8187 8186 8187 8186 8186 8187 
1273 1206 3265 14085 1184 1295 1303 1247 78 669 8187 8186 8186 8186 8186 8187 
