1284 1239 4569 16383 1179 1290 1303 1243 1258 8191 4096 8191 8191 8191 8191 4096 
1279 1237 4563 16383 1179 1289 1301 1243 1258 4096 4097 4096 4096 4096 4096 4097 
1280 1278 4567 16383 1177 1287 1298 1241 1257 4096 4097 4096 4096 4096 4096 4097 
1308 1294 4569 16383 1179 1290 1300 1243 1257 4096 4097 4096 4096 4096 4096 4097 
1327 1207 4567 16383 1175 1287 1299 1243 4096 1352 4097 4096 4096 4096 4096 4097 
1282 1231 4561 16383 1177 1285 1300 1243 1256 8191 4096 8191 8191 8191 8191 4096 
1281 1245 4565 16383 1177 1288 1300 1241 1257 4096 4097 4096 4096 4096 4096 4097 
1287 1334 4566 16383 1178 1288 1299 1244 1258 4096 4097 4096 4096 4096 4096 4097 
1281 1253 4571 16383 1179 1286 1301 1243 1257 8191 4096 8191 8191 8191 8191 4096 
1332 1205 4573 16383 1177 1287 1301 1242 8191 1352 4096 8191 8191 8191 8191 4096 
1289 1239 4571 16383 1179 1289 1301 1243 1257 4096 4097 4096 4096 4096 4096 4097 
1321 1207 4570 16383 1178 1289 1301 1243 8191 1352 4096 8191 8191 8191 8191 4096 
1282 1233 4569 16383 1179 1288 1299 1243 1256 8191 4096 8191 8191 8191 8191 4096 
1326 1268 4565 16383 1179 1287 1299 1243 1257 1596 4096 8191 8191 8191 8191 4096 
1342 1209 4577 16383 1179 1289 1301 1245 8190 1352 8191 8190 8190 8190 8190 8191 
1311 1207 4575 16383 1178 1289 1299 1241 8191 1352 4096 8191 8191 8191 8191 4096 
1341 1207 4575 16383 1178 1287 1301 1243 8191 1352 4096 8191 8191 8191 8191 4096 
1282 1234 4572 16383 1180 1291 1301 1243 1257 8191 4096 8191 8191 8191 8191 4096 
1285 1263 4567 16383 1179 1289 1299 1243 1257 8191 4096 8191 8191 8191 8191 4096 
1282 1233 4567 16383 1178 1289 1301 1242 1256 8191 4096 8191 8191 8191 8191 4096 
1281 1239 4576 16383 1179 1287 1302 1243 1256 8191 4096 8191 8191 8191 8191 4096 
1332 1290 4564 16383 1177 1287 1299 1243 1256 1582 4096 8191 8191 8191 8191 4096 
1330 1251 4570 16383 1179 1289 1300 1243 1258 1596 4096 8191 8191 8191 8191 4096 
1280 1235 4570 16383 1177 1287 1299 1243 1257 8190 8191 8190 8190 8190 8190 8191 
1330 1206 4574 16383 1179 1287 1300 1242 8190 1352 8191 8190 8190 8190 8190 8191 
1282 1278 4567 16383 1177 1287 1299 1241 1256 8191 4096 8191 8191 8191 8191 4096 
1282 1245 4566 16383 1178 1289 1301 1243 1257 8190 8191 8190 8190 8190 8190 8191 
1282 1253 4575 16383 1177 1287 1301 1243 1257 8191 4096 8191 8191 8191 8191 4096 
1345 1203 4570 16383 1178 1287 1297 1239 8191 1352 4096 8191 8191 8191 8191 4096 
1281 1235 4565 16383 1178 1291 1301 1241 1257 8191 4096 8191 8191 8191 8191 4096 
1317 1205 4571 16383 1179 1287 1301 1243 8191 1352 4096 8191 8191 8191 8191 4096 
1283 1258 4567 16383 1181 1287 1299 1243 1257 8191 4096 8191 8191 8191 8191 4096 
1281 1241 4564 16383 1175 1287 1298 1241 1257 8190 8191 8190 8190 8190 8190 8191 
1351 1315 4577 16383 1179 1289 1301 1243 1257 1584 4097 4096 4096 4096 4096 4097 
1284 1251 4565 16383 1179 1289 1299 1245 1258 8191 4096 8191 8191 8191 8191 4096 
1346 1205 4573 16383 1179 1289 1300 1243 8191 1352 4096 8191 8191 8191 8191 4096 
1281 1235 4563 16383 1177 1287 1300 1242 1257 4096 4097 4096 4096 4096 4096 4097 
1284 1223 4565 16383 1179 1289 1301 1243 1257 8191 4096 8191 8191 8191 8191 4096 
1281 1238 4563 16383 1177 1285 1298 1241 1257 8191 4096 8191 8191 8191 8191 4096 
1280 1217 4563 16383 1177 1287 1300 1241 1258 8191 4096 8191 8191 8191 8191 4096 
1282 1238 4573 16383 1175 1287 1298 1240 1257 8191 4096 8191 8191 8191 8191 4096 
1325 1210 4573 16383 1179 1290 1300 1243 8191 1353 4096 8191 8191 8191 8191 4096 
1334 1205 4567 16383 1177 1287 1299 1243 8191 1353 4096 8191 8191 8191 8191 4096 
1284 1242 4577 16383 1182 1290 1303 1245 1257 8190 8191 8190 8190 8190 8190 8191 
1335 1207 4565 16383 1179 1289 1301 1243 4096 1352 4097 4096 4096 4096 4096 4097 
1341 1206 4567 16383 1179 1287 1301 1243 8191 1352 4096 8191 8191 8191 8191 4096 
1286 1231 4575 16383 1179 1289 1301 1243 1257 8191 4096 8191 8191 8191 8191 4096 
1333 1205 4573 16383 1180 1289 1301 1242 8191 1353 4096 8191 8191 8191 8191 4096 
1282 1237 4567 16383 1179 1287 1299 1244 1256 8190 8191 8190 8190 8190 8190 8191 
1281 1246 4567 16383 1177 1289 1299 1243 1257 8191 4096 8191 8191 8191 8191 4096 
1281 1243 4577 16383 1179 1289 1301 1244 1257 8191 4096 8191 8191 8191 8191 4096 
1280 1255 4561 16383 1176 1287 1298 1242 1257 8191 4096 8191 8191 8191 8191 4096 
1315 1206 4573 16383 1177 1287 1300 1243 8190 1352 8191 8190 8190 8190 8190 8191 
1282 1239 4570 16383 1179 1287 1301 1244 1256 8191 4096 8191 8191 8191 8191 4096 
1281 1237 4573 16383 1177 1287 1299 1241 1258 8191 4096 8191 8191 8191 8191 4096 
1305 1207 4571 16383 1179 1287 1301 1243 8190 1352 8191 8190 8190 8190 8190 8191 
1331 1311 4563 16383 1179 1286 1299 1241 1257 1593 4096 8191 8191 8191 8191 4096 
1282 1247 4573 16383 1178 1287 1301 1243 1257 4096 4097 4096 4096 4096 4096 4097 
1323 1204 4571 16383 1177 1286 1298 1241 8191 1352 4096 8191 8191 8191 8191 4096 
1283 1238 4567 16383 1181 1289 1302 1243 1257 8191 4096 8191 8191 8191 8191 4096 
1281 1242 4571 16383 1177 1287 1299 1242 1257 8191 4096 8191 8191 8191 8191 4096 
1279 1234 4570 16383 1178 1289 1299 1241 1256 4096 4097 4096 4096 4096 4096 4097 
1324 1278 4566 16383 1178 1287 1300 1243 1258 1606 4096 8191 8191 8191 8191 4096 
1283 1242 4567 16383 1179 1290 1302 1243 1257 8191 4096 8191 8191 8191 8191 4096 
1281 1237 4575 16383 1177 1287 1299 1241 1257 8191 4096 8191 8191 8191 8191 4096 
1305 1209 4567 16383 1179 1289 1303 1245 8191 1352 4096 8191 8191 8191 8191 4096 
1281 1233 4569 16383 1177 1286 1299 1242 1258 8191 4096 8191 8191 8191 8191 4096 
1281 1239 4561 16383 1178 1287 1300 1242 1257 8191 4096 8191 8191 8191 8191 4096 
1323 1258 4571 16383 1178 1287 1303 1243 1258 1604 4096 8191 8191 8191 8191 4096 
1365 1311 4563 16383 1177 1286 1299 1241 1257 1591 4096 8191 8191 8191 8191 4096 
1282 1262 4574 16383 1179 1289 1301 1244 1257 8191 4096 8191 8191 8191 8191 4096 
1279 1219 4567 16383 1177 1286 1299 1241 1258 8190 8191 8190 8190 8190 8190 8191 
1283 1247 4571 16383 1178 1287 1301 1245 1257 4096 4097 4096 4096 4096 4096 4097 
1283 1234 4567 16383 1178 1287 1299 1243 1257 8191 4096 8191 8191 8191 8191 4096 
1282 1277 4563 16383 1179 1287 1301 1243 1257 8191 4096 8191 8191 8191 8191 4096 
1282 1243 4569 16383 1180 1289 1302 1243 1258 8190 8191 8190 8190 8190 8190 8191 
1354 1205 4566 16383 1179 1287 1300 1243 8191 1353 4096 8191 8191 8191 8191 4096 
1315 1207 4568 16383 1179 1287 1303 1245 8191 1352 4096 8191 8191 8191 8191 4096 
1282 1243 4559 16383 1177 1287 1299 1241 1256 8191 4096 8191 8191 8191 8191 4096 
1282 1250 4573 16383 1178 1288 1302 1245 1258 8191 4096 8191 8191 8191 8191 4096 
1287 1275 4572 16383 1179 1291 1301 1246 1258 8191 4096 8191 8191 8191 8191 4096 
1283 1239 4566 16383 1179 1290 1301 1244 1258 8191 4096 8191 8191 8191 8191 4096 
1279 1229 4561 16383 1176 1287 1297 1241 1258 8191 4096 8191 8191 8191 8191 4096 
1357 1282 4567 16383 1182 1290 1303 1245 1258 1589 4097 4096 4096 4096 4096 4097 
1283 1231 4570 16383 1178 1289 1300 1243 1257 8191 4096 8191 8191 8191 8191 4096 
1342 1202 4567 16383 1178 1287 1301 1242 8191 1352 4096 8191 8191 8191 8191 4096 
1351 1207 4565 16383 1181 1289 1301 1243 8191 1353 4096 8191 8191 8191 8191 4096 
1349 1205 4576 16383 1177 1287 1300 1242 8191 1352 4096 8191 8191 8191 8191 4096 
1291 1237 4573 16383 1179 1289 1301 1244 1257 4096 4097 4096 4096 4096 4096 4097 
1369 1267 4573 16383 1178 1287 1301 1243 1257 1571 4097 4096 4096 4096 4096 4097 
1329 1206 4565 16383 1177 1289 1301 1243 8191 1352 4096 8191 8191 8191 8191 4096 
1315 1250 4573 16383 1181 1290 1302 1246 1256 8191 4096 8191 8191 8191 8191 4096 
1279 1236 4567 16383 1178 1287 1301 1239 1257 4096 4097 4096 4096 4096 4096 4097 
1433 1353 4568 16383 1178 1287 1300 1242 1256 1571 4096 8191 8191 8191 8191 4096 
1280 1239 4570 16383 1178 1287 1300 1243 1257 8191 4096 8191 4096 8191 4096 4097 
1282 1236 4573 16383 1179 1289 1301 1244 1257 4096 4097 4096 4096 4096 4096 4097 
1339 1203 4577 16383 1178 1286 1299 1243 8191 1352 4096 8191 8191 8191 8191 4096 
1282 1278 4571 16383 1179 1288 1301 1243 1257 8191 4096 8191 8191 8191 8191 4096 
1279 1235 4572 16383 1177 1287 1298 1239 1258 8191 4096 8191 8191 8191 8191 4096 
1331 1205 4573 16383 1179 1288 1301 1243 8191 1352 4096 8191 8191 8191 8191 4096 
1282 1237 4575 16383 1181 1287 1301 1243 1257 8191 4096 8191 8191 8191 8191 4096 
1284 1268 4569 16383 1181 1288 1301 1244 1257 8191 4096 8191 8191 8191 8191 4096 
1281 1247 4567 16383 1179 1287 1301 1242 1258 8191 4096 8191 8191 8191 8191 4096 
1281 1278 4577 16383 1179 1289 1302 1243 1257 8191 4096 8191 8191 8191 8191 4096 
1335 1277 4567 16383 1179 1291 1303 1243 1257 1589 4096 8191 8191 8191 8191 4096 
1285 1239 4573 16383 1179 1290 1303 1243 1258 8191 4096 8191 8191 8191 8191 4096 
1282 1245 4574 16383 1179 1289 1299 1242 1258 8191 4096 8191 8191 8191 8191 4096 
1281 1242 4567 16383 1179 1287 1300 1243 1258 8191 4096 8191 8191 8191 8191 4096 
1285 1243 4567 16383 1179 1289 1301 1243 1257 8191 4096 8191 8191 8191 8191 4096 
1281 1237 4568 16383 1178 1288 1299 1242 1257 8191 4096 8191 8191 8191 8191 4096 
1282 1233 4573 16383 1175 1287 1300 1245 1258 8191 4096 8191 8191 8191 8191 4096 
1283 1251 4569 16383 1179 1287 1299 1242 1257 8191 4096 8191 8191 8191 8191 4096 
1325 1207 4564 16383 1179 1289 1301 1243 8191 1353 4096 8191 8191 8191 8191 4096 
1280 1239 4565 16383 1177 1287 1301 1243 1257 8191 4096 8191 8191 8191 8191 4096 
1283 1258 4563 16383 1179 1290 1302 1243 1257 8191 4096 8191 8191 8191 8191 4096 
1293 1260 4572 16383 1178 1287 1300 1242 1258 4096 4097 4096 4096 4096 4096 4097 
1283 1231 4566 16383 1178 1287 1298 1242 1258 8190 8191 8190 8190 8190 8190 8191 
1307 1206 4571 16383 1179 1287 1301 1243 8191 1352 4096 8191 8191 8191 8191 4096 
1283 1227 4570 16383 1179 1290 1303 1245 1258 8191 4096 8191 8191 8191 8191 4096 
1283 1249 4565 16383 1178 1287 1299 1243 1257 4096 4097 4096 4096 4096 4096 4097 
1282 1233 4577 16383 1180 1288 1300 1243 1257 8191 4096 8191 8191 8191 8191 4096 
1283 1234 4576 16383 1179 1289 1301 1243 1257 8191 4096 8191 8191 8191 8191 4096 
1282 1239 4563 16383 1178 1287 1299 1243 1258 8191 4096 8191 8191 8191 8191 4096 
1345 1283 4573 16383 1178 1287 1299 1241 1258 1570 8191 8190 8190 8190 8190 8191 
1282 1302 4564 16383 1177 1287 1301 1241 1258 8191 4096 8191 8191 8191 8191 4096 
1280 1237 4561 16383 1179 1287 1299 1241 1257 4096 4097 4096 4096 4096 4096 4097 
1285 1250 4569 16383 1181 1290 1303 1245 1257 8191 4096 8191 8191 8191 8191 4096 
1283 1234 4562 16383 1179 1287 1299 1243 1257 8190 8191 8190 8190 8190 8190 8191 
1347 1205 4571 16383 1179 1288 1300 1244 4096 1352 4097 4096 4096 4096 4096 4097 
1333 1299 4564 16383 1178 1287 1300 1243 1256 1611 4096 8191 8191 8191 8191 4096 
1282 1239 4576 16383 1179 1289 1301 1242 1258 4096 4097 4096 4096 4096 4096 4097 
1283 1233 4573 16383 1181 1291 1301 1243 1257 8190 8191 8190 8190 8190 8190 8191 
1342 1279 4563 16383 1179 1287 1300 1242 1257 1580 4096 8191 8191 8191 8191 4096 
1334 1207 4573 16383 1179 1289 1299 1243 8191 1352 4096 8191 8191 8191 8191 4096 
1365 1299 4576 16383 1178 1287 1300 1241 1257 1583 8191 8190 8190 8190 8190 8191 
1323 1206 4574 16383 1179 1289 1301 1242 8191 1352 4096 8191 8191 8191 8191 4096 
1280 1236 4565 16383 1179 1288 1301 1243 1258 8190 8191 8190 8190 8190 8190 8191 
1280 1241 4567 16383 1178 1289 1299 1243 1257 8191 4096 8191 8191 8191 8191 4096 
1285 1252 4576 16383 1180 1291 1302 1245 1257 8191 4097 4096 4096 4096 4096 4097 
1317 1203 4562 16383 1175 1285 1297 1239 8191 1353 4096 8191 8191 8191 8191 4096 
1347 1205 4567 16383 1178 1287 1299 1241 8191 1352 4096 8191 8191 8191 8191 4096 
1318 1205 4569 16383 1178 1285 1300 1241 8191 1352 4096 8191 8191 8191 8191 4096 
1341 1267 4561 16383 1179 1286 1299 1241 1257 1585 4097 4096 4096 4096 4096 4097 
1279 1239 4569 16383 1181 1287 1300 1244 1257 8191 4096 8191 8191 8191 8191 4096 
1279 1245 4563 16383 1175 1285 1298 1241 1257 8191 4096 8191 8191 8191 8191 4096 
1281 1231 4569 16383 1178 1287 1300 1243 1257 8191 4096 8191 8191 8191 8191 4096 
1282 1235 4565 16383 1178 1289 1301 1242 1258 8191 4096 8191 8191 8191 8191 4096 
1282 1248 4570 16383 1179 1289 1302 1243 1257 8191 4096 8191 8191 8191 8191 4096 
1281 1237 4573 16383 1179 1287 1301 1243 1257 8189 8190 8189 8189 8189 8189 8190 
1407 1243 4574 16383 1179 1287 1299 1243 1257 1532 4097 4096 4096 4096 4096 4097 
1399 1262 4567 16383 1175 1287 1299 1243 1258 1559 4096 8191 8191 8191 8191 4096 
1283 1238 4576 16383 1180 1287 1299 1243 1257 8191 4096 8191 8191 8191 8191 4096 
1323 1207 4576 16383 1178 1287 1299 1245 8191 1352 4096 8191 8191 8191 8191 4096 
1283 1244 4565 16383 1179 1287 1301 1245 1257 4096 4097 4096 4096 4096 4096 4097 
1284 1242 4575 16383 1179 1287 1299 1243 1257 8191 4096 8191 8191 8191 8191 4096 
1314 1206 4571 16383 1179 1289 1301 1243 4096 1352 4097 4096 4096 4096 4096 4097 
1280 1247 4573 16383 1178 1287 1299 1242 1256 8191 4096 8191 8191 8191 8191 4096 
1284 1237 4579 16383 1181 1290 1301 1245 1257 8191 4096 8191 8191 8191 8191 4096 
1283 1237 4565 16383 1181 1289 1301 1244 1257 4096 4097 4096 4096 4096 4096 4097 
1282 1235 4571 16383 1179 1286 1300 1242 1257 8191 4096 8191 8191 8191 8191 4096 
1419 1309 4570 16383 1179 1289 1300 1243 1257 1572 8191 8190 8190 8190 8190 8191 
1280 1231 4569 16383 1177 1287 1301 1241 1257 8191 4096 8191 8191 8191 8191 4096 
1284 1239 4573 16383 1179 1289 1301 1243 1257 8190 8191 8190 8190 8190 8190 8191 
1318 1286 4569 16383 1181 1289 1301 1245 1256 1640 4096 8191 8191 8191 8191 4096 
1283 1237 4567 16383 1179 1287 1301 1243 1258 8191 4096 8191 8191 8191 8191 4096 
1309 1205 4572 16383 1177 1289 1300 1243 8191 1352 4096 8191 8191 8191 8191 4096 
1278 1235 4569 16383 1178 1287 1300 1242 1257 8191 4096 8191 8191 8191 8191 4096 
1283 1239 4563 16383 1177 1290 1301 1243 1257 8191 4096 8191 8191 8191 8191 4096 
1341 1281 4569 16383 1179 1288 1301 1241 1257 1602 4096 8191 8191 8191 8191 4096 
1279 1231 4569 16383 1178 1285 1301 1241 1257 8191 4096 8191 8191 8191 8191 4096 
1383 1327 4571 16383 1179 1287 1300 1242 1257 1568 4097 4096 4096 4096 4096 4097 
1287 1237 4570 16383 1181 1291 1303 1246 1258 4096 4097 4096 4096 4096 4096 4097 
1281 1259 4563 16383 1178 1287 1299 1243 1258 4096 4097 4096 4096 4096 4096 4097 
1327 1207 4565 16383 1178 1286 1299 1243 8191 1352 4096 8191 8191 8191 8191 4096 
1281 1237 4565 16383 1179 1286 1299 1241 1257 8191 4096 8191 8191 8191 8191 4096 
1280 1235 4576 16383 1177 1289 1301 1243 1257 8191 4096 8191 8191 8191 8191 4096 
1284 1247 4569 16383 1181 1289 1303 1245 1257 4096 4097 4096 4096 4096 4096 4097 
1288 1259 4563 16383 1178 1287 1301 1243 1257 8191 4096 8191 8191 8191 8191 4096 
1349 1245 4569 16383 1179 1289 1302 1243 1257 1556 4096 8191 8191 8191 8191 4096 
1283 1238 4571 16383 1177 1287 1300 1241 1256 4096 4097 4096 4096 4096 4096 4097 
1350 1207 4565 16383 1179 1287 1301 1243 4096 1352 4097 4096 4096 4096 4096 4097 
1283 1245 4567 16383 1179 1289 1302 1243 1257 8191 4096 8191 8191 8191 8191 4096 
1329 1207 4570 16383 1179 1287 1301 1243 8191 1352 4096 8191 8191 8191 8191 4096 
1288 1229 4559 16383 1179 1287 1301 1243 1257 8191 4096 8191 8191 8191 8191 4096 
1280 1251 4571 16383 1178 1287 1301 1243 1257 8191 4096 8191 8191 8191 8191 4096 
1279 1239 4573 16383 1177 1287 1299 1242 1257 8191 4096 8191 8191 8191 8191 4096 
1281 1259 4571 16383 1179 1287 1301 1243 1257 4096 4097 4096 4096 4096 4096 4097 
1283 1242 4576 16383 1179 1291 1302 1244 1257 8191 4096 8191 8191 8191 8191 4096 
1331 1211 4574 16383 1179 1289 1302 1245 8191 1352 4096 8191 8191 8191 8191 4096 
1363 1275 4565 16383 1178 1290 1301 1241 1256 1570 4097 4096 4096 4096 4096 4097 
1284 1225 4567 16383 1178 1287 1299 1243 1257 8191 4096 8191 8191 8191 8191 4096 
1283 1249 4573 16383 1181 1287 1302 1242 1258 8190 8191 8190 8190 8190 8190 8191 
1283 1239 4563 16383 1179 1287 1299 1241 1257 8191 4096 8191 8191 8191 8191 4096 
1283 1262 4565 16383 1179 1290 1299 1242 1258 8190 8191 8190 8190 8190 8190 8191 
1325 1205 4567 16383 1179 1287 1301 1243 8191 1352 4096 8191 8191 8191 8191 4096 
1332 1206 4568 16383 1177 1289 1301 1243 8191 1352 4096 8191 8191 8191 8191 4096 
1285 1247 4566 16383 1179 1290 1303 1245 1257 8191 4096 8191 8191 8191 8191 4096 
1283 1265 4566 16383 1179 1289 1302 1243 1258 4096 4097 4096 4096 4096 4096 4097 
1281 1239 4574 16383 1178 1287 1299 1241 1257 8191 4096 8191 8191 8191 8191 4096 
1331 1263 4574 16383 1179 1287 1299 1242 1257 1606 4096 8191 8191 8191 8191 4096 
1309 1207 4571 16383 1179 1287 1302 1245 8191 1353 4096 8191 8191 8191 8191 4096 
1281 1236 4566 16383 1179 1290 1301 1243 1257 4096 4097 4096 4096 4096 4096 4097 
1284 1241 4565 16383 1177 1287 1299 1243 1257 8191 4096 8191 8191 8191 8191 4096 
1282 1299 4567 16383 1179 1289 1301 1245 1257 4096 4097 4096 4096 4096 4096 4097 
1343 1325 4571 16383 1180 1289 1301 1243 1257 1609 4096 8191 8191 8191 8191 4096 
1285 1263 4571 16383 1178 1287 1301 1243 1258 8191 4096 8191 8191 8191 8191 4096 
1520 1280 4574 16383 1179 1287 1300 1242 1257 1545 4097 4096 4096 4096 4096 4097 
1331 1267 4562 16383 1178 1287 1303 1243 1258 1587 4096 8191 8191 8191 8191 4096 
1331 1257 4563 16383 1177 1287 1298 1241 1257 1587 4096 8191 8191 8191 8191 4096 
1279 1240 4569 16383 1178 1287 1299 1241 1257 8191 4096 8191 8191 8191 8191 4096 
1281 1234 4573 16383 1177 1287 1300 1242 1258 8191 4096 8191 8191 8191 8191 4096 
1317 1207 4570 16383 1179 1287 1300 1243 8191 1352 4096 8191 8191 8191 8191 4096 
1307 1298 4566 16383 1179 1289 1303 1245 1257 8191 4096 8191 8191 8191 8191 4096 
1304 1207 4565 16383 1180 1289 1302 1245 8191 1352 4096 8191 8191 8191 8191 4096 
1282 1222 4577 16383 1179 1289 1302 1243 1257 8191 4096 8191 8191 8191 8191 4096 
1281 1248 4568 16383 1178 1288 1301 1242 1257 4096 4097 4096 4096 4096 4096 4097 
1281 1237 4565 16383 1178 1287 1299 1243 1257 8191 4096 8191 8191 8191 8191 4096 
1284 1272 4570 16383 1179 1287 1298 1241 1257 8191 4096 8191 8191 8191 8191 4096 
1279 1231 4565 16383 1177 1286 1299 1243 1257 8190 8191 8190 8190 8190 8190 8191 
1285 1241 4564 16383 1179 1287 1301 1242 1257 8191 4096 8191 8191 8191 8191 4096 
1371 1209 4574 16383 1177 1287 1298 1242 8191 1352 4096 8191 8191 8191 8191 4096 
1281 1285 4568 16383 1179 1286 1299 1241 1256 8191 4096 8191 8191 8191 8191 4096 
1282 1243 4574 16383 1178 1285 1301 1243 1258 8190 8191 8190 8190 8190 8190 8191 
1327 1266 4569 16383 1179 1287 1299 1243 1258 1591 4096 8191 8191 8191 8191 4096 
1283 1236 4575 16383 1179 1289 1301 1243 1258 4096 4097 4096 4096 4096 4096 4097 
1337 1279 4567 16383 1181 1290 1303 1244 1257 1599 4096 8191 8191 8191 8191 4096 
1283 1245 4574 16383 1180 1289 1299 1243 1258 8191 4097 4096 4096 4096 4096 4097 
1278 1233 4571 16383 1178 1286 1299 1241 1258 8191 4096 8191 8191 8191 8191 4096 
1283 1243 4575 16383 1178 1288 1301 1244 1257 8191 4096 8191 8191 8191 8191 4096 
1283 1239 4577 16383 1179 1289 1300 1244 1258 8191 4096 8191 8191 8191 8191 4096 
1281 1236 4569 16383 1178 1285 1299 1241 1257 8191 4096 8191 8191 8191 8191 4096 
1280 1255 4573 16383 1178 1286 1298 1241 1257 8191 4096 8191 8191 8191 8191 4096 
1321 1255 4567 16383 1175 1287 1299 1243 1257 1615 8191 8190 8190 8190 8190 8191 
1326 1263 4576 16383 1179 1287 1301 1242 1257 1604 4097 4096 4096 4096 4096 4097 
1280 1235 4567 16383 1178 1289 1300 1243 1257 4096 4097 4096 4096 4096 4096 4097 
1279 1245 4574 16383 1178 1287 1299 1243 1257 8191 4096 8191 8191 8191 8191 4096 
1283 1260 4575 16383 1179 1289 1302 1241 1257 8191 4096 8191 8191 8191 8191 4096 
1286 1231 4566 16383 1177 1287 1299 1241 1258 4096 4097 4096 4096 4096 4096 4097 
1307 1206 4574 16383 1178 1289 1301 1243 8191 1352 4096 8191 8191 8191 8191 4096 
1281 1285 4569 16383 1177 1287 1299 1242 1257 4096 4097 4096 4096 4096 4096 4097 
1279 1255 4561 16383 1176 1285 1295 1239 1257 8191 4096 8191 8191 8191 8191 4096 
1339 1207 4573 16383 1179 1287 1299 1243 8191 1352 4096 8191 8191 8191 8191 4096 
1284 1237 4574 16383 1179 1287 1301 1243 1257 8191 4096 8191 8191 8191 8191 4096 
1283 1245 4567 16383 1178 1287 1301 1242 1257 8191 4096 8191 8191 8191 8191 4096 
1317 1205 4569 16383 1177 1287 1299 1243 8191 1352 4096 8191 8191 8191 8191 4096 
1316 1207 4565 16383 1181 1287 1301 1243 4096 1352 4097 4096 4096 4096 4096 4097 
1282 1237 4570 16383 1179 1287 1299 1243 1257 4096 4097 4096 4096 4096 4096 4097 
1282 1246 4565 16383 1179 1289 1301 1245 1258 8191 4096 8191 8191 8191 8191 4096 
1281 1235 4575 16383 1179 1289 1301 1242 1257 8191 4096 8191 8191 8191 8191 4096 
1407 1390 4569 16383 1177 1289 1301 1243 1257 1585 4097 4096 4096 4096 4096 4097 
1283 1235 4578 16383 1178 1286 1299 1243 1257 8191 4096 8191 4096 4096 4096 4097 
1315 1207 4573 16383 1179 1287 1301 1243 8191 1352 4096 8191 8191 8191 8191 4096 
1283 1279 4575 16383 1179 1290 1301 1242 1257 8190 8191 8190 8190 8190 8190 8191 
1325 1206 4570 16383 1177 1287 1299 1243 8191 1352 4096 8191 8191 8191 8191 4096 
1283 1242 4565 16383 1179 1287 1300 1245 1256 8191 4096 8191 8191 8191 8191 4096 
1282 1237 4571 16383 1178 1287 1299 1241 1258 8191 4096 8191 8191 8191 8191 4096 
1330 1259 4567 16383 1178 1289 1301 1243 1257 1595 4096 8191 8191 8191 8191 4096 
1315 1205 4577 16383 1180 1287 1300 1242 8191 1352 4096 8191 8191 8191 8191 4096 
1283 1243 4574 16383 1179 1290 1301 1243 1257 8191 4096 8191 8191 8191 8191 4096 
1283 1281 4572 16383 1178 1290 1301 1243 1257 8191 4096 8191 8191 8191 8191 4096 
1281 1241 4566 16383 1179 1289 1299 1241 1257 8191 4096 8191 8191 8191 8191 4096 
1283 1238 4568 16383 1181 1289 1301 1244 1258 8191 4096 8191 8191 8191 8191 4096 
1283 1234 4569 16383 1181 1287 1301 1243 1258 8191 4096 8191 8191 8191 8191 4096 
1284 1245 4569 16383 1178 1289 1301 1242 1257 8191 4096 8191 4096 8191 4096 4097 
1282 1257 4564 16383 1179 1289 1301 1242 1257 8191 4096 8191 8191 8191 8191 4096 
1333 1206 4571 16383 1178 1288 1299 1242 8191 1352 4096 8191 8191 8191 8191 4096 
1280 1239 4573 16383 1178 1289 1299 1242 1257 8191 4096 8191 8191 8191 8191 4096 
1281 1254 4567 16383 1180 1289 1301 1242 1257 8190 8191 8190 8190 8190 8190 8191 
1282 1235 4569 16383 1180 1289 1301 1245 1257 8191 4096 8191 8191 8191 8191 4096 
1337 1208 4563 16383 1179 1287 1301 1243 8190 1351 8191 8190 8190 8190 8190 8191 
1281 1255 4563 16383 1177 1287 1299 1241 1257 8191 4096 8191 8191 8191 8191 4096 
1315 1206 4567 16383 1178 1288 1302 1242 8191 1352 4096 8191 8191 8191 8191 4096 
1325 1260 4563 16383 1177 1286 1298 1239 1257 1598 8191 8190 8190 8190 8190 8191 
1281 1237 4575 16383 1181 1290 1301 1243 1257 4096 4097 4096 4096 4096 4096 4097 
1282 1234 4571 16383 1178 1287 1302 1242 1257 8191 4096 8191 8191 8191 8191 4096 
1345 1297 4574 16383 1177 1287 1299 1242 1258 1593 4096 8191 8191 8191 8191 4096 
1285 1239 4575 16383 1179 1290 1300 1243 1258 8191 4096 8191 8191 8191 8191 4096 
1281 1238 4562 16383 1178 1286 1299 1243 1258 8191 4096 8191 8191 8191 8191 4096 
1282 1245 4561 16383 1178 1290 1301 1244 1257 8191 4096 8191 8191 8191 8191 4096 
1282 1251 4565 16383 1177 1290 1300 1242 1258 8191 4096 8191 8191 8191 8191 4096 
1284 1234 4563 16383 1179 1286 1302 1243 1257 8191 4096 8191 8191 8191 8191 4096 
1280 1239 4575 16383 1177 1286 1299 1243 1258 8191 4096 8191 8191 8191 8191 4096 
1283 1250 4561 16383 1178 1289 1301 1243 1258 4096 4097 4096 4096 4096 4096 4097 
1314 1207 4571 16383 1181 1287 1301 1243 8191 1352 4096 8191 8191 8191 8191 4096 
1321 1278 4565 16383 1179 1289 1301 1244 1257 1628 4097 4096 4096 4096 4096 4097 
1283 1243 4567 16383 1179 1287 1300 1245 1258 8190 8191 8190 8190 8190 8190 8191 
1285 1263 4562 16383 1179 1291 1299 1243 1258 8191 4096 8191 8191 8191 8191 4096 
1283 1243 4570 16383 1180 1291 1303 1244 1258 8191 4096 8191 8191 8191 8191 4096 
1280 1239 4570 16383 1177 1287 1299 1243 1257 8191 4096 8191 8191 8191 8191 4096 
1349 1209 4569 16383 1177 1287 1299 1243 8191 1353 4096 8191 8191 8191 8191 4096 
1279 1234 4562 16383 1179 1287 1299 1241 1257 8191 4096 8191 8191 8191 8191 4096 
1283 1273 4573 16383 1177 1287 1299 1243 1257 8191 4096 8191 8191 8191 8191 4096 
1282 1241 4571 16383 1178 1289 1301 1243 1258 8191 4096 8191 8191 8191 8191 4096 
1283 1261 4570 16383 1179 1289 1301 1243 1257 8191 4096 8191 8191 8191 8191 4096 
1323 1205 4567 16383 1179 1287 1300 1243 4096 1352 4097 4096 4096 4096 4096 4097 
1279 1235 4570 16383 1177 1287 1299 1240 1258 8190 8191 8190 8190 8190 8190 8191 
1339 1261 4567 16383 1177 1286 1299 1241 1257 1571 4096 8191 8191 8191 8191 4096 
1283 1235 4571 16383 1179 1287 1301 1244 1257 8191 4096 8191 8191 8191 8191 4096 
1279 1241 4563 16383 1175 1286 1299 1242 1258 8191 4096 8191 8191 8191 8191 4096 
1377 1286 4565 16383 1179 1291 1303 1245 1256 1573 4096 8191 8191 8191 8191 4096 
1283 1241 4561 16383 1179 1287 1299 1243 1258 8190 8191 8190 8190 8190 8190 8191 
1279 1234 4572 16383 1177 1287 1299 1242 1257 8191 4096 8191 8191 8191 8191 4096 
1281 1263 4570 16383 1179 1287 1298 1243 1257 8191 4096 8191 8191 8191 8191 4096 
1281 1237 4569 16383 1178 1287 1299 1243 1257 4096 4097 4096 4096 4096 4096 4097 
1280 1253 4575 16383 1179 1287 1299 1242 1258 8191 4096 8191 8191 8191 8191 4096 
1281 1251 4572 16383 1179 1287 1300 1243 1258 8191 4096 8191 8191 8191 8191 4096 
1281 1235 4563 16383 1177 1286 1299 1239 1258 8191 4096 8191 8191 8191 8191 4096 
1283 1242 4568 16383 1177 1287 1300 1243 1257 8191 4096 8191 8191 8191 8191 4096 
1285 1325 4567 16383 1178 1289 1301 1243 1257 8191 4096 8191 8191 8191 8191 4096 
1344 1293 4565 16383 1181 1290 1303 1243 1257 1600 4096 8191 8191 8191 8191 4096 
1367 1295 4561 16383 1178 1287 1300 1243 1257 1590 8191 8190 8190 8190 8190 8191 
1283 1242 4567 16383 1179 1287 1299 1243 1256 4096 4097 4096 4096 4096 4096 4097 
1283 1273 4559 16383 1179 1287 1300 1243 1258 8191 4096 8191 8191 8191 8191 4096 
1327 1207 4574 16383 1179 1287 1299 1243 8191 1352 4096 8191 8191 8191 8191 4096 
1283 1245 4571 16383 1178 1289 1301 1243 1257 4096 4097 4096 4096 4096 4096 4097 
1282 1237 4573 16383 1177 1287 1300 1243 1257 4096 4097 4096 4096 4096 4096 4097 
1278 1251 4568 16383 1178 1285 1299 1243 1258 8191 4096 8191 8191 8191 8191 4096 
1282 1239 4561 16383 1177 1289 1299 1243 1257 8190 8191 8190 8190 8190 8190 8191 
1282 1243 4574 16383 1179 1287 1301 1243 1257 8191 4096 8191 8191 8191 8191 4096 
1282 1237 4563 16383 1179 1289 1301 1243 1257 8191 4096 8191 8191 8191 8191 4096 
1281 1271 4567 16383 1178 1287 1299 1242 1258 8191 4096 8191 8191 8191 8191 4096 
1283 1241 4569 16383 1179 1289 1301 1243 1258 8191 4096 8191 8191 8191 8191 4096 
1280 1221 4559 16383 1179 1289 1301 1242 1258 8191 4096 8191 8191 8191 8191 4096 
1349 1274 4568 16383 1179 1288 1301 1243 1258 1586 8191 8190 8190 8190 8190 8191 
1279 1231 4565 16383 1179 1289 1301 1244 1257 8191 4096 4096 4096 4096 4096 4097 
1284 1242 4562 16383 1179 1290 1303 1242 1258 8190 8191 8190 8190 8190 8190 8191 
1280 1262 4575 16383 1179 1287 1299 1241 1257 4096 4097 4096 4096 4096 4096 4097 
1282 1271 4563 16383 1179 1289 1301 1245 1258 8191 4096 8191 8191 8191 8191 4096 
1333 1351 4571 16383 1179 1290 1302 1245 1257 1613 4096 8191 8191 8191 8191 4096 
1281 1239 4567 16383 1178 1288 1299 1242 1258 8190 8191 8190 8190 8190 8190 8191 
1281 1241 4562 16383 1177 1286 1299 1239 1257 8191 4096 8191 8191 8191 8191 4096 
1282 1237 4562 16383 1179 1289 1299 1243 1257 4096 4097 4096 4096 4096 4096 4097 
1282 1231 4570 16383 1181 1287 1302 1243 1257 8191 4096 8191 8191 8191 8191 4096 
1281 1245 4566 16383 1178 1287 1301 1243 1258 8191 4096 8191 8191 8191 8191 4096 
1286 1243 4573 16383 1180 1290 1302 1245 1257 8191 4096 8191 8191 8191 8191 4096 
1281 1239 4574 16383 1179 1289 1300 1241 1258 8191 4096 8191 8191 8191 8191 4096 
1356 1283 4566 16383 1176 1287 1299 1243 1257 1578 8191 8190 8190 8190 8190 8191 
1343 1277 4571 16383 1178 1287 1301 1242 1257 1571 4096 8191 8191 8191 8191 4096 
1333 1205 4559 16383 1177 1285 1301 1242 8191 1353 4096 8191 8191 8191 8191 4096 
1283 1269 4564 16383 1179 1287 1299 1241 1257 8190 8191 8190 8190 8190 8190 8191 
1315 1300 4567 16383 1179 1289 1299 1243 1257 8190 8191 8190 8190 8190 8190 8191 
1313 1227 4566 16383 1179 1288 1299 1244 1258 8191 4096 8191 8191 8191 8191 4096 
1348 1205 4563 16383 1179 1286 1301 1242 8191 1352 4096 8191 8191 8191 8191 4096 
1282 1243 4567 16383 1177 1287 1299 1242 1257 8191 4096 8191 8191 8191 8191 4096 
1387 1267 4561 16383 1175 1286 1297 1241 1257 1572 4096 8191 8191 8191 8191 4096 
1284 1239 4568 16383 1180 1288 1301 1243 1257 8191 4096 8191 8191 8191 8191 4096 
1283 1243 4566 16383 1179 1289 1301 1243 1258 8191 4096 8191 8191 8191 8191 4096 
1282 1239 4564 16383 1177 1287 1301 1241 1258 8191 4096 8191 8191 8191 8191 4096 
1283 1245 4561 16383 1177 1287 1301 1243 1258 8191 4096 8191 8191 8191 8191 4096 
1281 1259 4563 16383 1175 1287 1299 1241 1258 4096 4097 4096 4096 4096 4096 4097 
1279 1239 4571 16383 1178 1287 1301 1241 1257 8191 4096 8191 8191 8191 8191 4096 
1281 1255 4574 16383 1178 1289 1301 1245 1258 8191 4096 8191 8191 8191 8191 4096 
1281 1235 4569 16383 1175 1287 1299 1242 1258 8191 4096 8191 8191 8191 8191 4096 
1285 1236 4566 16383 1179 1291 1300 1243 1257 8191 4096 8191 8191 8191 8191 4096 
1281 1241 4567 16383 1177 1287 1299 1243 1257 4096 4097 4096 4096 4096 4096 4097 
1282 1237 4562 16383 1181 1287 1299 1245 1258 8191 4096 8191 8191 8191 8191 4096 
1284 1242 4561 16383 1179 1287 1301 1243 1257 8191 4096 8191 8191 8191 8191 4096 
1282 1235 4561 16383 1178 1287 1301 1243 1257 4096 4097 4096 4096 4096 4096 4097 
1284 1249 4567 16383 1178 1285 1301 1243 1258 8190 8191 8190 8190 8190 8190 8191 
1332 1206 4561 16383 1181 1289 1302 1245 8191 1352 4096 8191 8191 8191 8191 4096 
1282 1241 4576 16383 1179 1289 1301 1243 1257 8191 4096 8191 8191 8191 8191 4096 
1319 1206 4567 16383 1177 1287 1299 1242 4096 1352 4097 4096 4096 4096 4096 4097 
1327 1207 4561 16383 1179 1290 1301 1242 8191 1353 4096 8191 8191 8191 8191 4096 
1282 1234 4559 16383 1178 1288 1301 1245 1258 8191 4096 8191 8191 8191 8191 4096 
1283 1239 4573 16383 1178 1291 1302 1243 1257 4096 4097 4096 4096 4096 4096 4097 
1280 1242 4563 16383 1180 1287 1299 1243 1258 8191 4096 8191 8191 8191 8191 4096 
1407 1341 4567 16383 1177 1289 1299 1242 1257 1579 4097 4096 4096 4096 4096 4097 
1281 1274 4569 16383 1177 1287 1301 1242 1257 8191 4096 8191 8191 8191 8191 4096 
1283 1255 4573 16383 1179 1289 1302 1243 1258 8191 4096 8191 8191 8191 8191 4096 
1315 1203 4559 16383 1178 1287 1298 1239 8191 1352 4096 8191 8191 8191 8191 4096 
1279 1239 4573 16383 1178 1287 1300 1242 1257 8191 4096 8191 8191 8191 8191 4096 
1283 1262 4567 16383 1179 1289 1302 1243 1258 8191 4096 8191 8191 8191 8191 4096 
1331 1203 4561 16383 1177 1287 1299 1242 8191 1352 4096 8191 8191 8191 8191 4096 
1319 1206 4567 16383 1177 1287 1298 1242 8190 1352 8191 8190 8190 8190 8190 8191 
1283 1243 4565 16383 1179 1287 1303 1243 1257 8191 4096 8191 8191 8191 8191 4096 
1282 1237 4574 16383 1177 1289 1301 1243 1257 4096 4097 4096 4096 4096 4096 4097 
1280 1241 4564 16383 1178 1287 1298 1240 1258 8190 8191 8190 8190 8190 8190 8191 
1349 1206 4571 16383 1179 1289 1299 1243 8190 1352 8191 8190 8190 8190 8190 8191 
1280 1238 4568 16383 1177 1287 1301 1243 1257 8190 8191 8190 8190 8190 8190 8191 
1282 1253 4561 16383 1179 1290 1299 1243 1258 8191 4096 8191 8191 8191 8191 4096 
1280 1239 4559 16383 1179 1287 1298 1241 1258 4096 4097 4096 4096 4096 4096 4097 
1284 1243 4569 16383 1181 1289 1301 1242 1257 4096 4097 4096 4096 4096 4096 4097 
1334 1271 4570 16383 1179 1286 1301 1241 1257 1587 4096 8191 8191 8191 8191 4096 
1280 1241 4559 16383 1175 1287 1299 1243 1257 8191 4096 8191 8191 8191 8191 4096 
1313 1209 4559 16383 1179 1289 1301 1245 8190 1353 8191 8190 8190 8190 8190 8191 
1281 1238 4567 16383 1179 1287 1300 1243 1257 4096 4097 4096 4096 4096 4096 4097 
1280 1239 4566 16383 1179 1288 1301 1241 1258 8191 4096 8191 8191 8191 8191 4096 
1289 1268 4560 16383 1176 1287 1298 1243 1257 8191 4096 8191 8191 8191 8191 4096 
1282 1269 4570 16383 1177 1287 1300 1241 1257 8191 4096 8191 8191 8191 8191 4096 
1323 1205 4565 16383 1179 1287 1300 1244 8191 1352 4096 8191 8191 8191 8191 4096 
1283 1275 4570 16383 1178 1287 1300 1242 1257 8190 8191 8190 8190 8190 8190 8191 
1281 1258 4560 16383 1179 1289 1302 1245 1257 8191 4096 8191 8191 8191 8191 4096 
1283 1263 4573 16383 1179 1286 1301 1242 1258 8191 4096 8191 8191 8191 8191 4096 
1284 1247 4559 16383 1178 1289 1301 1243 1257 8191 4096 8191 8191 8191 8191 4096 
1282 1239 4565 16383 1179 1287 1301 1244 1258 8191 4096 8191 8191 8191 8191 4096 
1344 1255 4562 16383 1178 1289 1301 1243 1256 1572 4096 8191 8191 8191 8191 4096 
1283 1238 4561 16383 1179 1287 1301 1241 1258 8190 8191 8190 8190 8190 8190 8191 
1281 1250 4574 16383 1178 1290 1298 1242 1258 8191 4096 8191 8191 8191 8191 4096 
1285 1263 4569 16383 1175 1287 1299 1242 1257 8191 4096 8191 8191 8191 8191 4096 
1281 1254 4570 16383 1179 1287 1301 1243 1258 8191 4096 8191 8191 8191 8191 4096 
1283 1251 4571 16383 1179 1287 1301 1243 1258 8191 4096 8191 8191 8191 8191 4096 
1283 1238 4571 16383 1178 1287 1299 1241 1258 8191 4096 8191 8191 8191 8191 4096 
1307 1206 4571 16383 1177 1287 1299 1241 8191 1352 4096 8191 8191 8191 8191 4096 
1279 1239 4559 16383 1177 1285 1299 1243 1257 8191 4096 8191 8191 8191 8191 4096 
1281 1239 4557 16383 1179 1287 1301 1243 1257 8191 4096 8191 8191 8191 8191 4096 
1281 1238 4575 16383 1178 1288 1301 1242 1257 8190 8191 8190 8190 8190 8190 8191 
1282 1238 4563 16383 1179 1289 1299 1243 1258 8191 4096 8191 8191 8191 8191 4096 
1283 1239 4570 16383 1177 1288 1301 1242 1258 8191 4096 8191 8191 8191 8191 4096 
1340 1244 4562 16383 1177 1289 1302 1242 1257 1555 4096 8191 8191 8191 8191 4096 
1281 1237 4561 16383 1179 1289 1299 1241 1258 8191 4096 8191 8191 8191 8191 4096 
1284 1306 4571 16383 1179 1288 1302 1244 1257 8191 4096 8191 8191 8191 8191 4096 
1285 1245 4563 16383 1181 1290 1301 1243 1257 8191 4096 8191 8191 8191 8191 4096 
1283 1239 4559 16383 1179 1290 1300 1244 1258 4096 4097 4096 4096 4096 4096 4097 
1327 1207 4573 16383 1178 1287 1301 1243 8191 1352 4096 8191 8191 8191 8191 4096 
1341 1253 4566 16383 1178 1286 1300 1242 1257 1577 8191 8190 8190 8190 8190 8191 
1285 1244 4574 16383 1179 1289 1302 1245 1257 8191 4096 8191 8191 8191 8191 4096 
1368 1213 4564 16383 1181 1289 1302 1245 8190 1352 8191 8190 8190 8190 8190 8191 
1281 1234 4563 16383 1177 1287 1299 1241 1257 8190 8191 8190 8190 8190 8190 8191 
1281 1231 4570 16383 1175 1287 1298 1241 1258 8191 4096 8191 8191 8191 8191 4096 
1337 1205 4564 16383 1178 1287 1299 1241 8190 1352 8191 8190 8190 8190 8190 8191 
1282 1257 4567 16383 1179 1290 1301 1241 1256 8191 4096 8191 8191 8191 8191 4096 
1282 1240 4563 16383 1179 1287 1301 1242 1258 8191 4096 8191 8191 8191 8191 4096 
1374 1210 4567 16383 1179 1288 1299 1243 8191 1352 4096 8191 8191 8191 8191 4096 
1280 1237 4564 16383 1177 1287 1299 1242 1257 8190 8191 8190 8190 8190 8190 8191 
1359 1335 4563 16383 1179 1287 1299 1243 1257 1596 4096 8191 8191 8191 8191 4096 
1335 1206 4573 16383 1179 1286 1299 1243 8191 1352 4096 8191 8191 8191 8191 4096 
1285 1243 4574 16383 1179 1287 1302 1245 1257 8191 4096 8191 8191 8191 8191 4096 
1373 1258 4566 16383 1179 1287 1301 1244 1257 1549 4096 8191 8191 8191 8191 4096 
1281 1239 4563 16383 1178 1287 1299 1243 1258 8191 4096 8191 8191 8191 8191 4096 
1281 1222 4575 16383 1178 1287 1299 1242 1258 8191 4096 8191 8191 8191 8191 4096 
1281 1265 4574 16383 1179 1287 1301 1243 1257 8190 8191 8190 8190 8190 8190 8191 
1279 1242 4559 16383 1177 1287 1299 1239 1257 8191 4096 8191 8191 8191 8191 4096 
1283 1246 4564 16383 1178 1287 1301 1241 1256 4096 4097 4096 4096 4096 4096 4097 
1283 1246 4569 16383 1178 1289 1300 1244 1256 8185 8186 8185 8185 8185 8185 8186 
1319 1251 4566 16383 1179 1289 1301 1245 1257 1641 4096 8191 8191 8191 8191 4096 
1285 1271 4573 16383 1179 1290 1302 1245 1257 4096 4097 4096 4096 4096 4096 4097 
1283 1243 4567 16383 1179 1287 1301 1243 1258 4096 4097 4096 4096 4096 4096 4097 
1285 1285 4575 16383 1177 1287 1301 1242 1258 8191 4096 8191 8191 8191 8191 4096 
1281 1247 4568 16383 1178 1287 1298 1241 1256 8191 4096 8191 8191 8191 8191 4096 
1285 1222 4573 16383 1178 1287 1301 1243 1257 8191 4096 8191 8191 8191 8191 4096 
1402 1265 4563 16383 1177 1287 1299 1242 1258 1555 4097 4096 4096 4096 4096 4097 
1283 1237 4573 16383 1179 1290 1301 1243 1257 8191 4096 8191 8191 8191 8191 4096 
1283 1254 4573 16383 1176 1287 1299 1243 1258 8191 4096 8191 8191 8191 8191 4096 
1282 1253 4575 16383 1179 1289 1301 1244 1258 8191 4096 8191 8191 8191 8191 4096 
1282 1244 4577 16383 1178 1289 1301 1244 1258 8191 4096 8191 8191 8191 8191 4096 
1283 1239 4577 16383 1180 1290 1302 1245 1258 4096 4097 4096 4096 4096 4096 4097 
1281 1242 4572 16383 1177 1287 1299 1243 1257 8191 4096 8191 8191 8191 8191 4096 
1332 1213 4569 16383 1178 1286 1300 1242 4096 1352 4097 4096 4096 4096 4096 4097 
1283 1235 4566 16383 1179 1289 1299 1242 1258 8191 4096 8191 8191 8191 8191 4096 
1279 1227 4571 16383 1177 1287 1299 1241 1257 8191 4096 8191 8191 8191 8191 4096 
1283 1236 4573 16383 1181 1290 1302 1244 1258 8191 4096 8191 8191 8191 8191 4096 
1355 1263 4563 16383 1179 1289 1301 1245 1257 1571 4096 8191 8191 8191 8191 4096 
1347 1206 4570 16383 1178 1287 1301 1241 8191 1352 4096 8191 8191 8191 8191 4096 
1334 1257 4571 16383 1178 1287 1300 1242 1257 1595 4096 8191 8191 8191 8191 4096 
1281 1234 4575 16383 1179 1289 1301 1241 1257 8190 8191 8190 8190 8190 8190 8191 
1285 1239 4578 16383 1179 1289 1303 1243 1257 8191 4096 8191 8191 8191 8191 4096 
1280 1237 4563 16383 1177 1286 1301 1241 1258 8191 4096 8191 8191 8191 8191 4096 
1373 1206 4571 16383 1179 1289 1301 1243 8191 1352 4096 8191 8191 8191 8191 4096 
1284 1244 4570 16383 1179 1289 1301 1243 1257 8191 4096 8191 8191 8191 8191 4096 
1327 1207 4559 16383 1179 1287 1301 1243 8191 1352 4096 8191 8191 8191 8191 4096 
1343 1273 4565 16383 1179 1288 1303 1243 1257 1576 4096 8191 8191 8191 8191 4096 
1322 1205 4571 16383 1179 1290 1301 1243 8191 1353 4096 8191 8191 8191 8191 4096 
1303 1205 4566 16383 1178 1287 1300 1241 8191 1353 4096 8191 8191 8191 8191 4096 
1281 1257 4573 16383 1178 1288 1301 1242 1257 8191 4096 8191 8191 8191 8191 4096 
1282 1244 4565 16383 1178 1287 1301 1243 1258 8191 4096 8191 8191 8191 8191 4096 
1283 1242 4571 16383 1180 1287 1301 1243 1258 8191 4096 8191 8191 8191 8191 4096 
1283 1294 4561 16383 1180 1289 1302 1243 1257 8191 4096 8191 8191 8191 8191 4096 
1323 1253 4566 16383 1178 1287 1301 1241 1256 1575 4097 4096 4096 4096 4096 4097 
1283 1233 4566 16383 1179 1287 1301 1242 1257 8190 8191 8190 8190 8190 8190 8191 
1279 1231 4573 16383 1177 1287 1300 1242 1257 4096 4097 4096 4096 4096 4096 4097 
1282 1270 4563 16383 1177 1287 1300 1239 1257 8191 4096 8191 8191 8191 8191 4096 
1285 1247 4566 16383 1179 1289 1303 1243 1257 8191 4096 8191 8191 8191 8191 4096 
1323 1205 4558 16383 1177 1289 1299 1243 8190 1353 8191 8190 8190 8190 8190 8191 
1282 1235 4572 16383 1178 1287 1301 1241 1256 8191 4096 8191 8191 8191 8191 4096 
1323 1282 4559 16383 1175 1287 1299 1243 1258 1618 4096 8191 8191 8191 8191 4096 
1283 1249 4567 16383 1179 1290 1303 1243 1257 8191 4096 8191 8191 8191 8191 4096 
1283 1231 4571 16383 1179 1287 1301 1242 1258 8191 4096 8191 8191 8191 8191 4096 
1280 1235 4565 16383 1177 1287 1301 1240 1257 8191 4096 8191 8191 8191 8191 4096 
1279 1257 4563 16383 1178 1287 1299 1243 1257 8190 8191 8190 8190 8190 8190 8191 
1355 1273 4561 16383 1177 1287 1299 1243 1256 1577 4096 8191 8191 8191 8191 4096 
1278 1242 4565 16383 1177 1287 1299 1240 1258 4096 4097 4096 4096 4096 4096 4097 
1283 1289 4570 16383 1179 1289 1299 1242 1257 8191 4096 8191 8191 8191 8191 4096 
1362 1286 4562 16383 1179 1287 1299 1242 1257 1586 4096 8191 8191 8191 8191 4096 
1279 1255 4565 16383 1175 1286 1297 1241 1257 8191 4096 8191 8191 8191 8191 4096 
1373 1290 4569 16383 1180 1291 1303 1245 1257 1578 4096 8191 8191 8191 8191 4096 
1319 1278 4563 16383 1175 1285 1299 1243 1258 1619 8191 8190 8190 8190 8190 8191 
1282 1242 4562 16383 1179 1290 1301 1245 1257 8191 4096 8191 8191 8191 8191 4096 
1315 1227 4575 16383 1179 1287 1299 1242 8191 1352 4096 8191 8191 8191 8191 4096 
1324 1261 4562 16383 1178 1287 1298 1242 1257 1600 4097 4096 4096 4096 4096 4097 
1309 1206 4570 16383 1177 1288 1301 1243 8191 1353 4096 8191 8191 8191 8191 4096 
1332 1255 4559 16383 1180 1287 1300 1242 1256 1609 8191 8190 8190 8190 8190 8191 
1282 1400 4571 16383 1179 1288 1299 1243 1257 8191 4096 8191 8191 8191 8191 4096 
1281 1238 4569 16383 1179 1287 1299 1243 1258 8191 4096 8191 8191 8191 8191 4096 
1281 1239 4569 16383 1177 1287 1299 1242 1257 8191 4096 8191 8191 8191 8191 4096 
1336 1263 4563 16383 1179 1287 1301 1243 1257 1588 4096 8191 8191 8191 8191 4096 
1285 1323 4565 16383 1180 1289 1301 1244 1257 8191 4096 8191 8191 8191 8191 4096 
1339 1285 4563 16383 1178 1291 1302 1243 1258 1575 8191 8190 8190 8190 8190 8191 
1283 1231 4559 16383 1179 1289 1301 1243 1257 8191 4096 8191 8191 8191 8191 4096 
1481 1351 4565 16383 1178 1288 1300 1243 1256 1564 4096 8191 8191 8191 8191 4096 
1283 1239 4563 16383 1179 1291 1302 1247 1257 8190 8191 8190 8190 8190 8190 8191 
1287 1239 4569 16383 1179 1287 1300 1243 1257 4096 4097 4096 4096 4096 4096 4097 
1323 1207 4567 16383 1181 1289 1301 1244 8191 1352 4096 8191 8191 8191 8191 4096 
1281 1231 4567 16383 1178 1287 1299 1241 1257 4096 4097 4096 4096 4096 4096 4097 
1363 1206 4575 16383 1181 1291 1301 1243 8191 1352 4096 8191 8191 8191 8191 4096 
1327 1275 4575 16383 1179 1288 1301 1242 1257 1626 4097 4096 4096 4096 4096 4097 
1283 1284 4563 16383 1179 1289 1301 1241 1258 8190 8191 8190 8190 8190 8190 8191 
1283 1252 4576 16383 1182 1291 1300 1247 1258 8191 4096 8191 8191 8191 8191 4096 
1282 1261 4566 16383 1178 1287 1300 1243 1257 8190 8191 8190 8190 8190 8190 8191 
1281 1243 4566 16383 1180 1288 1302 1243 1257 8191 4096 8191 8191 8191 8191 4096 
1329 1207 4573 16383 1178 1289 1301 1243 8191 1352 4096 8191 8191 8191 8191 4096 
1283 1244 4577 16383 1181 1291 1302 1244 1258 8191 4096 8191 8191 8191 8191 4096 
1282 1243 4571 16383 1178 1289 1301 1245 1258 8191 4096 8191 8191 8191 8191 4096 
1341 1260 4563 16383 1178 1287 1300 1241 1256 1587 4096 8191 8191 8191 8191 4096 
1282 1276 4569 16383 1179 1289 1299 1244 1257 8191 4096 8191 8191 8191 8191 4096 
1281 1234 4565 16383 1177 1289 1299 1244 1257 8191 4096 8191 8191 8191 8191 4096 
1287 1236 4565 16383 1179 1291 1302 1243 1257 4096 4097 4096 4096 4096 4096 4097 
1328 1206 4562 16383 1178 1287 1299 1239 8191 1352 4096 8191 8191 8191 8191 4096 
1282 1241 4576 16383 1179 1287 1299 1243 1257 8191 4096 8191 8191 8191 8191 4096 
1334 1253 4573 16383 1179 1287 1299 1242 1257 1592 8191 8190 8190 8190 8190 8191 
1335 1207 4563 16383 1177 1287 1301 1243 8190 1352 8191 8190 8190 8190 8190 8191 
1326 1207 4567 16383 1179 1287 1299 1243 8191 1353 4096 8191 8191 8191 8191 4096 
1282 1237 4570 16383 1179 1289 1299 1244 1257 8190 8191 8190 8190 8190 8190 8191 
1282 1245 4569 16383 1179 1290 1302 1242 1257 8191 4096 8191 8191 8191 8191 4096 
1281 1231 4574 16383 1177 1287 1298 1243 1257 8191 4096 8191 8191 8191 8191 4096 
1333 1205 4570 16383 1177 1288 1299 1242 8191 1352 4096 8191 8191 8191 8191 4096 
1322 1278 4573 16383 1179 1290 1301 1241 1257 1607 4097 4096 4096 4096 4096 4097 
1281 1259 4567 16383 1178 1289 1301 1243 1257 8191 4096 8191 8191 8191 8191 4096 
1353 1269 4573 16383 1178 1287 1301 1242 1257 1565 4096 8191 8191 8191 8191 4096 
1281 1235 4563 16383 1179 1287 1299 1243 1258 4096 4097 4096 4096 4096 4096 4097 
1329 1207 4563 16383 1179 1289 1300 1243 8191 1352 4096 8191 4096 4096 4096 4097 
1329 1272 4569 16383 1177 1286 1299 1241 1257 1596 4096 8191 8191 8191 8191 4096 
1334 1290 4575 16383 1175 1287 1300 1242 1257 1598 4096 8191 8191 8191 8191 4096 
1282 1239 4563 16383 1177 1287 1301 1243 1258 8191 4096 8191 8191 8191 8191 4096 
1375 1205 4563 16383 1177 1286 1299 1241 4096 1352 4097 4096 4096 4096 4096 4097 
1282 1234 4562 16383 1179 1287 1299 1243 1257 8191 4096 8191 8191 8191 8191 4096 
1281 1241 4571 16383 1179 1286 1301 1243 1258 8191 4096 8191 8191 8191 8191 4096 
1283 1244 4567 16383 1179 1287 1302 1242 1258 8191 4096 8191 8191 8191 8191 4096 
1377 1273 4567 16383 1179 1290 1302 1245 1257 1566 4097 4096 4096 4096 4096 4097 
1280 1234 4565 16383 1178 1288 1301 1244 1258 8191 4096 8191 8191 8191 8191 4096 
1323 1205 4567 16383 1180 1287 1301 1243 8191 1352 4096 8191 8191 8191 8191 4096 
1290 1449 4563 16383 1175 1285 1299 1241 1258 8191 4096 8191 8191 8191 8191 4096 
1284 1250 4566 16383 1179 1290 1303 1245 1257 8191 4096 8191 8191 8191 8191 4096 
1344 1289 4565 16383 1181 1289 1301 1243 1258 1600 4096 8191 8191 8191 8191 4096 
1331 1207 4566 16383 1180 1291 1301 1244 8191 1352 4096 8191 8191 8191 8191 4096 
1281 1239 4575 16383 1178 1289 1299 1243 1257 8191 4096 8191 8191 8191 8191 4096 
1280 1235 4564 16383 1177 1285 1298 1241 1257 8191 4096 8191 8191 8191 8191 4096 
1283 1239 4565 16383 1179 1289 1300 1243 1257 4096 4097 4096 4096 4096 4096 4097 
1279 1237 4567 16383 1179 1287 1301 1243 1258 8191 4096 8191 8191 8191 8191 4096 
1393 1205 4572 16383 1178 1286 1299 1241 8191 1352 4096 8191 8191 8191 8191 4096 
1282 1242 4564 16383 1179 1289 1299 1245 1257 8191 4096 8191 8191 8191 8191 4096 
1279 1234 4563 16383 1178 1287 1299 1243 1257 8191 4096 8191 8191 8191 8191 4096 
1316 1206 4572 16383 1179 1287 1301 1244 8191 1353 4096 8191 8191 8191 8191 4096 
1344 1262 4571 16383 1179 1289 1299 1243 1257 1583 4096 8191 8191 8191 8191 4096 
1284 1299 4569 16383 1178 1287 1300 1243 1257 4096 4097 4096 4096 4096 4096 4097 
1283 1255 4572 16383 1177 1286 1298 1242 1257 8191 4096 8191 8191 8191 8191 4096 
1319 1206 4567 16383 1179 1287 1300 1241 8191 1352 4096 8191 8191 8191 8191 4096 
1281 1245 4571 16383 1177 1287 1301 1243 1258 8191 4096 8191 8191 8191 8191 4096 
1282 1238 4563 16383 1179 1287 1299 1245 1258 8190 8191 8190 8190 8190 8190 8191 
1282 1242 4570 16383 1179 1287 1299 1243 1257 8191 4096 8191 8191 8191 8191 4096 
1282 1238 4567 16383 1179 1289 1301 1242 1258 8191 4096 8191 8191 8191 8191 4096 
1323 1207 4570 16383 1178 1287 1299 1242 8191 1352 4096 8191 8191 8191 8191 4096 
1281 1319 4567 16383 1177 1287 1300 1243 1256 8191 4096 8191 8191 8191 8191 4096 
1331 1285 4565 16383 1179 1289 1301 1242 1257 1610 4096 8191 8191 8191 8191 4096 
1283 1234 4569 16383 1178 1289 1300 1242 1257 8191 4096 8191 8191 8191 8191 4096 
1281 1243 4571 16383 1178 1290 1299 1241 1257 8190 8191 8190 8190 8190 8190 8191 
1346 1225 4571 16383 1179 1288 1301 1243 8191 1352 4096 8191 8191 8191 8191 4096 
1336 1265 4575 16383 1179 1290 1300 1243 1257 1569 4097 4096 4096 4096 4096 4097 
1281 1235 4573 16383 1179 1287 1299 1242 1258 8191 4096 8191 8191 8191 8191 4096 
1321 1276 4567 16383 1179 1287 1300 1243 1257 1609 4097 4096 4096 4096 4096 4097 
1323 1257 4571 16383 1178 1287 1301 1242 1258 1599 4097 4096 4096 4096 4096 4097 
1283 1269 4571 16383 1180 1287 1301 1243 1256 8190 8191 8190 8190 8190 8190 8191 
1283 1242 4561 16383 1179 1291 1301 1243 1257 8191 4096 8191 8191 8191 8191 4096 
1283 1259 4565 16383 1179 1287 1301 1242 1257 8191 4096 8191 8191 8191 8191 4096 
1282 1238 4561 16383 1179 1288 1301 1245 1258 8191 4096 8191 8191 8191 8191 4096 
1282 1243 4569 16383 1179 1289 1301 1243 1257 8191 4096 8191 8191 8191 8191 4096 
1321 1207 4562 16383 1178 1287 1301 1243 8191 1352 4096 8191 8191 8191 8191 4096 
1283 1237 4570 16383 1179 1287 1298 1242 1257 8191 4096 8191 8191 8191 8191 4096 
1278 1237 4558 16383 1179 1287 1299 1242 1257 8191 4096 8191 8191 8191 8191 4096 
1281 1284 4564 16383 1178 1287 1300 1243 1258 4096 4097 4096 4096 4096 4096 4097 
1283 1242 4559 16383 1177 1287 1299 1243 1257 8190 8191 8190 8190 8190 8190 8191 
1281 1249 4567 16383 1177 1285 1299 1241 1257 8191 4096 8191 8191 8191 8191 4096 
1317 1206 4567 16383 1181 1289 1301 1243 8191 1352 4096 8191 8191 8191 8191 4096 
1322 1206 4559 16383 1178 1285 1297 1241 8191 1352 4096 8191 8191 8191 8191 4096 
1282 1235 4564 16383 1177 1287 1298 1243 1256 4096 4097 4096 4096 4096 4096 4097 
1283 1252 4578 16383 1179 1290 1301 1243 1258 8191 4096 8191 8191 8191 8191 4096 
1283 1263 4572 16383 1178 1286 1302 1243 1258 8191 4096 8191 8191 8191 8191 4096 
1283 1234 4568 16383 1177 1287 1298 1242 1257 4096 4097 4096 4096 4096 4096 4097 
1282 1240 4569 16383 1179 1287 1301 1241 1258 8191 4096 8191 8191 8191 8191 4096 
1281 1239 4571 16383 1179 1289 1301 1244 1258 8191 4096 8191 8191 8191 8191 4096 
1283 1242 4576 16383 1179 1290 1299 1243 1258 8191 4096 8191 8191 8191 8191 4096 
1283 1237 4572 16383 1179 1290 1302 1243 1257 8191 4096 8191 8191 8191 8191 4096 
1326 1282 4568 16383 1178 1287 1299 1243 1257 1621 4096 8191 8191 8191 8191 4096 
1281 1253 4563 16383 1178 1287 1301 1243 1257 8191 4096 8191 8191 8191 8191 4096 
1281 1231 4567 16383 1179 1287 1301 1242 1257 8191 4096 8191 8191 8191 8191 4096 
1306 1206 4571 16383 1179 1289 1301 1243 8190 1352 8191 8190 8190 8190 8190 8191 
1282 1239 4567 16383 1179 1287 1299 1243 1257 8191 4096 8191 8191 8191 8191 4096 
1284 1262 4576 16383 1180 1289 1300 1243 1257 4096 4097 4096 4096 4096 4096 4097 
1340 1211 4564 16383 1178 1287 1299 1243 4096 1352 4097 4096 4096 4096 4096 4097 
1282 1241 4567 16383 1178 1289 1300 1243 1258 8191 4096 8191 8191 8191 8191 4096 
1375 1203 4562 16383 1179 1287 1298 1242 8191 1352 4096 8191 8191 8191 8191 4096 
1382 1270 4570 16383 1178 1289 1301 1243 1257 1560 4096 8191 8191 8191 8191 4096 
1285 1238 4575 16383 1179 1290 1301 1245 1258 8190 8191 8190 8190 8190 8190 8191 
1341 1268 4577 16383 1178 1287 1299 1243 1257 1582 4096 8191 8191 8191 8191 4096 
1331 1205 4575 16383 1179 1287 1301 1244 8191 1352 4096 8191 8191 8191 8191 4096 
1321 1206 4562 16383 1178 1287 1301 1243 4096 1352 4097 4096 4096 4096 4096 4097 
1287 1253 4565 16383 1179 1291 1301 1243 1257 8191 4096 8191 8191 8191 8191 4096 
1282 1275 4573 16383 1178 1287 1300 1241 1257 8191 4096 8191 8191 8191 8191 4096 
1283 1243 4574 16383 1177 1288 1299 1239 1258 8190 8191 8190 8190 8190 8190 8191 
1281 1241 4563 16383 1178 1286 1299 1239 1258 8191 4096 8191 8191 8191 8191 4096 
1281 1241 4564 16383 1179 1288 1302 1245 1258 8190 8191 8190 8190 8190 8190 8191 
1323 1294 4566 16383 1179 1287 1301 1243 1258 1629 4097 4096 4096 4096 4096 4097 
1284 1235 4567 16383 1177 1289 1301 1243 1258 8191 4096 8191 8191 8191 8191 4096 
1281 1268 4569 16383 1179 1288 1302 1242 1257 8191 4096 8191 8191 8191 8191 4096 
1279 1276 4574 16383 1178 1287 1299 1243 1258 4096 4097 4096 4096 4096 4096 4097 
1347 1299 4572 16383 1179 1287 1301 1242 1258 1597 4096 8191 8191 8191 8191 4096 
1282 1238 4576 16383 1179 1287 1301 1244 1257 8191 4096 8191 8191 8191 8191 4096 
1284 1235 4566 16383 1182 1290 1303 1245 1258 8191 4096 8191 8191 8191 8191 4096 
1282 1239 4573 16383 1181 1289 1301 1243 1258 8191 4096 8191 8191 8191 8191 4096 
1280 1238 4573 16383 1178 1289 1301 1243 1258 8190 8191 8190 8190 8190 8190 8191 
1281 1238 4566 16383 1177 1287 1301 1241 1257 8191 4096 8191 8191 8191 8191 4096 
1280 1251 4573 16383 1179 1287 1299 1242 1257 8190 8191 8190 8190 8190 8190 8191 
1283 1277 4564 16383 1180 1290 1303 1244 1258 8191 4096 8191 8191 8191 8191 4096 
1281 1245 4572 16383 1178 1286 1299 1241 1258 8191 4096 8191 8191 8191 8191 4096 
1280 1254 4565 16383 1177 1286 1297 1242 1258 8190 8191 8190 8190 8190 8190 8191 
1391 1209 4565 16383 1179 1287 1301 1242 8191 1352 4096 8191 8191 8191 8191 4096 
1281 1239 4565 16383 1179 1287 1301 1243 1258 8191 4096 8191 8191 8191 8191 4096 
1283 1239 4577 16383 1179 1289 1301 1243 1258 8190 8191 8190 8190 8190 8190 8191 
1279 1245 4573 16383 1177 1287 1300 1241 1257 8191 4096 8191 8191 8191 8191 4096 
1281 1233 4566 16383 1177 1287 1298 1242 1258 8191 4096 8191 8191 8191 8191 4096 
1284 1236 4565 16383 1178 1285 1298 1242 1256 8191 4096 8191 8191 8191 8191 4096 
1281 1231 4563 16383 1178 1289 1301 1241 1258 8191 4096 8191 8191 8191 8191 4096 
1327 1235 4570 16383 1178 1287 1299 1239 8191 1352 4096 8191 8191 8191 8191 4096 
1281 1262 4565 16383 1179 1290 1302 1245 1257 4096 4097 4096 4096 4096 4096 4097 
1319 1283 4572 16383 1179 1289 1299 1243 1257 1651 4096 8191 8191 8191 8191 4096 
1279 1335 4574 16383 1177 1286 1299 1243 1258 8191 4096 8191 8191 8191 8191 4096 
1284 1291 4571 16383 1181 1290 1301 1245 1257 8190 8191 8190 8190 8190 8190 8191 
1332 1279 4573 16383 1180 1290 1300 1243 1257 1609 4096 8191 8191 8191 8191 4096 
1282 1241 4562 16383 1178 1290 1301 1244 1258 8190 8191 8190 8190 8190 8190 8191 
1284 1241 4567 16383 1180 1289 1301 1243 1258 8191 4096 8191 8191 8191 8191 4096 
1318 1207 4574 16383 1179 1289 1301 1243 8191 1352 4096 8191 8191 8191 8191 4096 
1283 1222 4563 16383 1179 1287 1301 1242 1257 8190 8191 8190 8190 8190 8190 8191 
1282 1237 4574 16383 1177 1287 1299 1241 1258 8191 4096 8191 8191 8191 8191 4096 
1286 1237 4563 16383 1181 1290 1303 1247 1258 8191 4096 8191 8191 8191 8191 4096 
1306 1207 4569 16383 1180 1289 1301 1243 8191 1352 4096 8191 8191 8191 8191 4096 
1283 1255 4570 16383 1179 1289 1301 1243 1257 8191 4096 8191 8191 8191 8191 4096 
1313 1206 4575 16383 1178 1287 1301 1242 8191 1352 4096 8191 8191 8191 8191 4096 
1341 1205 4563 16383 1178 1287 1298 1242 4096 1352 4097 4096 4096 4096 4096 4097 
1281 1237 4565 16383 1177 1289 1299 1241 1258 8191 4096 8191 8191 8191 8191 4096 
1284 1239 4567 16383 1179 1288 1303 1244 1257 8191 4096 8191 8191 8191 8191 4096 
1283 1236 4567 16383 1179 1289 1299 1244 1258 8191 4096 8191 8191 8191 8191 4096 
1311 1207 4565 16383 1178 1289 1301 1243 8191 1353 4096 8191 8191 8191 8191 4096 
1339 1283 4568 16383 1179 1287 1301 1239 1257 1608 4096 8191 8191 8191 8191 4096 
1356 1275 4567 16383 1179 1288 1299 1243 1257 1575 4096 8191 8191 8191 8191 4096 
1328 1205 4573 16383 1177 1287 1299 1243 8191 1352 4096 8191 8191 8191 8191 4096 
1282 1239 4565 16383 1179 1289 1299 1241 1257 8191 4096 8191 8191 8191 8191 4096 
1283 1255 4571 16383 1178 1287 1299 1241 1257 8190 8191 8190 8190 8190 8190 8191 
1537 1207 4562 16383 1179 1287 1301 1242 8190 1352 8191 8190 8190 8190 8190 8191 
1283 1243 4573 16383 1179 1287 1301 1243 1257 8191 4096 8191 8191 8191 8191 4096 
1280 1240 4559 16383 1177 1285 1299 1241 1258 8191 4096 8191 8191 8191 8191 4096 
1282 1233 4559 16383 1179 1289 1301 1243 1258 8190 8191 8190 8190 8190 8190 8191 
1279 1275 4573 16383 1179 1289 1301 1244 1258 8191 4096 8191 8191 8191 8191 4096 
1281 1254 4574 16383 1175 1287 1299 1243 1257 8191 4096 8191 8191 8191 8191 4096 
1285 1234 4565 16383 1179 1290 1301 1243 1258 4096 4097 4096 4096 4096 4096 4097 
1282 1234 4563 16383 1177 1287 1299 1243 1258 8191 4096 8191 8191 8191 8191 4096 
1283 1233 4569 16383 1179 1289 1302 1243 1257 4096 4097 4096 4096 4096 4096 4097 
1282 1235 4566 16383 1178 1290 1301 1243 1258 8191 4096 8191 8191 8191 8191 4096 
1332 1278 4574 16383 1179 1287 1299 1243 1258 1602 4096 8191 8191 8191 8191 4096 
1320 1205 4566 16383 1179 1287 1300 1242 8191 1352 4096 8191 8191 8191 8191 4096 
1344 1207 4569 16383 1175 1286 1300 1243 8191 1353 4096 8191 8191 8191 8191 4096 
1281 1241 4564 16383 1179 1289 1302 1243 1258 8191 4096 8191 8191 8191 8191 4096 
1319 1207 4567 16383 1180 1287 1301 1243 8191 1353 4096 8191 8191 8191 8191 4096 
1284 1233 4561 16383 1179 1287 1302 1243 1257 8191 4096 8191 8191 8191 8191 4096 
1283 1238 4573 16383 1177 1287 1301 1243 1257 8191 4096 8191 8191 8191 8191 4096 
1282 1234 4573 16383 1179 1287 1300 1243 1258 8191 4096 8191 8191 8191 8191 4096 
1283 1271 4563 16383 1179 1289 1301 1243 1257 8191 4096 8191 8191 8191 8191 4096 
1282 1505 4565 16383 1179 1287 1300 1244 1257 8191 4096 8191 8191 8191 8191 4096 
1281 1243 4576 16383 1179 1289 1300 1243 1258 8191 4096 8191 8191 8191 8191 4096 
1285 1243 4575 16383 1177 1287 1301 1243 1257 8190 8191 8190 8190 8190 8190 8191 
1282 1231 4573 16383 1178 1289 1303 1242 1258 8191 4096 8191 8191 8191 8191 4096 
1302 1252 4569 16383 1179 1287 1301 1243 1257 8190 8191 8190 8190 8190 8190 8191 
1279 1255 4570 16383 1178 1287 1301 1241 1257 8191 4096 8191 8191 8191 8191 4096 
1281 1247 4565 16383 1178 1287 1300 1242 1257 8191 4096 8191 8191 8191 8191 4096 
1341 1263 4569 16383 1179 1287 1301 1243 1258 1583 8191 8190 8190 8190 8190 8191 
1319 1207 4575 16383 1178 1287 1303 1243 8190 1352 8191 8190 8190 8190 8190 8191 
1319 1269 4569 16383 1179 1287 1301 1241 1257 1635 4096 8191 8191 8191 8191 4096 
1281 1247 4561 16383 1177 1286 1298 1241 1257 8191 4096 8191 8191 8191 8191 4096 
1281 1262 4570 16383 1179 1287 1299 1242 1257 8191 4096 8191 8191 8191 8191 4096 
1281 1234 4558 16383 1179 1287 1300 1243 1258 8191 4096 8191 8191 8191 8191 4096 
1283 1246 4571 16383 1178 1289 1299 1243 1258 4096 4097 4096 4096 4096 4096 4097 
1279 1237 4565 16383 1179 1287 1298 1243 1258 8191 4096 8191 8191 8191 8191 4096 
1282 1231 4569 16383 1179 1287 1299 1243 1257 8191 4096 8191 8191 8191 8191 4096 
1317 1206 4570 16383 1179 1290 1301 1245 8191 1352 4096 8191 8191 8191 8191 4096 
1339 1268 4573 16383 1179 1290 1301 1245 1257 1589 4096 8191 8191 8191 8191 4096 
1281 1239 4573 16383 1181 1287 1301 1243 1257 8191 4096 8191 8191 8191 8191 4096 
1318 1206 4565 16383 1177 1287 1301 1243 8191 1352 4096 8191 8191 8191 8191 4096 
1370 1291 4563 16383 1179 1287 1301 1241 1257 1582 4096 8191 8191 8191 8191 4096 
1331 1206 4563 16383 1179 1287 1302 1242 8191 1352 4096 8191 8191 8191 8191 4096 
1321 1207 4577 16383 1178 1289 1299 1243 8191 1352 4096 8191 8191 8191 8191 4096 
1340 1270 4574 16383 1178 1287 1300 1243 1257 1590 4096 8191 8191 8191 8191 4096 
1282 1238 4565 16383 1177 1287 1301 1243 1257 4096 4097 4096 4096 4096 4096 4097 
1283 1223 4574 16383 1177 1287 1300 1241 1257 8191 4096 8191 8191 8191 8191 4096 
1284 1239 4575 16383 1181 1289 1301 1243 1259 8190 8191 8190 8190 8190 8190 8191 
1333 1265 4566 16383 1179 1289 1303 1243 1257 1598 4096 8191 8191 8191 8191 4096 
1283 1218 4573 16383 1177 1287 1298 1242 1256 8187 8188 8187 8187 8187 8187 8188 
1319 1260 4565 16383 1177 1287 1299 1241 1258 1624 4096 8191 8191 8191 8191 4096 
1334 1207 4571 16383 1180 1289 1302 1245 8190 1352 8191 8190 8190 8190 8190 8191 
1317 1270 4572 16383 1179 1289 1301 1242 1258 1618 4096 8191 8191 8191 8191 4096 
1369 1207 4571 16383 1178 1287 1302 1242 8191 1353 4096 8191 8191 8191 8191 4096 
1282 1246 4575 16383 1179 1289 1301 1243 1257 8191 4096 8191 8191 8191 8191 4096 
1284 1251 4573 16383 1179 1289 1301 1243 1258 8191 4096 8191 8191 8191 8191 4096 
1283 1249 4569 16383 1179 1289 1301 1245 1257 8191 4096 8191 8191 8191 8191 4096 
1281 1242 4574 16383 1178 1287 1301 1242 1258 8190 8191 8190 8190 8190 8190 8191 
1282 1235 4563 16383 1177 1287 1301 1241 1257 8191 4096 8191 8191 8191 8191 4096 
1280 1255 4573 16383 1177 1287 1299 1241 1257 8190 8191 8190 8190 8190 8190 8191 
1279 1241 4563 16383 1177 1287 1299 1243 1257 8191 4096 8191 8191 8191 8191 4096 
1281 1263 4565 16383 1179 1287 1301 1243 1258 8191 4096 8191 8191 8191 8191 4096 
1281 1259 4567 16383 1179 1287 1299 1242 1257 4096 4097 4096 4096 4096 4096 4097 
1313 1204 4567 16383 1178 1286 1298 1241 8191 1352 4096 8191 8191 8191 8191 4096 
1347 1207 4575 16383 1177 1289 1299 1243 8191 1352 4096 8191 8191 8191 8191 4096 
1318 1205 4567 16383 1178 1287 1299 1242 8191 1352 4096 8191 8191 8191 8191 4096 
1282 1238 4565 16383 1177 1287 1299 1242 1257 8191 4096 8191 8191 8191 8191 4096 
1283 1249 4566 16383 1181 1289 1303 1243 1257 8190 8191 8190 8190 8190 8190 8191 
1358 1205 4573 16383 1179 1289 1301 1243 8191 1352 4096 8191 8191 8191 8191 4096 
1283 1229 4575 16383 1181 1287 1301 1243 1257 8191 4096 8191 8191 8191 8191 4096 
1280 1229 4569 16383 1178 1287 1299 1239 1257 8191 4096 8191 8191 8191 8191 4096 
1317 1207 4565 16383 1179 1287 1301 1243 8191 1352 4096 8191 8191 8191 8191 4096 
1349 1281 4564 16383 1179 1289 1301 1243 1257 1592 4096 8191 8191 8191 8191 4096 
1325 1203 4572 16383 1178 1286 1299 1241 8191 1351 4096 8191 8191 8191 8191 4096 
1281 1237 4569 16383 1180 1289 1302 1245 1257 4096 4097 4096 4096 4096 4096 4097 
1358 1258 4569 16383 1178 1287 1298 1241 1256 1569 4096 8191 8191 8191 8191 4096 
1347 1205 4566 16383 1179 1290 1301 1243 8191 1352 4096 8191 8191 8191 8191 4096 
1282 1339 4571 16383 1178 1290 1301 1245 1257 8191 4096 8191 8191 8191 8191 4096 
1282 1223 4569 16383 1179 1286 1299 1243 1258 8190 8191 8190 8190 8190 8190 8191 
1283 1225 4571 16383 1179 1287 1300 1243 1257 8191 4096 8191 8191 8191 8191 4096 
1280 1241 4573 16383 1178 1287 1299 1243 1258 8191 4096 8191 8191 8191 8191 4096 
1281 1331 4575 16383 1179 1291 1301 1245 1258 8191 4096 8191 8191 8191 8191 4096 
1330 1263 4571 16383 1178 1287 1301 1242 1258 1598 4096 8191 8191 8191 8191 4096 
1337 1212 4567 16383 1179 1287 1303 1244 8191 1352 4096 8191 8191 8191 8191 4096 
1325 1275 4570 16383 1175 1288 1300 1239 1257 1614 4096 8191 8191 8191 8191 4096 
1283 1245 4567 16383 1177 1288 1300 1243 1257 8191 4096 8191 8191 8191 8191 4096 
1311 1206 4566 16383 1178 1287 1299 1243 8191 1352 4096 8191 8191 8191 8191 4096 
1280 1236 4565 16383 1179 1287 1302 1243 1257 8191 4096 8191 8191 8191 8191 4096 
1339 1205 4567 16383 1179 1289 1302 1243 8191 1352 4096 8191 8191 8191 8191 4096 
1283 1245 4562 16383 1177 1287 1299 1241 1257 8191 4096 8191 8191 8191 8191 4096 
1346 1291 4563 16383 1178 1286 1299 1243 1258 1584 4096 8191 8191 8191 8191 4096 
1335 1204 4574 16383 1179 1287 1301 1242 8190 1352 8191 8190 8190 8190 8190 8191 
1371 1205 4562 16383 1179 1287 1301 1242 8191 1352 4096 8191 8191 8191 8191 4096 
1315 1204 4567 16383 1179 1289 1299 1243 8191 1352 4096 8191 8191 8191 8191 4096 
1324 1279 4571 16383 1178 1289 1302 1243 1257 1612 8191 8190 8190 8190 8191 4096 
1341 1207 4564 16383 1178 1289 1301 1241 8191 1353 4096 8191 8191 8191 8191 4096 
1284 1257 4565 16383 1179 1289 1300 1245 1257 8191 4096 8191 8191 8191 8191 4096 
1281 1238 4575 16383 1178 1288 1299 1243 1257 4096 4097 4096 4096 4096 4096 4097 
1281 1263 4575 16383 1179 1289 1301 1242 1257 4096 4097 4096 4096 4096 4096 4097 
1282 1237 4569 16383 1177 1286 1300 1242 1258 8191 4096 8191 8191 8191 8191 4096 
1339 1206 4567 16383 1179 1289 1301 1244 8191 1352 4096 8191 8191 8191 8191 4096 
1281 1243 4575 16383 1175 1287 1299 1241 1257 8191 4096 8191 8191 8191 8191 4096 
1333 1259 4565 16383 1179 1287 1301 1241 1257 1598 8191 8190 8190 8190 8190 8191 
1282 1247 4570 16383 1178 1287 1299 1245 1257 8189 8190 8189 8189 8189 8189 8190 
1285 1235 4565 16383 1179 1289 1302 1243 1258 8191 4096 8191 8191 8191 8191 4096 
1320 1207 4574 16383 1178 1287 1299 1243 8191 1352 4096 8191 8191 8191 8191 4096 
1280 1246 4571 16383 1179 1287 1301 1243 1257 8191 4096 8191 8191 8191 8191 4096 
1283 1285 4577 16383 1178 1289 1299 1241 1257 8191 4096 8191 8191 8191 8191 4096 
1282 1239 4565 16383 1179 1289 1301 1245 1258 8191 4096 8191 8191 8191 8191 4096 
1282 1251 4575 16383 1179 1289 1299 1243 1257 8191 4096 8191 8191 8191 8191 4096 
1284 1242 4573 16383 1180 1289 1303 1244 1257 8190 8191 8190 8190 8190 8190 8191 
1281 1255 4564 16383 1180 1289 1301 1244 1258 4096 4097 4096 4096 4096 4096 4097 
1285 1231 4571 16383 1177 1288 1300 1243 1258 8191 4096 8191 8191 8191 8191 4096 
1283 1246 4575 16383 1181 1288 1303 1243 1258 8190 8191 8190 8190 8190 8190 8191 
1315 1210 4565 16383 1178 1287 1301 1243 8191 1353 4096 8191 8191 8191 8191 4096 
1283 1240 4577 16383 1181 1290 1303 1246 1258 8190 8191 8190 8190 8190 8190 8191 
1283 1243 4575 16383 1179 1289 1299 1243 1257 8191 4096 8191 8191 8191 8191 4096 
1282 1245 4567 16383 1179 1287 1299 1243 1257 4096 4097 4096 4096 4096 4096 4097 
1317 1203 4576 16383 1179 1286 1300 1242 8191 1352 4096 8191 8191 8191 8191 4096 
1283 1247 4565 16383 1179 1287 1302 1245 1257 8191 4096 8191 8191 8191 8191 4096 
1370 1214 4563 16383 1179 1289 1302 1243 8191 1352 4096 8191 8191 8191 8191 4096 
1345 1207 4564 16383 1177 1285 1301 1241 8191 1353 4096 8191 8191 8191 8191 4096 
1283 1243 4569 16383 1177 1287 1299 1243 1256 4096 4097 4096 4096 4096 4096 4097 
1281 1247 4570 16383 1178 1287 1299 1243 1257 8191 4096 8191 8191 8191 8191 4096 
1281 1259 4570 16383 1179 1287 1299 1243 1258 8191 4096 8191 8191 8191 8191 4096 
1282 1257 4563 16383 1179 1288 1301 1243 1257 8191 4096 8191 8191 8191 8191 4096 
1329 1207 4564 16383 1179 1287 1300 1243 8191 1353 4096 8191 8191 8191 8191 4096 
1283 1252 4563 16383 1179 1290 1301 1244 1257 8191 4096 8191 8191 8191 8191 4096 
1280 1271 4565 16383 1178 1287 1300 1243 1257 8191 4096 8191 8191 8191 8191 4096 
1353 1294 4575 16383 1178 1289 1299 1243 1257 1593 4096 8191 8191 8191 8191 4096 
1284 1239 4565 16383 1179 1287 1301 1243 1258 8191 4096 8191 8191 8191 8191 4096 
1284 1278 4566 16383 1179 1289 1302 1245 1257 8191 4096 8191 8191 8191 8191 4096 
1282 1242 4567 16383 1181 1287 1303 1244 1257 8191 4096 8191 8191 8191 8191 4096 
1318 1206 4576 16383 1178 1289 1301 1243 8191 1352 4096 8191 8191 8191 8191 4096 
1375 1295 4563 16383 1178 1289 1303 1243 1257 1570 4096 8191 8191 8191 8191 4096 
1399 1295 4575 16383 1180 1290 1301 1243 1256 1566 8190 8189 8189 8189 8189 8190 
1281 1247 4567 16383 1178 1286 1299 1240 1257 8191 4096 8191 8191 8191 8191 4096 
1320 1270 4573 16383 1178 1287 1300 1242 1257 1614 4097 4096 4096 4096 4096 4097 
1375 1265 4575 16383 1179 1287 1300 1243 1258 1554 4096 8191 8191 8191 8191 4096 
1323 1203 4561 16383 1175 1285 1298 1243 8191 1352 4096 8191 8191 8191 8191 4096 
1282 1245 4564 16383 1177 1287 1299 1243 1257 4096 4097 4096 4096 4096 4096 4097 
1281 1244 4567 16383 1179 1287 1299 1243 1257 8190 8191 8190 8190 8190 8190 8191 
1317 1207 4565 16383 1179 1290 1301 1243 8191 1352 4096 8191 8191 8191 8191 4096 
1282 1242 4570 16383 1179 1287 1300 1243 1257 8191 4096 8191 8191 8191 8191 4096 
1326 1205 4574 16383 1177 1289 1301 1243 8190 1351 8191 8190 8190 8190 8190 8191 
1280 1277 4576 16383 1179 1287 1299 1242 1257 8190 8191 8190 8190 8190 8190 8191 
1279 1251 4566 16383 1178 1289 1299 1243 1258 8191 4096 8191 8191 8191 8191 4096 
1323 1203 4567 16383 1179 1287 1301 1242 8190 1352 8191 8190 8190 8190 8190 8191 
1280 1241 4565 16383 1179 1289 1301 1243 1257 8191 4096 8191 8191 8191 8191 4096 
1283 1229 4564 16383 1179 1290 1301 1243 1257 8190 8191 8190 8190 8190 8190 8191 
1282 1231 4562 16383 1175 1286 1298 1239 1258 8191 4096 8191 8191 8191 8191 4096 
1283 1229 4574 16383 1179 1289 1300 1243 1257 8191 4096 8191 8191 8191 8191 4096 
1281 1242 4566 16383 1178 1287 1299 1243 1258 8191 4096 8191 8191 8191 8191 4096 
1325 1206 4564 16383 1175 1288 1299 1241 8191 1352 4096 8191 8191 8191 8191 4096 
1333 1207 4578 16383 1181 1290 1303 1245 8191 1352 4096 8191 8191 8191 8191 4096 
1281 1239 4569 16383 1177 1287 1299 1243 1257 8190 8191 8190 8190 8190 8190 8191 
1282 1246 4579 16383 1175 1287 1299 1242 1257 8191 4096 8191 8191 8191 8191 4096 
1281 1219 4567 16383 1179 1290 1300 1245 1257 8191 4096 8191 8191 8191 8191 4096 
1283 1247 4576 16383 1179 1287 1301 1243 1258 8191 4096 8191 8191 8191 8191 4096 
1283 1340 4577 16383 1179 1287 1301 1243 1257 8191 4096 8191 8191 8191 8191 4096 
1282 1237 4570 16383 1177 1288 1301 1242 1258 8191 4096 8191 8191 8191 8191 4096 
1279 1237 4562 16383 1177 1287 1298 1241 1257 8191 4096 8191 8191 8191 8191 4096 
1281 1243 4574 16383 1179 1287 1299 1241 1257 8191 4096 8191 8191 8191 8191 4096 
1282 1235 4574 16383 1179 1288 1301 1243 1257 8190 8191 8190 8190 8190 8190 8191 
1281 1231 4573 16383 1179 1286 1299 1241 1257 8190 8191 8190 8190 8190 8190 8191 
1282 1234 4564 16383 1179 1287 1301 1244 1257 8191 4096 8191 8191 8191 8191 4096 
1283 1276 4569 16383 1177 1286 1299 1241 1257 8191 4096 8191 8191 8191 8191 4096 
1333 1255 4566 16383 1177 1287 1301 1241 1258 1574 4096 8191 8191 8191 8191 4096 
1281 1239 4567 16383 1178 1287 1300 1241 1258 8190 8191 8190 8190 8190 8190 8191 
1282 1233 4567 16383 1179 1287 1299 1242 1257 8191 4096 8191 8191 8191 8191 4096 
1340 1271 4575 16383 1181 1289 1299 1243 1258 1592 4096 8191 8191 8191 8191 4096 
1283 1253 4573 16383 1179 1287 1299 1245 1257 8191 4096 8191 8191 8191 8191 4096 
1282 1243 4573 16383 1179 1289 1302 1243 1258 8191 4096 8191 8191 8191 8191 4096 
1283 1243 4566 16383 1179 1289 1301 1245 1258 8191 4096 8191 8191 8191 8191 4096 
1297 1277 4574 16383 1179 1288 1302 1243 1258 8191 4096 8191 8191 8191 8191 4096 
1283 1242 4575 16383 1179 1289 1299 1242 1257 4096 4097 4096 4096 4096 4096 4097 
1285 1241 4569 16383 1179 1287 1299 1243 1257 8191 4096 8191 8191 8191 8191 4096 
1283 1271 4565 16383 1181 1287 1299 1243 1257 8191 4096 8191 8191 8191 8191 4096 
1283 1251 4575 16383 1178 1287 1301 1241 1258 8191 4096 8191 8191 8191 8191 4096 
1281 1234 4571 16383 1177 1287 1303 1243 1258 8191 4096 8191 8191 8191 8191 4096 
1312 1209 4574 16383 1178 1287 1299 1243 8191 1352 4096 8191 8191 8191 8191 4096 
1279 1275 4567 16383 1179 1287 1301 1242 1257 8191 4096 8191 8191 8191 8191 4096 
1284 1235 4570 16383 1178 1287 1300 1243 1258 8190 8191 8190 8190 8190 8190 8191 
1283 1238 4570 16383 1179 1289 1301 1241 1257 8191 4096 8191 8191 8191 8191 4096 
1285 1246 4570 16383 1179 1291 1302 1246 1257 8191 4096 8191 8191 8191 8191 4096 
1281 1242 4565 16383 1178 1289 1301 1241 1257 8191 4096 8191 8191 8191 8191 4096 
1282 1242 4566 16383 1179 1289 1302 1245 1257 8191 4096 8191 8191 8191 8191 4096 
1285 1280 4561 16383 1177 1287 1299 1241 1257 8191 4096 8191 8191 8191 8191 4096 
1282 1252 4575 16383 1175 1287 1299 1242 1258 8191 4096 8191 8191 8191 8191 4096 
1280 1237 4566 16383 1178 1285 1301 1241 1257 8191 4096 8191 8191 8191 8191 4096 
1339 1205 4567 16383 1177 1287 1301 1241 8191 1352 4096 8191 8191 8191 8191 4096 
1401 1263 4571 16383 1177 1287 1301 1242 1257 1554 4096 8191 8191 8191 8191 4096 
1316 1206 4571 16383 1179 1287 1301 1243 8191 1352 4096 8191 8191 8191 8191 4096 
1281 1235 4567 16383 1177 1287 1301 1239 1258 8191 4096 8191 8191 8191 8191 4096 
1281 1238 4569 16383 1181 1288 1301 1244 1257 8191 4096 8191 8191 8191 8191 4096 
1317 1205 4570 16383 1179 1287 1299 1243 4096 1353 4097 4096 4096 4096 4096 4097 
1279 1242 4573 16383 1177 1287 1300 1242 1257 8191 4096 8191 8191 8191 8191 4096 
1280 1255 4567 16383 1177 1287 1299 1242 1257 8191 4096 8191 8191 8191 8191 4096 
1283 1243 4571 16383 1179 1287 1299 1242 1257 8191 4096 8191 8191 8191 8191 4096 
1437 1204 4574 16383 1179 1287 1301 1243 4096 1352 4097 4096 4096 4096 4096 4097 
1327 1206 4565 16383 1178 1289 1300 1243 8191 1352 4096 8191 8191 8191 8191 4096 
1286 1234 4565 16383 1179 1289 1302 1245 1257 8190 8191 8190 8190 8190 8190 8191 
1284 1257 4577 16383 1178 1289 1300 1242 1257 8191 4096 8191 8191 8191 8191 4096 
1282 1233 4570 16383 1179 1287 1301 1242 1258 8191 4096 8191 8191 8191 8191 4096 
1366 1206 4572 16383 1179 1287 1298 1243 8190 1352 8191 8190 8190 8190 8190 8191 
1283 1237 4571 16383 1178 1289 1301 1242 1257 8191 4096 8191 8191 8191 8191 4096 
1283 1257 4575 16383 1178 1287 1301 1242 1257 8191 4096 8191 8191 8191 8191 4096 
1345 1287 4567 16383 1179 1290 1302 1245 1258 1597 4096 8191 8191 8191 8191 4096 
1282 1239 4563 16383 1177 1290 1299 1241 1258 8190 8191 8190 8190 8190 8190 8191 
1280 1231 4575 16383 1177 1286 1299 1242 1258 8190 8191 8190 8190 8190 8190 8191 
1283 1231 4566 16383 1179 1286 1298 1241 1257 8191 4096 8191 8191 8191 8191 4096 
1279 1283 4573 16383 1176 1286 1298 1242 1258 8191 4096 8191 8191 8191 8191 4096 
1342 1209 4571 16383 1179 1290 1301 1244 4096 1352 4097 4096 4096 4096 4096 4097 
1309 1207 4577 16383 1179 1289 1302 1244 8191 1352 4096 8191 8191 8191 8191 4096 
1321 1206 4573 16383 1179 1287 1299 1243 8191 1352 4096 8191 8191 8191 8191 4096 
1283 1257 4566 16383 1179 1287 1298 1244 1257 8191 4096 8191 8191 8191 8191 4096 
1413 1207 4567 16383 1179 1289 1302 1243 8191 1352 4096 8191 8191 8191 8191 4096 
1298 1282 4571 16383 1178 1287 1299 1241 1258 4096 4097 4096 4096 4096 4096 4097 
1282 1255 4578 16383 1179 1289 1299 1242 1257 8191 4096 8191 8191 8191 8191 4096 
1281 1236 4567 16383 1178 1287 1299 1239 1256 8190 8191 8190 8190 8190 8190 8191 
1285 1237 4577 16383 1181 1287 1300 1243 1257 4096 4097 4096 4096 4096 4096 4097 
1317 1205 4567 16383 1178 1287 1301 1243 1256 8186 8187 8186 8186 8186 8186 8187 
1280 1241 4571 16383 1177 1287 1299 1243 1258 8190 8191 8190 8190 8190 8190 8191 
1282 1239 4571 16383 1178 1290 1301 1243 1257 8191 4096 8191 8191 8191 8191 4096 
1279 1223 4567 16383 1178 1287 1298 1243 1258 8190 8191 8190 8190 8190 8190 8191 
1370 1361 4563 16383 1178 1289 1299 1244 1258 1594 4097 4096 4096 4096 4096 4097 
1322 1207 4571 16383 1179 1287 1301 1242 8191 1351 4096 8191 8191 8191 8191 4096 
1285 1245 4574 16383 1180 1289 1303 1245 1257 8191 4096 8191 8191 8191 8191 4096 
1281 1236 4578 16383 1178 1287 1301 1243 1257 8191 4096 8191 8191 8191 8191 4096 
1282 1245 4570 16383 1178 1289 1301 1243 1257 8191 4096 8191 8191 8191 8191 4096 
1284 1242 4577 16383 1179 1289 1303 1243 1257 8190 4096 8190 8191 8191 8191 4096 
1283 1233 4577 16383 1178 1287 1299 1243 1258 8190 8191 8190 8190 8190 8190 8191 
1279 1245 4565 16383 1179 1289 1299 1243 1257 8191 4096 8191 8191 8191 8191 4096 
1313 1207 4570 16383 1177 1287 1299 1242 8190 1352 8191 8190 8190 8190 8190 8191 
1283 1239 4573 16383 1178 1287 1301 1241 1257 8190 8191 8190 8190 8190 8190 8191 
1339 1205 4567 16383 1177 1287 1301 1243 8190 1352 8191 8190 8191 8190 8191 4096 
1282 1231 4575 16383 1177 1287 1299 1243 1258 8191 4096 8191 8191 8191 8191 4096 
1282 1239 4574 16383 1177 1287 1300 1243 1257 8191 4096 8191 8191 8191 8191 4096 
1283 1221 4572 16383 1179 1289 1301 1243 1257 8191 4096 8191 8191 8191 8191 4096 
1281 1233 4573 16383 1178 1289 1300 1243 1258 4096 4097 4096 4096 4096 4096 4097 
1334 1205 4563 16383 1179 1287 1301 1242 8190 1351 8191 8190 8190 8190 8190 8191 
1282 1279 4563 16383 1179 1287 1301 1243 1257 8191 4096 8191 8191 8191 8191 4096 
1325 1209 4566 16383 1179 1287 1301 1242 8191 1352 4096 8191 8191 8191 8191 4096 
1282 1239 4563 16383 1177 1287 1298 1239 1256 8191 4096 8191 8191 8191 8191 4096 
1355 1207 4574 16383 1180 1289 1303 1245 8191 1351 4096 8191 8191 8191 8191 4096 
1282 1239 4579 16383 1179 1287 1301 1243 1257 8191 4096 8191 8191 8191 8191 4096 
1280 1238 4568 16383 1179 1286 1299 1241 1257 8191 4096 8191 8191 8191 8191 4096 
1280 1245 4574 16383 1177 1286 1299 1241 1258 8191 4096 8191 8191 8191 8191 4096 
1281 1234 4573 16383 1177 1287 1299 1242 1258 8191 4096 8191 8191 8191 8191 4096 
1281 1243 4563 16383 1179 1289 1299 1241 1258 8191 4096 8191 8191 8191 8191 4096 
1285 1399 4573 16383 1181 1287 1300 1244 1257 8191 4096 8191 8191 8191 8191 4096 
1280 1231 4569 16383 1177 1287 1301 1242 1258 8191 4096 8191 8191 8191 8191 4096 
1281 1238 4567 16383 1178 1287 1300 1242 1258 8191 4096 8191 8191 8191 8191 4096 
1283 1306 4564 16383 1179 1288 1302 1244 1258 8191 4096 8191 8191 8191 8191 4096 
1283 1235 4573 16383 1178 1286 1299 1241 1257 8191 4096 8191 8191 8191 8191 4096 
1345 1281 4568 16383 1179 1289 1299 1243 1257 1580 4096 8191 8191 8191 8191 4096 
1378 1207 4571 16383 1179 1289 1303 1243 8191 1352 4096 8191 8191 8191 8191 4096 
1283 1259 4567 16383 1181 1289 1301 1243 1257 8191 4096 8191 8191 8191 8191 4096 
1335 1255 4577 16383 1178 1287 1301 1243 1257 1596 4096 8191 8191 8191 8191 4096 
1323 1205 4561 16383 1177 1287 1299 1243 8191 1352 4096 8191 8191 8191 8191 4096 
1287 1247 4574 16383 1179 1291 1303 1244 1256 8191 4096 8191 8191 8191 8191 4096 
1284 1235 4561 16383 1177 1287 1300 1242 1258 8191 4096 8191 8191 8191 8191 4096 
1281 1231 4569 16383 1178 1288 1299 1243 1257 4096 4097 4096 4096 4096 4096 4097 
1283 1238 4565 16383 1178 1287 1300 1243 1257 8191 4096 8191 8191 8191 8191 4096 
1283 1278 4565 16383 1179 1289 1298 1245 1258 8191 4096 8191 8191 8191 8191 4096 
1281 1239 4563 16383 1177 1286 1299 1239 1258 8191 4096 8191 8191 8191 8191 4096 
1285 1249 4578 16383 1180 1289 1301 1245 1257 8190 8191 8190 8191 8190 8191 4096 
1285 1237 4575 16383 1179 1290 1301 1245 1258 8191 4096 8191 8191 8191 8191 4096 
1280 1241 4571 16383 1177 1287 1299 1243 1257 4096 4097 4096 4096 4096 4096 4097 
1323 1205 4569 16383 1177 1286 1300 1242 8191 1352 4096 8191 8191 8191 8191 4096 
1297 1254 4571 16383 1177 1287 1299 1241 1257 8191 4096 8191 8191 8191 8191 4096 
1283 1249 4573 16383 1181 1290 1301 1245 1257 8191 4096 8191 8191 8191 8191 4096 
1282 1248 4575 16383 1178 1289 1299 1243 1257 8191 4096 8191 8191 8191 8191 4096 
1338 1216 4570 16383 1178 1290 1301 1242 8191 1352 4096 8191 8191 8191 8191 4096 
1281 1239 4563 16383 1180 1287 1301 1244 1257 8191 4096 8191 8191 8191 8191 4096 
1281 1239 4574 16383 1178 1287 1299 1241 1257 8190 8191 8190 8190 8190 8190 8191 
1280 1235 4565 16383 1177 1286 1299 1241 1258 8191 4096 8191 8191 8191 8191 4096 
1282 1242 4569 16383 1178 1287 1299 1241 1257 8190 8191 8190 8190 8190 8190 8191 
1282 1239 4574 16383 1178 1288 1301 1243 1257 8191 4096 8191 8191 8191 8191 4096 
1390 1279 4570 16383 1178 1289 1299 1242 1258 1569 4096 8191 8191 8191 8191 4096 
1283 1236 4565 16383 1178 1289 1300 1243 1257 8191 4096 8191 8191 8191 8191 4096 
1282 1240 4573 16383 1177 1287 1300 1242 1257 8191 4096 8191 8191 8191 8191 4096 
1286 1223 4572 16383 1179 1287 1299 1242 1258 8191 4096 8191 8191 8191 8191 4096 
1282 1239 4568 16383 1179 1291 1301 1243 1258 8190 8191 8190 8190 8190 8190 8191 
1281 1251 4571 16383 1175 1287 1299 1242 1257 4096 4097 4096 4096 4096 4096 4097 
1282 1237 4575 16383 1179 1287 1302 1243 1257 8191 4096 8191 8191 8191 8191 4096 
1285 1243 4559 16383 1179 1288 1301 1242 1257 8191 4096 8191 8191 8191 8191 4096 
1377 1205 4569 16383 1178 1285 1301 1242 8191 1352 4096 8191 8191 8191 8191 4096 
1332 1207 4573 16383 1179 1289 1302 1243 4096 1352 4097 4096 4096 4096 4096 4097 
1337 1261 4567 16383 1178 1289 1299 1242 1257 1575 4096 8191 8191 8191 8191 4096 
1281 1235 4565 16383 1177 1287 1300 1243 1258 8191 4096 8191 8191 8191 8191 4096 
1279 1295 4566 16383 1176 1287 1300 1243 1257 8191 4096 8191 8191 8191 8191 4096 
1280 1241 4563 16383 1178 1287 1298 1242 1258 8190 8191 8190 8190 8190 8190 8191 
1321 1205 4570 16383 1179 1287 1299 1243 4096 1352 4097 4096 4096 4096 4096 4097 
1355 1293 4563 16383 1177 1287 1299 1242 1257 1591 4096 8191 8191 8191 8191 4096 
1278 1271 4561 16383 1178 1286 1299 1241 1258 4096 4097 4096 4096 4096 4096 4097 
1323 1206 4571 16383 1179 1287 1299 1243 8191 1352 4096 8191 8191 8191 8191 4096 
1322 1207 4564 16383 1178 1287 1301 1243 8191 1352 4096 8191 8191 8191 8191 4096 
1283 1249 4564 16383 1177 1287 1300 1243 1257 4096 4097 4096 4096 4096 4096 4097 
1280 1233 4575 16383 1177 1287 1299 1241 1258 4096 4097 4096 4096 4096 4096 4097 
1285 1245 4567 16383 1179 1288 1301 1245 1257 8191 4096 8191 8191 8191 8191 4096 
1283 1263 4573 16383 1178 1287 1300 1243 1257 8191 4096 8191 8191 8191 8191 4096 
1280 1235 4570 16383 1179 1287 1301 1241 1257 8191 4096 8191 8191 8191 8191 4096 
1281 1230 4571 16383 1179 1287 1301 1244 1258 8190 8191 8190 8190 8190 8190 8191 
1282 1251 4573 16383 1178 1288 1299 1244 1258 8191 4096 8191 8191 8191 8191 4096 
1285 1231 4563 16383 1179 1290 1299 1243 1257 8191 4096 8191 8191 8191 8191 4096 
1369 1275 4562 16383 1179 1287 1298 1245 1257 1574 4096 8191 8191 8191 8191 4096 
1285 1267 4571 16383 1179 1287 1299 1243 1258 8190 8191 8190 8190 8190 8190 8191 
1385 1313 4563 16383 1179 1287 1299 1241 1257 1561 8191 8190 8190 8190 8190 8191 
1282 1231 4563 16383 1178 1289 1300 1243 1257 8191 4096 8191 8191 8191 8191 4096 
1315 1206 4567 16383 1178 1289 1299 1242 8191 1352 4096 8191 8191 8191 8191 4096 
1281 1226 4567 16383 1179 1286 1299 1243 1257 8191 4096 8191 8191 8191 8191 4096 
1280 1277 4573 16383 1177 1291 1301 1242 1257 8191 4096 8191 8191 8191 8191 4096 
1280 1243 4577 16383 1179 1288 1302 1243 1257 8190 8191 8190 8190 8190 8190 8191 
1510 1206 4571 16383 1179 1289 1302 1243 8191 1352 4096 8191 8191 8191 8191 4096 
1333 1266 4565 16383 1177 1289 1300 1243 1257 1586 4096 8191 8191 8191 8191 4096 
1322 1255 4577 16383 1177 1287 1299 1242 1257 1598 4096 8191 8191 8191 8191 4096 
1282 1267 4563 16383 1178 1287 1299 1243 1257 8191 4096 8191 8191 8191 8191 4096 
1278 1219 4565 16383 1177 1285 1297 1239 1257 8191 4096 8191 8191 8191 8191 4096 
1323 1259 4563 16383 1177 1288 1299 1242 1257 1622 4096 8191 8191 8191 8191 4096 
1282 1246 4579 16383 1178 1287 1302 1243 1257 8191 4096 8191 8191 8191 8191 4096 
1338 1207 4574 16383 1179 1289 1301 1245 8191 1352 4096 8191 8191 8191 8191 4096 
1281 1270 4565 16383 1179 1289 1301 1243 1258 4096 4097 4096 4096 4096 4096 4097 
1283 1238 4571 16383 1179 1287 1301 1241 1257 8191 4096 8191 8191 8191 8191 4096 
1282 1258 4575 16383 1178 1287 1299 1243 1257 8191 4096 8191 8191 8191 8191 4096 
1281 1295 4569 16383 1177 1287 1299 1243 1258 8191 4096 8191 8191 8191 8191 4096 
1285 1249 4573 16383 1178 1289 1301 1243 1258 8191 4096 8191 8191 8191 8191 4096 
1337 1263 4565 16383 1179 1287 1301 1242 1256 1579 4096 8191 8191 8191 8191 4096 
1284 1239 4567 16383 1179 1287 1303 1244 1258 8191 4096 8191 8191 8191 8191 4096 
1282 1241 4564 16383 1177 1287 1301 1244 1257 8191 4096 8191 8191 8191 8191 4096 
1282 1239 4570 16383 1178 1287 1299 1243 1258 8190 8191 8190 8190 8190 8190 8191 
1336 1287 4571 16383 1178 1287 1300 1243 1257 1594 4096 8191 8191 8191 8191 4096 
1338 1207 4567 16383 1182 1289 1301 1245 8191 1352 4096 8191 8191 8191 8191 4096 
1282 1259 4575 16383 1179 1289 1300 1245 1258 8191 4096 8191 8191 8191 8191 4096 
1281 1234 4574 16383 1179 1289 1303 1244 1257 8191 4096 8191 8191 8191 8191 4096 
1282 1235 4571 16383 1179 1288 1301 1243 1258 8191 4096 8191 8191 8191 8191 4096 
1343 1275 4566 16383 1180 1289 1303 1245 1257 1591 4096 8191 8191 8191 8191 4096 
1328 1255 4572 16383 1179 1289 1301 1242 1258 1603 4096 8191 8191 8191 8191 4096 
1335 1210 4577 16383 1179 1290 1301 1242 4096 1352 4097 4096 4096 4096 4096 4097 
1282 1231 4563 16383 1177 1287 1299 1243 1257 8191 4096 8191 8191 8191 8191 4096 
1281 1245 4567 16383 1177 1287 1298 1240 1256 8190 8191 8190 8190 8190 8190 8191 
1281 1235 4571 16383 1177 1287 1298 1243 1258 8191 4096 8191 8191 8191 8191 4096 
1282 1239 4575 16383 1179 1287 1301 1243 1257 8191 4096 8191 8191 8191 8191 4096 
1281 1237 4575 16383 1179 1287 1300 1243 1258 8191 4096 8191 8191 8191 8191 4096 
1285 1253 4577 16383 1179 1287 1299 1242 1257 8191 4096 8191 8191 8191 8191 4096 
1282 1248 4579 16383 1179 1289 1300 1243 1257 8191 4096 8191 8191 8191 8191 4096 
