1350 1302 5445 16383 1179 1287 1299 1245 0 417 8185 8184 8184 8184 8184 8185 
1373 1367 5435 16383 1177 1286 1300 1243 55 418 8184 8183 8183 8183 8183 8184 
1375 1362 5438 16383 1175 1285 1299 1243 0 419 8185 8184 8184 8184 8184 8185 
1380 1321 5445 16383 1175 1285 1298 1242 0 417 8186 8185 8185 8185 8185 8186 
1297 1229 5439 16383 1177 1284 1297 1242 272 417 8185 8184 8184 8184 8184 8185 
1361 1261 5444 16383 1177 1287 1299 1244 12 417 8186 8185 8185 8185 8185 8186 
1315 1334 5433 16383 1177 1287 1299 1243 0 417 8186 8185 8185 8185 8185 8186 
1386 1339 5423 16383 1175 1286 1298 1242 0 417 8186 8185 8185 8185 8185 8186 
1309 1365 5420 16383 1176 1285 1297 1241 0 417 8187 8186 8186 8186 8186 8187 
1363 1454 5429 16383 1176 1284 1295 1241 12 417 8186 8185 8185 8185 8185 8186 
1401 1359 5429 16383 1177 1286 1298 1243 0 418 8186 8185 8185 8185 8185 8186 
1352 1329 5421 16383 1175 1284 1298 1243 0 419 8187 8186 8186 8186 8186 8187 
1404 1346 5417 16383 1175 1286 1299 1243 0 417 8186 8185 8185 8185 8185 8186 
1387 1381 5411 16383 1175 1286 1299 1243 0 419 8186 8185 8185 8185 8185 8186 
1381 1276 5415 16383 1177 1287 1299 1244 18 418 8186 8185 8185 8185 8185 8186 
1385 1285 5426 16383 1177 1287 1301 1245 50 416 8187 8186 8186 8186 8186 8187 
1360 1275 5414 16383 1175 1285 1299 1242 17 417 8185 8184 8184 8184 8184 8185 
1367 1291 5419 16383 1174 1286 1299 1243 28 418 8186 8185 8185 8185 8185 8186 
1372 1355 5421 16383 1178 1287 1300 1245 0 418 8186 8185 8185 8185 8185 8186 
1378 1291 5417 16383 1177 1285 1299 1242 0 417 8185 8184 8184 8184 8184 8185 
1365 1367 5415 16383 1175 1284 1299 1241 0 418 8186 8185 8185 8185 8185 8186 
1386 1295 5415 16383 1175 1286 1298 1243 0 417 8186 8185 8185 8185 8185 8186 
1353 1307 5412 16383 1178 1286 1298 1243 55 417 8186 8185 8185 8185 8185 8186 
1367 1363 5417 16383 1177 1285 1299 1243 0 419 8185 8184 8184 8184 8184 8185 
1436 1349 5412 16383 1177 1287 1302 1245 0 417 8186 8185 8185 8185 8185 8186 
1367 1385 5421 16383 1176 1287 1299 1245 0 419 8186 8185 8185 8185 8185 8186 
1395 1338 5414 16383 1175 1286 1299 1245 0 417 8185 8184 8184 8184 8184 8185 
1347 1382 5422 16383 1179 1286 1300 1245 0 417 8186 8185 8185 8185 8185 8186 
1370 1413 5413 16383 1175 1286 1298 1243 0 419 8186 8185 8185 8185 8185 8186 
1427 1347 5427 16383 1177 1284 1300 1242 0 417 8185 8184 8184 8184 8184 8185 
1383 1322 5415 16383 1175 1283 1297 1241 47 417 8186 8185 8185 8185 8185 8186 
1363 1324 5413 16383 1175 1285 1299 1243 0 417 8186 8185 8185 8185 8185 8186 
1384 1353 5415 16383 1177 1285 1299 1243 0 418 8186 8185 8185 8185 8185 8186 
1361 1295 5413 16383 1175 1285 1299 1243 0 417 8185 8184 8184 8184 8184 8185 
1302 1470 5419 16383 1175 1285 1298 1242 0 419 8186 8185 8185 8185 8185 8186 
1380 1276 5417 16383 1179 1287 1301 1245 19 418 8186 8185 8185 8185 8185 8186 
1366 1373 5419 16383 1174 1284 1299 1241 0 419 8186 8185 8185 8185 8185 8186 
1379 1277 5419 16383 1175 1283 1299 1242 0 417 8185 8184 8184 8184 8184 8185 
1429 2029 5421 16383 1175 1286 1299 1242 23 418 8186 8185 8185 8185 8185 8186 
1397 1275 5412 16383 1177 1286 1299 1245 21 418 8186 8185 8185 8185 8185 8186 
1359 1443 5411 16383 1177 1284 1299 1244 0 417 8186 8185 8185 8185 8185 8186 
1361 1355 5411 16383 1177 1285 1297 1239 0 418 8186 8185 8185 8185 8185 8186 
1378 1361 5411 16383 1176 1285 1299 1242 0 417 8186 8185 8185 8185 8185 8186 
1365 1343 5427 16383 1177 1287 1299 1243 0 417 8185 8184 8184 8184 8184 8185 
1331 1386 5418 16383 1175 1284 1295 1241 0 417 8186 8185 8185 8185 8185 8186 
1376 1330 5423 16383 1177 1287 1299 1243 0 419 8186 8185 8185 8185 8185 8186 
1373 1300 5415 16383 1175 1283 1299 1242 0 417 8185 8184 8184 8184 8184 8185 
1369 1275 5412 16383 1177 1284 1299 1244 29 418 8185 8184 8184 8184 8184 8185 
1367 1291 5421 16383 1177 1287 1299 1243 34 418 8186 8185 8185 8185 8185 8186 
1364 1364 5423 16383 1175 1283 1298 1241 0 418 8186 8185 8185 8185 8185 8186 
1367 1347 5413 16383 1175 1284 1298 1243 0 419 8185 8184 8184 8184 8184 8185 
1379 1373 5425 16383 1177 1285 1299 1243 0 418 8186 8185 8185 8185 8185 8186 
1376 1270 5418 16383 1178 1286 1299 1243 13 417 8185 8184 8184 8184 8184 8185 
1307 1506 5419 16383 1175 1285 1299 1243 0 419 8186 8185 8185 8185 8185 8186 
1369 1367 5417 16383 1175 1287 1299 1243 0 418 8186 8185 8185 8185 8185 8186 
1401 1423 5423 16383 1176 1285 1299 1243 0 417 8186 8185 8185 8185 8185 8186 
1390 1331 5423 16383 1179 1287 1302 1244 0 417 8186 8185 8185 8185 8185 8186 
1369 1327 5417 16383 1177 1286 1301 1243 0 417 8186 8185 8185 8185 8185 8186 
1318 1367 5427 16383 1177 1285 1301 1244 0 417 8186 8185 8185 8185 8185 8186 
1389 1263 5427 16383 1177 1286 1301 1243 0 418 8186 8185 8185 8185 8185 8186 
1470 1345 5430 16383 1177 1285 1298 1243 0 417 8186 8185 8185 8185 8185 8186 
1326 1287 5423 16383 1175 1286 1299 1243 0 419 8186 8185 8185 8185 8185 8186 
1359 1471 5419 16383 1175 1284 1297 1240 0 418 8186 8185 8185 8185 8185 8186 
1361 1351 5429 16383 1175 1283 1298 1241 0 418 8184 8183 8183 8183 8183 8184 
1387 1355 5425 16383 1177 1284 1298 1242 0 417 8185 8184 8184 8184 8184 8185 
1334 1345 5422 16383 1175 1285 1299 1242 14 417 8186 8185 8185 8185 8185 8186 
1337 1359 5429 16383 1177 1286 1301 1243 14 417 8185 8184 8184 8184 8184 8185 
1327 1355 5417 16383 1177 1285 1299 1243 14 417 8185 8184 8184 8184 8184 8185 
1378 1382 5421 16383 1177 1285 1299 1242 0 418 8185 8184 8184 8184 8184 8185 
1355 1341 5431 16383 1175 1286 1299 1242 0 419 8185 8184 8184 8184 8184 8185 
1409 1307 5423 16383 1177 1287 1300 1245 42 418 8186 8185 8185 8185 8185 8186 
1372 1293 5421 16383 1174 1284 1298 1241 48 417 8185 8184 8184 8184 8184 8185 
1407 1445 5429 16383 1177 1287 1299 1242 0 417 8186 8185 8185 8185 8185 8186 
1373 1354 5433 16383 1177 1283 1300 1243 0 419 8185 8184 8184 8184 8184 8185 
1383 1375 5421 16383 1174 1285 1297 1239 0 418 8185 8184 8184 8184 8184 8185 
1313 1359 5431 16383 1175 1286 1299 1243 0 417 8185 8184 8184 8184 8184 8185 
1371 1342 5437 16383 1175 1285 1298 1243 0 417 8186 8185 8185 8185 8185 8186 
1387 1330 5431 16383 1175 1285 1298 1242 0 417 8185 8184 8184 8184 8184 8185 
1388 1408 5434 16383 1177 1286 1298 1243 0 418 8185 8184 8184 8184 8184 8185 
1513 1325 5423 16383 1178 1286 1299 1245 0 417 8186 8185 8185 8185 8185 8186 
1327 1366 5431 16383 1175 1285 1298 1242 0 418 8186 8185 8185 8185 8185 8186 
1377 1345 5417 16383 1175 1282 1295 1241 0 418 8186 8185 8185 8185 8185 8186 
1359 1330 5429 16383 1175 1285 1297 1243 0 419 8186 8185 8185 8185 8185 8186 
1351 1270 5434 16383 1174 1285 1299 1243 18 418 8185 8184 8184 8184 8184 8185 
1389 1395 5421 16383 1175 1286 1300 1244 0 418 8186 8185 8185 8185 8185 8186 
1383 1344 5425 16383 1177 1285 1299 1242 52 416 8185 8184 8184 8184 8184 8185 
1366 1293 5419 16383 1177 1285 1298 1241 40 418 8186 8185 8185 8185 8185 8186 
1378 1342 5421 16383 1178 1288 1301 1245 0 417 8186 8185 8185 8185 8185 8186 
1367 1419 5430 16383 1177 1283 1299 1243 0 418 8186 8185 8185 8185 8185 8186 
1815 1377 5422 16383 1178 1289 1300 1243 0 418 8186 8185 8185 8185 8185 8186 
1419 1435 5426 16383 1177 1286 1301 1244 0 419 8185 8184 8184 8184 8184 8185 
1280 1099 5435 16383 1178 1285 1302 1245 218 417 8186 8185 8185 8185 8185 8186 
1383 1394 5431 16383 1174 1282 1299 1243 0 419 8186 8185 8185 8185 8185 8186 
1371 1431 5435 16383 1177 1287 1299 1243 13 417 8185 8184 8184 8184 8184 8185 
1314 1101 5440 16383 1175 1285 1299 1242 16 417 8186 8185 8185 8185 8185 8186 
1399 1379 5437 16383 1175 1287 1299 1244 0 418 8186 8185 8185 8185 8185 8186 
1410 1350 5437 16383 1177 1286 1301 1243 0 417 8186 8185 8185 8185 8185 8186 
1350 1354 5431 16383 1178 1282 1298 1243 13 417 8185 8184 8184 8184 8184 8185 
1375 1374 5435 16383 1175 1285 1299 1242 0 418 8184 8183 8183 8183 8183 8184 
1392 1399 5428 16383 1175 1286 1298 1242 0 419 8185 8184 8184 8184 8184 8185 
1422 1274 5433 16383 1175 1285 1299 1241 26 419 8185 8184 8184 8184 8184 8185 
1439 1371 5440 16383 1177 1286 1301 1245 0 417 8185 8184 8184 8184 8184 8185 
1370 1293 5429 16383 1177 1287 1298 1245 36 419 8185 8184 8184 8184 8184 8185 
1375 1267 5420 16383 1175 1285 1295 1242 17 417 8186 8185 8185 8185 8185 8186 
1312 1287 5437 16383 1177 1285 1299 1243 0 419 8186 8185 8185 8185 8185 8186 
1365 1373 5423 16383 1175 1285 1297 1243 0 419 8185 8184 8184 8184 8184 8185 
1401 1375 5423 16383 1175 1285 1299 1241 0 418 8186 8185 8185 8185 8185 8186 
1363 1371 5429 16383 1177 1287 1300 1244 0 418 8185 8184 8184 8184 8184 8185 
1379 1298 5434 16383 1177 1287 1301 1245 33 419 8185 8184 8184 8184 8184 8185 
1332 1337 5431 16383 1175 1285 1299 1243 0 418 8186 8185 8185 8185 8185 8186 
1385 1334 5428 16383 1176 1285 1298 1241 0 417 8185 8184 8184 8184 8184 8185 
1394 1421 5431 16383 1177 1287 1301 1243 0 418 8185 8184 8184 8184 8184 8185 
1350 1330 5434 16383 1177 1286 1299 1242 66 418 8186 8185 8185 8185 8185 8186 
1391 1291 5424 16383 1175 1285 1298 1243 17 418 8185 8184 8184 8184 8184 8185 
1363 1327 5435 16383 1179 1289 1300 1245 0 417 8186 8185 8185 8185 8185 8186 
1398 1335 5437 16383 1177 1284 1298 1243 0 417 8185 8184 8184 8184 8184 8185 
1369 1434 5427 16383 1175 1287 1299 1242 0 419 8186 8185 8185 8185 8185 8186 
1311 1346 5437 16383 1175 1283 1299 1241 0 418 8185 8184 8184 8184 8184 8185 
1285 1215 5435 16383 1179 1289 1301 1243 316 417 8185 8184 8184 8184 8184 8185 
1357 1303 5433 16383 1175 1285 1299 1242 39 418 8185 8184 8184 8184 8184 8185 
1352 1339 5435 16383 1175 1284 1298 1243 0 419 8186 8185 8185 8185 8185 8186 
1315 1362 5438 16383 1178 1288 1303 1246 0 417 8185 8184 8184 8184 8184 8185 
1385 1332 5430 16383 1175 1287 1300 1244 0 418 8185 8184 8184 8184 8184 8185 
1359 1396 5443 16383 1177 1285 1301 1243 0 419 8186 8185 8185 8185 8185 8186 
1402 1340 5434 16383 1175 1287 1299 1243 0 417 8185 8184 8184 8184 8184 8185 
1375 1373 5441 16383 1175 1285 1299 1243 0 419 8184 8183 8183 8183 8183 8184 
1406 1435 5430 16383 1175 1285 1297 1241 0 419 8185 8184 8184 8184 8184 8185 
1440 1445 5431 16383 1175 1286 1299 1245 0 418 8186 8185 8185 8185 8185 8186 
1378 1340 5433 16383 1175 1285 1298 1243 0 419 8186 8185 8185 8185 8185 8186 
1319 1365 5439 16383 1175 1285 1299 1243 0 418 8184 8183 8183 8183 8183 8184 
1363 1354 5445 16383 1177 1287 1299 1241 0 418 8185 8184 8184 8184 8184 8185 
1311 1347 5444 16383 1178 1286 1300 1243 0 418 8186 8185 8185 8185 8185 8186 
1371 1339 5441 16383 1175 1285 1299 1241 0 418 8185 8184 8184 8184 8184 8185 
1369 1365 5437 16383 1175 1287 1298 1241 0 418 8185 8184 8184 8184 8184 8185 
1404 1345 5450 16383 1175 1285 1299 1243 0 417 8185 8184 8184 8184 8184 8185 
1343 1371 5437 16383 1175 1283 1297 1239 0 418 8185 8184 8184 8184 8184 8185 
1392 1335 5442 16383 1175 1285 1298 1241 0 419 8186 8185 8185 8185 8185 8186 
1385 1340 5447 16383 1175 1285 1299 1242 0 418 8186 8185 8185 8185 8185 8186 
1301 1157 5471 16383 1181 1287 1303 1248 318 417 8185 8184 8184 8184 8184 8185 
1392 1319 5447 16383 1175 1285 1299 1243 0 418 8185 8184 8184 8184 8184 8185 
1367 1267 5447 16383 1175 1285 1299 1241 17 418 8185 8184 8184 8184 8184 8185 
1483 1279 5447 16383 1177 1286 1299 1243 0 419 8185 8184 8184 8184 8184 8185 
1363 1349 5449 16383 1175 1287 1299 1245 0 419 8186 8185 8185 8185 8185 8186 
1363 1357 5440 16383 1179 1287 1299 1245 0 419 8186 8185 8185 8185 8185 8186 
1409 1690 5444 16383 1173 1284 1298 1242 17 418 8184 8183 8183 8183 8183 8184 
1388 1334 5439 16383 1175 1283 1299 1243 0 418 8185 8184 8184 8184 8184 8185 
1362 1343 5444 16383 1177 1289 1301 1247 0 419 8185 8184 8184 8184 8184 8185 
1371 1511 5451 16383 1175 1287 1298 1242 13 418 8185 8184 8184 8184 8184 8185 
1369 1281 5440 16383 1176 1287 1299 1243 27 419 8185 8184 8184 8184 8184 8185 
1350 1325 5442 16383 1175 1285 1301 1243 0 418 8185 8184 8184 8184 8184 8185 
1367 1322 5447 16383 1178 1285 1299 1242 48 417 8185 8184 8184 8184 8184 8185 
1301 1344 5441 16383 1175 1284 1295 1241 0 418 8185 8184 8184 8184 8184 8185 
1309 1372 5439 16383 1173 1283 1297 1239 0 418 8185 8184 8184 8184 8184 8185 
1567 1867 5450 16383 1176 1285 1299 1245 0 418 8185 8184 8184 8184 8184 8185 
1426 1339 5440 16383 1177 1285 1300 1244 0 418 8185 8184 8184 8184 8184 8185 
1376 1388 5437 16383 1175 1285 1299 1241 0 418 8185 8184 8184 8184 8184 8185 
1335 1345 5439 16383 1175 1285 1298 1241 0 418 8185 8184 8184 8184 8184 8185 
1378 1387 5451 16383 1177 1285 1299 1243 0 419 8185 8184 8184 8184 8184 8185 
1351 1274 5446 16383 1174 1285 1295 1239 30 419 8185 8184 8184 8184 8184 8185 
1413 1344 5450 16383 1175 1285 1299 1243 0 417 8185 8184 8184 8184 8184 8185 
1365 1378 5447 16383 1175 1285 1298 1242 0 419 8185 8184 8184 8184 8184 8185 
1382 1351 5447 16383 1175 1285 1297 1242 0 418 8185 8184 8184 8184 8184 8185 
1385 1357 5445 16383 1178 1287 1302 1245 0 418 8185 8184 8184 8184 8184 8185 
1355 1327 5443 16383 1175 1285 1298 1243 0 419 8185 8184 8184 8184 8184 8185 
1341 1494 5455 16383 1175 1285 1299 1242 19 418 8185 8184 8184 8184 8184 8185 
1370 1344 5450 16383 1175 1286 1299 1243 0 419 8185 8184 8184 8184 8184 8185 
1389 1380 5443 16383 1178 1285 1299 1243 0 418 8185 8184 8184 8184 8184 8185 
1374 1358 5450 16383 1175 1283 1297 1242 0 418 8185 8184 8184 8184 8184 8185 
1403 1366 5444 16383 1175 1283 1299 1242 0 418 8185 8184 8184 8184 8184 8185 
1358 1334 5449 16383 1174 1285 1300 1242 0 419 8184 8183 8183 8183 8183 8184 
1377 1334 5450 16383 1178 1286 1299 1241 0 417 8185 8184 8184 8184 8184 8185 
1358 1391 5453 16383 1174 1283 1298 1239 0 419 8185 8184 8184 8184 8184 8185 
1314 1499 5447 16383 1175 1286 1297 1242 0 418 8185 8184 8184 8184 8184 8185 
1381 1414 5445 16383 1175 1285 1299 1242 0 419 8186 8185 8185 8185 8185 8186 
1367 1293 5445 16383 1175 1284 1298 1242 26 419 8184 8183 8183 8183 8183 8184 
1389 1357 5447 16383 1177 1285 1299 1245 0 417 8186 8185 8185 8185 8185 8186 
1325 1280 5443 16383 1175 1286 1301 1241 72 418 8185 8184 8184 8184 8184 8185 
1336 1366 5446 16383 1175 1286 1297 1241 0 418 8185 8184 8184 8184 8184 8185 
1362 1346 5447 16383 1177 1286 1299 1242 0 419 8184 8183 8183 8183 8183 8184 
1439 1319 5449 16383 1178 1287 1299 1243 0 418 8185 8184 8184 8184 8184 8185 
1343 1374 5449 16383 1177 1286 1299 1243 12 418 8185 8184 8184 8184 8184 8185 
1325 1267 5446 16383 1177 1285 1299 1241 0 418 8185 8184 8184 8184 8184 8185 
1312 1330 5451 16383 1175 1284 1299 1241 0 418 8185 8184 8184 8184 8184 8185 
1349 1274 5440 16383 1177 1285 1299 1243 15 417 8185 8184 8184 8184 8184 8185 
1378 1460 5439 16383 1175 1285 1300 1242 0 419 8185 8184 8184 8184 8184 8185 
1391 1331 5447 16383 1175 1283 1298 1241 0 419 8184 8183 8183 8183 8183 8184 
1366 1351 5443 16383 1177 1285 1299 1242 0 419 8186 8185 8185 8185 8185 8186 
1441 1415 5442 16383 1178 1285 1299 1243 0 419 8185 8184 8184 8184 8184 8185 
1367 1303 5441 16383 1177 1286 1299 1243 53 417 8184 8183 8183 8183 8183 8184 
1367 1337 5441 16383 1175 1284 1299 1243 0 418 8185 8184 8184 8184 8184 8185 
1365 1345 5439 16383 1177 1284 1298 1242 0 419 8184 8183 8183 8183 8183 8184 
1415 1338 5437 16383 1175 1285 1299 1241 0 419 8185 8184 8184 8184 8184 8185 
1390 1393 5453 16383 1175 1286 1299 1243 0 418 8185 8184 8184 8184 8184 8185 
1387 1379 5451 16383 1177 1287 1299 1244 0 418 8185 8184 8184 8184 8184 8185 
1413 1391 5452 16383 1179 1287 1301 1243 0 418 8185 8184 8184 8184 8184 8185 
1381 1352 5447 16383 1177 1286 1299 1243 0 418 8185 8184 8184 8184 8184 8185 
1367 1342 5451 16383 1175 1285 1299 1243 0 418 8185 8184 8184 8184 8184 8185 
1371 1327 5441 16383 1177 1285 1300 1241 0 418 8186 8185 8185 8185 8185 8186 
1363 1386 5442 16383 1175 1285 1297 1241 0 418 8186 8185 8185 8185 8185 8186 
1379 1357 5451 16383 1178 1289 1300 1245 0 419 8185 8184 8184 8184 8184 8185 
1303 1273 5447 16383 1177 1286 1299 1243 18 418 8185 8184 8184 8184 8184 8185 
1411 1339 5441 16383 1177 1286 1298 1244 0 418 8184 8183 8183 8183 8183 8184 
1363 1359 5449 16383 1176 1285 1300 1243 0 420 8185 8184 8184 8184 8184 8185 
1368 1326 5443 16383 1175 1283 1295 1239 0 417 8185 8184 8184 8184 8184 8185 
1400 1359 5447 16383 1175 1284 1299 1242 0 417 8185 8184 8184 8184 8184 8185 
1366 1361 5445 16383 1175 1285 1299 1245 0 418 8184 8183 8183 8183 8183 8184 
1360 1402 5445 16383 1175 1285 1298 1241 0 418 8185 8184 8184 8184 8184 8185 
1381 1268 5455 16383 1177 1285 1299 1243 13 417 8185 8184 8184 8184 8184 8185 
1374 1330 5445 16383 1177 1285 1298 1241 48 417 8186 8185 8185 8185 8185 8186 
1383 1359 5445 16383 1175 1285 1299 1243 0 418 8185 8184 8184 8184 8184 8185 
1370 1359 5453 16383 1177 1285 1301 1243 0 419 8186 8185 8185 8185 8185 8186 
1315 1431 5445 16383 1175 1285 1299 1242 0 417 8185 8184 8184 8184 8184 8185 
1438 1337 5458 16383 1174 1285 1299 1243 0 417 8185 8184 8184 8184 8184 8185 
1397 1342 5446 16383 1175 1283 1297 1241 0 418 8185 8184 8184 8184 8184 8185 
1375 1577 5460 16383 1175 1285 1298 1243 16 418 8185 8184 8184 8184 8184 8185 
1281 1135 5442 16383 1175 1283 1298 1241 243 420 8185 8184 8184 8184 8184 8185 
1408 1345 5447 16383 1175 1287 1299 1245 217 416 8172 8171 8172 8172 8171 8172 
1397 1352 5458 16383 1175 1285 1298 1243 39 418 8186 8185 8185 8185 8185 8186 
1371 1365 5446 16383 1175 1286 1299 1243 0 419 8184 8183 8183 8183 8183 8184 
1378 1365 5443 16383 1178 1285 1299 1243 0 419 8185 8184 8184 8184 8184 8185 
1393 1342 5448 16383 1175 1285 1299 1243 0 418 8184 8183 8183 8183 8183 8184 
1319 1366 5457 16383 1177 1287 1300 1243 0 418 8185 8184 8184 8184 8184 8185 
1376 1349 5445 16383 1175 1286 1299 1243 0 418 8186 8185 8185 8185 8185 8186 
1362 1349 5458 16383 1177 1285 1301 1242 0 418 8185 8184 8184 8184 8184 8185 
1369 1335 5449 16383 1177 1284 1295 1241 0 418 8185 8184 8184 8184 8184 8185 
1394 1330 5453 16383 1175 1285 1299 1243 0 418 8185 8184 8184 8184 8184 8185 
1365 1345 5461 16383 1177 1286 1300 1245 0 419 8185 8184 8184 8184 8184 8185 
1374 1379 5461 16383 1174 1283 1300 1243 0 418 8184 8183 8183 8183 8183 8184 
1402 1388 5452 16383 1176 1287 1301 1244 0 419 8185 8184 8184 8184 8184 8185 
1426 1365 5447 16383 1175 1285 1298 1241 0 418 8185 8184 8184 8184 8184 8185 
1375 1344 5457 16383 1177 1287 1301 1242 0 418 8185 8184 8184 8184 8184 8185 
1765 2267 5445 16383 1175 1283 1295 1241 0 418 8185 8184 8184 8184 8184 8185 
1339 1427 5455 16383 1177 1285 1299 1242 0 418 8186 8185 8185 8185 8185 8186 
1379 1369 5444 16383 1177 1285 1299 1243 0 419 8185 8184 8184 8184 8184 8185 
1362 1265 5446 16383 1175 1286 1301 1242 14 417 8184 8183 8183 8183 8183 8184 
1359 1364 5453 16383 1175 1285 1298 1242 0 420 8185 8184 8184 8184 8184 8185 
1435 1389 5451 16383 1175 1283 1298 1242 0 418 8185 8184 8184 8184 8184 8185 
1353 1343 5458 16383 1177 1285 1298 1245 0 419 8186 8185 8185 8185 8185 8186 
1361 1339 5449 16383 1176 1286 1300 1243 0 419 8185 8184 8184 8184 8184 8185 
1365 1377 5458 16383 1175 1283 1297 1242 0 419 8186 8185 8185 8185 8185 8186 
1379 1364 5452 16383 1177 1285 1299 1241 0 419 8185 8184 8184 8184 8184 8185 
1465 1357 5455 16383 1174 1285 1299 1243 47 417 8184 8183 8183 8183 8183 8184 
1396 1346 5451 16383 1177 1285 1295 1242 0 418 8185 8184 8184 8184 8184 8185 
1376 1348 5447 16383 1175 1287 1300 1243 0 417 8185 8184 8184 8184 8184 8185 
1385 1383 5447 16383 1179 1287 1302 1246 0 419 8184 8183 8183 8183 8183 8184 
1356 1490 5462 16383 1177 1285 1299 1243 78 418 8185 8184 8184 8184 8184 8185 
1353 1381 5449 16383 1178 1287 1299 1243 13 417 8185 8184 8184 8184 8184 8185 
1352 1357 5453 16383 1175 1287 1299 1241 0 419 8185 8184 8184 8184 8184 8185 
1365 1341 5449 16383 1175 1283 1298 1243 0 418 8185 8184 8184 8184 8184 8185 
1361 1343 5447 16383 1177 1285 1299 1242 0 419 8186 8185 8185 8185 8185 8186 
1374 1362 5463 16383 1178 1285 1299 1244 0 417 8185 8184 8184 8184 8184 8185 
1403 1343 5455 16383 1175 1285 1299 1243 0 417 8185 8184 8184 8184 8184 8185 
1382 1383 5449 16383 1175 1286 1300 1242 0 420 8184 8183 8183 8183 8183 8184 
1374 1362 5447 16383 1175 1286 1299 1243 0 418 8185 8184 8184 8184 8184 8185 
1356 1345 5447 16383 1175 1283 1295 1239 0 419 8185 8184 8184 8184 8184 8185 
1404 1387 5449 16383 1175 1286 1301 1243 0 419 8185 8184 8184 8184 8184 8185 
1359 1423 5459 16383 1175 1287 1299 1242 13 418 8185 8184 8184 8184 8184 8185 
1372 1341 5457 16383 1175 1285 1298 1242 0 419 8184 8183 8183 8183 8183 8184 
1369 1367 5447 16383 1177 1286 1300 1241 0 417 8184 8183 8183 8183 8183 8184 
1377 1327 5446 16383 1175 1282 1299 1242 0 418 8185 8184 8184 8184 8184 8185 
1427 1377 5447 16383 1177 1285 1299 1243 0 418 8185 8184 8184 8184 8184 8185 
1363 1390 5463 16383 1175 1286 1299 1242 0 419 8185 8184 8184 8184 8184 8185 
1362 1337 5462 16383 1177 1286 1300 1243 0 417 8186 8185 8185 8185 8185 8186 
1359 1338 5463 16383 1177 1285 1300 1243 0 418 8185 8184 8184 8184 8184 8185 
1321 1356 5459 16383 1177 1285 1300 1242 0 418 8185 8184 8184 8184 8184 8185 
1357 1326 5458 16383 1177 1287 1301 1242 0 417 8186 8185 8185 8185 8185 8186 
1406 1275 5459 16383 1175 1285 1301 1241 14 417 8186 8185 8185 8185 8185 8186 
1363 1367 5451 16383 1175 1287 1297 1242 0 419 8184 8183 8183 8183 8183 8184 
1397 1353 5451 16383 1175 1285 1298 1242 0 417 8184 8183 8183 8183 8183 8184 
1359 1341 5449 16383 1178 1287 1299 1243 0 419 8185 8184 8184 8184 8184 8185 
1317 1374 5461 16383 1178 1287 1299 1243 0 417 8184 8183 8183 8183 8183 8184 
1405 1346 5463 16383 1177 1286 1299 1245 0 418 8185 8184 8184 8184 8184 8185 
1337 1772 5467 16383 1175 1285 1301 1242 0 417 8185 8184 8184 8184 8184 8185 
1367 1351 5455 16383 1179 1287 1301 1243 0 418 8184 8183 8183 8183 8183 8184 
1271 1115 5457 16383 1177 1286 1299 1243 248 418 8186 8185 8185 8185 8185 8186 
1378 1274 5463 16383 1175 1285 1299 1243 297 415 8158 8157 8158 8158 8157 8158 
1379 1322 5461 16383 1175 1286 1297 1242 0 419 8185 8184 8184 8184 8184 8185 
1413 1359 5465 16383 1178 1287 1301 1243 0 418 8185 8184 8184 8184 8184 8185 
1346 1343 5457 16383 1175 1285 1299 1242 0 418 8185 8184 8184 8184 8184 8185 
1383 1330 5461 16383 1177 1286 1299 1244 0 419 8185 8184 8184 8184 8184 8185 
1364 1358 5462 16383 1175 1285 1297 1242 0 420 8186 8185 8185 8185 8185 8186 
1447 1341 5453 16383 1175 1285 1300 1241 0 418 8185 8184 8184 8184 8184 8185 
1361 1348 5454 16383 1175 1285 1300 1243 0 419 8185 8184 8184 8184 8184 8185 
1380 1329 5462 16383 1175 1286 1298 1241 0 418 8185 8184 8184 8184 8184 8185 
1413 1489 5451 16383 1175 1285 1298 1242 12 418 8184 8183 8183 8183 8183 8184 
1415 1467 5458 16383 1175 1286 1299 1245 0 419 8185 8184 8184 8184 8184 8185 
1321 1270 5463 16383 1175 1285 1299 1242 0 418 8185 8184 8184 8184 8184 8185 
1359 1314 5454 16383 1177 1284 1299 1241 61 418 8185 8184 8184 8184 8184 8185 
1397 1537 5462 16383 1175 1283 1298 1242 0 417 8185 8184 8184 8184 8184 8185 
1397 1340 5459 16383 1177 1284 1299 1242 0 417 8184 8183 8183 8183 8183 8184 
1375 1387 5457 16383 1175 1285 1297 1241 12 418 8185 8184 8184 8184 8184 8185 
1402 1261 5458 16383 1177 1286 1301 1243 0 419 8185 8184 8184 8184 8184 8185 
1413 1373 5454 16383 1177 1285 1299 1243 0 419 8184 8183 8183 8183 8183 8184 
1359 1351 5457 16383 1175 1283 1298 1241 0 418 8185 8184 8184 8184 8184 8185 
1363 1403 5455 16383 1175 1287 1299 1243 0 419 8185 8184 8184 8184 8184 8185 
1354 1341 5453 16383 1174 1283 1297 1241 0 419 8185 8184 8184 8184 8184 8185 
1365 1388 5449 16383 1175 1282 1298 1241 0 419 8185 8184 8184 8184 8184 8185 
1303 1275 5445 16383 1175 1285 1299 1239 0 419 8185 8184 8184 8184 8184 8185 
1364 1376 5448 16383 1175 1285 1298 1241 13 417 8185 8184 8184 8184 8184 8185 
1384 1331 5455 16383 1175 1285 1299 1242 0 419 8185 8184 8184 8184 8184 8185 
1303 1295 5447 16383 1175 1285 1299 1243 17 418 8185 8184 8184 8184 8184 8185 
1419 1338 5450 16383 1177 1287 1299 1243 0 417 8184 8183 8183 8183 8183 8184 
1327 1300 5447 16383 1175 1285 1298 1242 0 418 8185 8184 8184 8184 8184 8185 
1347 1339 5455 16383 1175 1285 1299 1245 0 418 8186 8185 8185 8185 8185 8186 
1381 1330 5452 16383 1174 1285 1299 1242 0 417 8186 8185 8185 8185 8185 8186 
1365 1335 5461 16383 1177 1287 1300 1243 0 418 8184 8183 8183 8183 8183 8184 
1335 1309 5449 16383 1176 1285 1301 1243 70 418 8184 8183 8183 8183 8183 8184 
1371 1425 5455 16383 1175 1285 1297 1243 0 417 8185 8184 8184 8184 8184 8185 
1374 1363 5445 16383 1177 1285 1298 1243 0 418 8185 8184 8184 8184 8184 8185 
1359 1453 5444 16383 1175 1283 1299 1241 25 419 8185 8184 8184 8184 8184 8185 
1356 1340 5446 16383 1177 1286 1301 1244 0 419 8185 8184 8184 8184 8184 8185 
1344 1374 5455 16383 1177 1286 1300 1242 0 418 8185 8184 8184 8184 8184 8185 
1307 1346 5453 16383 1178 1285 1299 1243 0 417 8185 8184 8184 8184 8184 8185 
1409 1478 5455 16383 1175 1287 1300 1243 0 418 8185 8184 8184 8184 8184 8185 
1328 1357 5443 16383 1173 1283 1297 1240 0 418 8185 8184 8184 8184 8184 8185 
1327 1337 5443 16383 1173 1283 1299 1239 0 418 8185 8184 8184 8184 8184 8185 
1383 1373 5445 16383 1175 1285 1299 1243 0 418 8185 8184 8184 8184 8184 8185 
1363 1351 5457 16383 1175 1285 1298 1241 0 417 8185 8184 8184 8184 8184 8185 
1329 1414 5449 16383 1177 1287 1299 1244 64 418 8186 8185 8185 8185 8185 8186 
1371 1330 5461 16383 1177 1287 1300 1243 51 417 8184 8183 8183 8183 8183 8184 
1363 1323 5455 16383 1177 1286 1299 1243 46 417 8185 8184 8184 8184 8184 8185 
1375 1507 5459 16383 1177 1283 1299 1241 0 419 8185 8184 8184 8184 8184 8185 
1370 1344 5459 16383 1179 1285 1301 1243 0 418 8185 8184 8184 8184 8184 8185 
1466 1280 5460 16383 1175 1285 1298 1242 13 417 8186 8185 8185 8185 8185 8186 
1362 1293 5461 16383 1178 1287 1301 1245 0 417 8186 8185 8185 8185 8185 8186 
1366 1358 5459 16383 1175 1282 1297 1243 0 419 8185 8184 8184 8184 8184 8185 
1377 1467 5453 16383 1178 1285 1300 1245 17 417 8185 8184 8184 8184 8184 8185 
1351 1330 5477 16383 1181 1291 1303 1247 302 417 8186 8185 8185 8185 8185 8186 
1383 1337 5447 16383 1174 1285 1299 1239 302 1440 8144 8143 8143 8143 8143 8144 
1336 1431 5452 16383 1177 1287 1299 1245 0 418 8185 8184 8184 8184 8184 8185 
1395 1363 5462 16383 1176 1286 1298 1243 0 417 8184 8183 8183 8183 8183 8184 
1361 1261 5451 16383 1177 1286 1301 1243 18 418 8185 8184 8184 8184 8184 8185 
1374 1343 5447 16383 1177 1285 1301 1242 0 418 8185 8184 8184 8184 8184 8185 
1334 1282 5459 16383 1177 1285 1300 1243 0 418 8185 8184 8184 8184 8184 8185 
1359 1356 5459 16383 1175 1284 1299 1243 0 418 8186 8185 8185 8185 8185 8186 
1365 1380 5448 16383 1175 1287 1299 1243 0 418 8185 8184 8184 8184 8184 8185 
1377 1325 5458 16383 1177 1285 1299 1244 0 417 8185 8184 8184 8184 8184 8185 
1389 1353 5451 16383 1175 1285 1298 1243 0 418 8185 8184 8184 8184 8184 8185 
1375 1353 5449 16383 1175 1283 1299 1241 0 417 8185 8184 8184 8184 8184 8185 
1393 1343 5453 16383 1175 1283 1298 1241 0 418 8185 8184 8184 8184 8184 8185 
1375 1301 5461 16383 1177 1286 1298 1243 0 418 8185 8184 8184 8184 8184 8185 
1362 1351 5452 16383 1177 1285 1300 1245 0 418 8185 8184 8184 8184 8184 8185 
1486 1354 5453 16383 1177 1287 1300 1243 0 417 8184 8183 8183 8183 8183 8184 
1365 1380 5455 16383 1177 1287 1299 1243 0 419 8185 8184 8184 8184 8184 8185 
1372 1333 5460 16383 1175 1285 1299 1243 0 417 8184 8183 8183 8183 8183 8184 
1362 1367 5462 16383 1175 1284 1299 1242 0 419 8184 8183 8183 8183 8183 8184 
1385 1330 5455 16383 1175 1285 1299 1243 0 417 8185 8184 8184 8184 8184 8185 
1372 1343 5455 16383 1175 1284 1299 1243 0 417 8184 8183 8183 8183 8183 8184 
1423 1266 5453 16383 1175 1285 1295 1241 0 417 8184 8183 8183 8183 8183 8184 
1363 1356 5450 16383 1175 1283 1295 1241 0 419 8185 8184 8184 8184 8184 8185 
1341 1366 5457 16383 1175 1283 1299 1239 0 418 8184 8183 8183 8183 8183 8184 
1440 1382 5462 16383 1177 1285 1299 1242 0 418 8185 8184 8184 8184 8184 8185 
1379 1268 5458 16383 1177 1286 1298 1243 0 419 8186 8185 8185 8185 8185 8186 
1342 1353 5458 16383 1175 1285 1299 1242 0 417 8184 8183 8183 8183 8183 8184 
1379 1349 5451 16383 1175 1285 1297 1242 0 417 8185 8184 8184 8184 8184 8185 
1453 1306 5460 16383 1175 1284 1299 1242 16 417 8185 8184 8184 8184 8184 8185 
1359 1342 5455 16383 1178 1287 1299 1243 0 418 8185 8184 8184 8184 8184 8185 
1363 1337 5447 16383 1175 1285 1298 1243 0 418 8185 8184 8184 8184 8184 8185 
1369 1289 5449 16383 1178 1285 1301 1242 30 419 8185 8184 8184 8184 8184 8185 
1387 1361 5464 16383 1176 1287 1299 1243 0 418 8185 8184 8184 8184 8184 8185 
1315 1369 5459 16383 1177 1287 1299 1243 0 417 8185 8184 8184 8184 8184 8185 
1385 1347 5463 16383 1175 1285 1299 1242 0 417 8186 8185 8185 8185 8185 8186 
1359 1325 5450 16383 1175 1285 1298 1242 0 418 8185 8184 8184 8184 8184 8185 
1450 1588 5457 16383 1175 1285 1299 1243 0 417 8185 8184 8184 8184 8184 8185 
1303 1375 5455 16383 1175 1287 1299 1241 0 419 8185 8184 8184 8184 8184 8185 
1326 1283 5447 16383 1177 1285 1299 1243 0 418 8185 8184 8184 8184 8184 8185 
1321 1361 5460 16383 1174 1287 1299 1245 0 417 8185 8184 8184 8184 8184 8185 
3062 10222 5489 16383 1181 1291 1303 1247 421 408 8186 8185 8185 8185 8185 8186 
1312 1377 5460 16383 1175 1287 1299 1243 0 417 8185 8184 8184 8184 8184 8185 
1389 1362 5459 16383 1179 1285 1301 1243 0 419 8184 8183 8183 8183 8183 8184 
1377 1355 5450 16383 1177 1287 1301 1243 0 418 8185 8184 8184 8184 8184 8185 
1388 1430 5449 16383 1175 1285 1298 1239 0 418 8185 8184 8184 8184 8184 8185 
1359 1371 5451 16383 1175 1285 1297 1239 0 419 8185 8184 8184 8184 8184 8185 
1366 1397 5453 16383 1179 1289 1301 1244 0 419 8185 8184 8184 8184 8184 8185 
1478 1345 5457 16383 1175 1283 1299 1242 0 417 8186 8185 8185 8185 8185 8186 
1347 1426 5460 16383 1177 1285 1299 1243 14 417 8185 8184 8184 8184 8184 8185 
1357 1431 5459 16383 1175 1286 1299 1243 16 417 8185 8184 8184 8184 8184 8185 
1321 1399 5457 16383 1177 1286 1298 1245 0 417 8185 8184 8184 8184 8184 8185 
1387 1339 5452 16383 1179 1286 1299 1243 0 418 8185 8184 8184 8184 8184 8185 
1366 1489 5454 16383 1175 1287 1299 1241 0 418 8185 8184 8184 8184 8184 8185 
1413 1327 5453 16383 1177 1285 1299 1245 0 417 8185 8184 8184 8184 8184 8185 
1441 1415 5445 16383 1177 1286 1299 1243 43 417 8186 8185 8185 8185 8185 8186 
1629 1612 5451 16383 1175 1285 1299 1242 16 417 8185 8184 8184 8184 8184 8185 
1375 1321 5460 16383 1175 1286 1298 1242 0 417 8185 8184 8184 8184 8184 8185 
1359 1389 5458 16383 1178 1285 1299 1243 0 417 8185 8184 8184 8184 8184 8185 
1555 1679 5455 16383 1175 1287 1299 1241 0 417 8185 8184 8184 8184 8184 8185 
1383 1373 5466 16383 1175 1287 1301 1243 0 417 8185 8184 8184 8184 8184 8185 
1496 1519 5458 16383 1173 1285 1297 1242 0 418 8185 8184 8184 8184 8184 8185 
1377 1287 5463 16383 1177 1287 1301 1243 0 417 8185 8184 8184 8184 8184 8185 
1270 1159 5449 16383 1175 1283 1298 1241 367 417 8185 8184 8184 8184 8184 8185 
1388 1413 5454 16383 1177 1285 1299 1242 0 418 8186 8185 8185 8185 8185 8186 
1382 1348 5462 16383 1177 1286 1299 1243 0 417 8185 8184 8184 8184 8184 8185 
1360 1342 5457 16383 1177 1287 1300 1245 0 419 8186 8185 8185 8185 8185 8186 
1320 1362 5463 16383 1177 1285 1299 1244 0 417 8186 8185 8185 8185 8185 8186 
1394 1371 5466 16383 1177 1284 1298 1241 0 418 8185 8184 8184 8184 8184 8185 
1363 1363 5461 16383 1175 1285 1298 1241 0 418 8185 8184 8184 8184 8184 8185 
1314 1351 5466 16383 1177 1287 1299 1243 0 417 8185 8184 8184 8184 8184 8185 
1375 1393 5453 16383 1175 1283 1297 1242 0 418 8184 8183 8183 8183 8183 8184 
1362 1349 5461 16383 1175 1285 1298 1242 0 417 8185 8184 8184 8184 8184 8185 
1386 1325 5455 16383 1177 1285 1299 1243 0 418 8185 8184 8184 8184 8184 8185 
1363 1363 5451 16383 1175 1283 1297 1241 0 419 8185 8184 8184 8184 8184 8185 
1369 1397 5455 16383 1177 1285 1298 1243 0 417 8185 8184 8184 8184 8184 8185 
1343 1431 5458 16383 1175 1285 1298 1241 12 417 8185 8184 8184 8184 8184 8185 
1377 1415 5455 16383 1175 1284 1298 1242 0 419 8186 8185 8185 8185 8185 8186 
1382 1301 5453 16383 1175 1283 1298 1241 0 417 8184 8183 8183 8183 8183 8184 
1361 1347 5458 16383 1175 1286 1298 1242 0 419 8185 8184 8184 8184 8184 8185 
1379 1444 5460 16383 1175 1283 1300 1241 0 418 8185 8184 8184 8184 8184 8185 
1311 1327 5463 16383 1177 1287 1298 1241 0 417 8185 8184 8184 8184 8184 8185 
1431 1323 5459 16383 1176 1286 1299 1243 0 417 8185 8184 8184 8184 8184 8185 
1365 1337 5459 16383 1174 1283 1295 1242 0 417 8185 8184 8184 8184 8184 8185 
1318 1359 5467 16383 1177 1287 1300 1245 38 418 8185 8184 8184 8184 8184 8185 
1362 1357 5462 16383 1177 1287 1300 1245 0 419 8186 8185 8185 8185 8185 8186 
1381 1263 5453 16383 1175 1285 1298 1241 0 418 8184 8183 8183 8183 8183 8184 
1368 1389 5460 16383 1177 1285 1297 1242 0 418 8185 8184 8184 8184 8184 8185 
1376 1373 5455 16383 1174 1285 1298 1241 0 419 8185 8184 8184 8184 8184 8185 
1367 1386 5460 16383 1175 1283 1297 1242 0 418 8185 8184 8184 8184 8184 8185 
1391 1568 5462 16383 1175 1285 1299 1243 12 417 8185 8184 8184 8184 8184 8185 
1385 1362 5460 16383 1175 1285 1298 1242 0 417 8185 8184 8184 8184 8184 8185 
1383 1321 5459 16383 1175 1284 1299 1241 0 417 8185 8184 8184 8184 8184 8185 
1367 1298 5468 16383 1180 1289 1303 1246 0 417 8185 8184 8184 8184 8184 8185 
1328 1347 5470 16383 1175 1283 1299 1241 0 418 8184 8183 8183 8183 8183 8184 
1395 1467 5462 16383 1175 1286 1299 1243 0 418 8186 8185 8185 8185 8185 8186 
1399 1381 5472 16383 1177 1285 1299 1243 0 418 8185 8184 8184 8184 8184 8185 
1327 1372 5458 16383 1175 1285 1299 1242 0 418 8186 8185 8185 8185 8185 8186 
1375 1355 5461 16383 1179 1287 1301 1243 0 418 8184 8183 8183 8183 8183 8184 
1371 1370 5459 16383 1175 1282 1297 1242 0 418 8185 8184 8184 8184 8184 8185 
1364 1317 5470 16383 1179 1286 1301 1245 60 418 8185 8184 8184 8184 8184 8185 
1306 1258 5463 16383 1175 1283 1300 1241 0 417 8185 8184 8184 8184 8184 8185 
1350 1396 5462 16383 1175 1287 1299 1243 16 417 8185 8184 8184 8184 8184 8185 
1359 1357 5455 16383 1177 1285 1298 1242 0 419 8185 8184 8184 8184 8184 8185 
1366 1321 5463 16383 1175 1285 1299 1243 0 417 8186 8185 8185 8185 8185 8186 
1359 1401 5462 16383 1175 1287 1299 1243 0 418 8185 8184 8184 8184 8184 8185 
1411 1259 5468 16383 1178 1286 1299 1243 0 417 8185 8184 8184 8184 8184 8185 
1369 1317 5458 16383 1177 1287 1300 1243 0 419 8185 8184 8184 8184 8184 8185 
1486 1295 5467 16383 1178 1285 1300 1243 14 417 8185 8184 8184 8184 8184 8185 
1379 1374 5455 16383 1175 1283 1299 1243 0 418 8185 8184 8184 8184 8184 8185 
1371 1330 5463 16383 1177 1284 1298 1243 0 417 8185 8184 8184 8184 8184 8185 
1378 1333 5463 16383 1177 1285 1301 1243 0 417 8184 8183 8183 8183 8183 8184 
1370 1371 5458 16383 1177 1286 1299 1244 0 419 8186 8185 8185 8185 8185 8186 
1399 1346 5468 16383 1177 1286 1301 1242 0 417 8184 8183 8183 8183 8183 8184 
1367 1403 5461 16383 1178 1285 1299 1243 0 419 8185 8184 8184 8184 8184 8185 
1367 1353 5466 16383 1177 1284 1298 1243 0 418 8185 8184 8184 8184 8184 8185 
1477 1263 5465 16383 1177 1285 1299 1241 0 419 8185 8184 8184 8184 8184 8185 
1393 1445 5457 16383 1178 1287 1301 1243 0 418 8185 8184 8184 8184 8184 8185 
1377 1436 5461 16383 1177 1283 1299 1243 0 418 8185 8184 8184 8184 8184 8185 
1393 1375 5460 16383 1177 1283 1298 1239 0 419 8185 8184 8184 8184 8184 8185 
1362 1331 5467 16383 1177 1286 1301 1243 0 417 8186 8185 8185 8185 8185 8186 
1391 1363 5466 16383 1177 1285 1300 1243 0 418 8185 8184 8184 8184 8184 8185 
1405 1371 5455 16383 1175 1283 1295 1242 0 418 8185 8184 8184 8184 8184 8185 
1355 1373 5469 16383 1177 1287 1301 1243 0 419 8186 8185 8185 8185 8185 8186 
1491 1262 5461 16383 1178 1286 1299 1242 0 418 8185 8184 8184 8184 8184 8185 
1325 1351 5461 16383 1179 1287 1299 1244 0 417 8186 8185 8185 8185 8185 8186 
2183 1301 5467 16383 1177 1285 1298 1243 15 417 8185 8184 8184 8184 8184 8185 
1367 1327 5462 16383 1175 1285 1298 1242 0 418 8186 8185 8185 8185 8185 8186 
1373 1363 5463 16383 1175 1285 1298 1241 0 417 8185 8184 8184 8184 8184 8185 
1367 1370 5459 16383 1175 1287 1301 1241 0 419 8185 8184 8184 8184 8184 8185 
1367 1332 5459 16383 1175 1285 1301 1243 0 417 8186 8185 8185 8185 8185 8186 
1272 1172 5465 16383 1177 1285 1298 1241 369 417 8185 8184 8184 8184 8184 8185 
1452 1359 5455 16383 1175 1284 1299 1239 0 417 8185 8184 8184 8184 8184 8185 
1357 1359 5455 16383 1179 1286 1302 1244 0 419 8185 8184 8184 8184 8184 8185 
1303 1335 5467 16383 1175 1285 1300 1243 0 417 8185 8184 8184 8184 8184 8185 
1427 1310 5466 16383 1175 1285 1298 1241 0 417 8185 8184 8184 8184 8184 8185 
1420 1377 5459 16383 1177 1287 1300 1243 0 418 8185 8184 8184 8184 8184 8185 
1353 1346 5455 16383 1175 1287 1299 1243 0 419 8185 8184 8184 8184 8184 8185 
1370 1337 5461 16383 1174 1285 1299 1243 0 418 8185 8184 8184 8184 8184 8185 
1368 1358 5453 16383 1178 1284 1300 1241 0 419 8185 8184 8184 8184 8184 8185 
1371 1262 5473 16383 1175 1284 1299 1243 12 417 8185 8184 8184 8184 8184 8185 
1335 1347 5469 16383 1177 1287 1301 1243 0 417 8185 8184 8184 8184 8184 8185 
1421 1357 5460 16383 1175 1285 1300 1241 0 417 8185 8184 8184 8184 8184 8185 
1312 1359 5467 16383 1175 1285 1299 1243 0 417 8185 8184 8184 8184 8184 8185 
1364 1305 5469 16383 1175 1285 1299 1241 50 417 8185 8184 8184 8184 8184 8185 
1351 1265 5475 16383 1175 1285 1297 1242 46 417 8185 8184 8184 8184 8184 8185 
1361 1339 5466 16383 1178 1287 1299 1245 0 417 8185 8184 8184 8184 8184 8185 
1306 1309 5475 16383 1178 1287 1301 1243 34 419 8185 8184 8184 8184 8184 8185 
1406 1363 5468 16383 1175 1285 1301 1244 0 419 8185 8184 8184 8184 8184 8185 
1378 1291 5476 16383 1175 1285 1299 1243 43 417 8186 8185 8185 8185 8185 8186 
1356 1299 5471 16383 1177 1284 1299 1241 0 417 8185 8184 8184 8184 8184 8185 
1407 1295 5471 16383 1175 1283 1297 1239 31 419 8185 8184 8184 8184 8184 8185 
1371 1362 5464 16383 1175 1285 1299 1243 0 418 8185 8184 8184 8184 8184 8185 
1361 1269 5471 16383 1175 1285 1300 1242 15 417 8185 8184 8184 8184 8184 8185 
1390 1439 5467 16383 1178 1285 1299 1242 0 419 8186 8185 8185 8185 8185 8186 
1359 1403 5472 16383 1175 1285 1298 1241 0 419 8184 8183 8183 8183 8183 8184 
1378 1338 5461 16383 1175 1285 1299 1243 0 418 8185 8184 8184 8184 8184 8185 
1387 1327 5471 16383 1177 1285 1298 1243 0 418 8184 8183 8183 8183 8183 8184 
1340 1355 5458 16383 1175 1285 1298 1242 0 418 8185 8184 8184 8184 8184 8185 
1369 1335 5465 16383 1173 1286 1299 1245 0 417 8186 8185 8185 8185 8185 8186 
1370 1391 5474 16383 1179 1287 1301 1243 0 419 8184 8183 8183 8183 8183 8184 
1388 1362 5470 16383 1177 1287 1299 1242 0 419 8184 8183 8183 8183 8183 8184 
1411 1338 5473 16383 1178 1287 1299 1243 0 418 8186 8185 8185 8185 8185 8186 
1362 1359 5471 16383 1177 1287 1301 1243 0 419 8184 8183 8183 8183 8183 8184 
1379 1338 5475 16383 1175 1285 1299 1242 0 417 8185 8184 8184 8184 8184 8185 
1378 1362 5463 16383 1175 1287 1299 1243 0 419 8185 8184 8184 8184 8184 8185 
1306 1386 5474 16383 1178 1286 1301 1246 0 418 8186 8185 8185 8185 8185 8186 
1386 1330 5468 16383 1177 1285 1299 1242 0 417 8185 8184 8184 8184 8184 8185 
1407 1423 5470 16383 1177 1285 1297 1243 0 417 8186 8185 8185 8185 8185 8186 
1361 1343 5463 16383 1175 1286 1300 1243 0 418 8186 8185 8185 8185 8185 8186 
1385 1346 5463 16383 1175 1284 1299 1241 0 417 8184 8183 8183 8183 8183 8184 
1393 1375 5464 16383 1178 1287 1301 1245 0 417 8185 8184 8184 8184 8184 8185 
1371 1523 5473 16383 1177 1286 1299 1243 21 418 8184 8183 8183 8183 8183 8184 
1366 1343 5465 16383 1175 1286 1299 1244 0 419 8185 8184 8184 8184 8184 8185 
1364 1358 5469 16383 1174 1285 1298 1242 0 418 8185 8184 8184 8184 8184 8185 
1382 1414 5463 16383 1176 1286 1299 1242 0 419 8185 8184 8184 8184 8184 8185 
1390 1371 5467 16383 1175 1287 1299 1243 0 419 8185 8184 8184 8184 8184 8185 
1343 1351 5467 16383 1177 1287 1301 1242 0 417 8184 8183 8183 8183 8183 8184 
1430 1363 5471 16383 1175 1284 1299 1243 0 418 8185 8184 8184 8184 8184 8185 
1475 1351 5462 16383 1177 1285 1301 1244 0 417 8185 8184 8184 8184 8184 8185 
1359 1357 5467 16383 1175 1286 1299 1242 0 419 8185 8184 8184 8184 8184 8185 
1303 1348 5465 16383 1175 1285 1299 1242 0 417 8185 8184 8184 8184 8184 8185 
1626 1711 5471 16383 1178 1285 1299 1243 274 418 8184 8183 8183 8183 8183 8184 
1339 1410 5472 16383 1177 1287 1299 1242 0 418 8185 8184 8184 8184 8184 8185 
1362 1365 5469 16383 1177 1287 1299 1243 0 419 8185 8184 8184 8184 8184 8185 
1366 1329 5471 16383 1177 1286 1298 1242 0 418 8185 8184 8184 8184 8184 8185 
1353 1354 5471 16383 1177 1285 1299 1243 0 418 8185 8184 8184 8184 8184 8185 
1394 1361 5465 16383 1176 1286 1299 1243 0 417 8184 8183 8183 8183 8183 8184 
1382 1412 5477 16383 1174 1285 1298 1241 0 419 8186 8185 8185 8185 8185 8186 
1365 1340 5476 16383 1177 1286 1298 1243 0 419 8186 8185 8185 8185 8185 8186 
1650 1423 5468 16383 1177 1285 1299 1243 0 419 8185 8184 8184 8184 8184 8185 
1374 1341 5473 16383 1175 1286 1297 1243 0 418 8184 8183 8183 8183 8183 8184 
1385 1339 5476 16383 1177 1285 1299 1244 0 418 8185 8184 8184 8184 8184 8185 
1360 1337 5463 16383 1175 1285 1299 1242 0 418 8185 8184 8184 8184 8184 8185 
1351 1338 5468 16383 1178 1285 1301 1243 0 419 8185 8184 8184 8184 8184 8185 
1361 1332 5460 16383 1174 1283 1298 1241 0 419 8185 8184 8184 8184 8184 8185 
1374 1335 5467 16383 1179 1287 1303 1245 0 417 8185 8184 8184 8184 8184 8185 
1361 1435 5469 16383 1175 1284 1300 1242 14 417 8185 8184 8184 8184 8184 8185 
1364 1347 5467 16383 1179 1287 1299 1245 0 417 8185 8184 8184 8184 8184 8185 
1354 1369 5463 16383 1175 1285 1298 1242 0 418 8184 8183 8183 8183 8183 8184 
1366 1395 5463 16383 1175 1284 1297 1242 0 418 8185 8184 8184 8184 8184 8185 
1370 1325 5460 16383 1175 1285 1299 1243 0 417 8186 8185 8185 8185 8185 8186 
1400 1295 5469 16383 1178 1285 1301 1242 22 418 8185 8184 8184 8184 8184 8185 
1323 1341 5465 16383 1177 1285 1299 1243 0 417 8185 8184 8184 8184 8184 8185 
1355 1391 5467 16383 1177 1285 1299 1243 0 418 8184 8183 8183 8183 8183 8184 
1363 1348 5463 16383 1175 1284 1298 1242 0 417 8185 8184 8184 8184 8184 8185 
1370 1369 5474 16383 1175 1285 1299 1242 0 419 8186 8185 8185 8185 8185 8186 
1313 1347 5467 16383 1176 1285 1301 1243 0 418 8186 8185 8185 8185 8185 8186 
1412 1303 5468 16383 1175 1286 1300 1243 0 418 8185 8184 8184 8184 8184 8185 
1379 1411 5460 16383 1178 1287 1301 1244 0 419 8186 8185 8185 8185 8185 8186 
1335 1466 5470 16383 1177 1285 1298 1242 0 417 8186 8185 8185 8185 8185 8186 
1372 1343 5469 16383 1177 1286 1299 1244 0 419 8185 8184 8184 8184 8184 8185 
1409 1349 5462 16383 1175 1284 1299 1243 0 418 8185 8184 8184 8184 8184 8185 
1353 1381 5469 16383 1177 1287 1301 1246 0 418 8185 8184 8184 8184 8184 8185 
1385 1334 5473 16383 1175 1285 1299 1243 0 418 8186 8185 8185 8185 8185 8186 
1418 1379 5473 16383 1178 1284 1298 1243 0 418 8185 8184 8184 8184 8184 8185 
1390 1334 5466 16383 1173 1284 1295 1241 0 418 8185 8184 8184 8184 8184 8185 
1359 1339 5473 16383 1178 1286 1302 1245 0 417 8186 8185 8185 8185 8185 8186 
3935 10919 5484 16383 1184 1293 1307 1249 410 418 8186 8185 8185 8185 8185 8186 
1440 1351 5465 16383 1177 1286 1301 1242 0 419 8185 8184 8184 8184 8184 8185 
1307 1372 5463 16383 1177 1284 1299 1242 0 418 8185 8184 8184 8184 8184 8185 
1360 1378 5471 16383 1175 1285 1299 1239 0 419 8185 8184 8184 8184 8184 8185 
1389 1285 5465 16383 1177 1287 1299 1243 0 417 8185 8184 8184 8184 8184 8185 
1489 1258 5465 16383 1177 1286 1299 1242 0 418 8185 8184 8184 8184 8184 8185 
1311 1335 5469 16383 1177 1287 1299 1243 0 418 8184 8183 8183 8183 8183 8184 
1343 1302 5461 16383 1173 1283 1295 1243 69 418 8185 8184 8184 8184 8184 8185 
1415 1415 5470 16383 1177 1285 1301 1243 0 419 8186 8185 8185 8185 8185 8186 
1345 1587 5459 16383 1175 1283 1298 1242 0 417 8184 8183 8183 8183 8183 8184 
1380 1382 5471 16383 1175 1284 1299 1242 0 418 8184 8183 8183 8183 8183 8184 
1369 1343 5463 16383 1175 1286 1299 1243 0 419 8185 8184 8184 8184 8184 8185 
1391 1363 5472 16383 1177 1286 1300 1243 0 417 8185 8184 8184 8184 8184 8185 
1394 1348 5471 16383 1177 1285 1299 1245 0 418 8185 8184 8184 8184 8184 8185 
1365 1344 5463 16383 1175 1286 1299 1243 0 418 8185 8184 8184 8184 8184 8185 
1362 1344 5473 16383 1177 1289 1299 1243 0 418 8186 8185 8185 8185 8185 8186 
1399 1269 5471 16383 1178 1285 1299 1243 0 419 8185 8184 8184 8184 8184 8185 
1365 1383 5466 16383 1175 1285 1299 1243 77 418 8185 8184 8184 8184 8184 8185 
1458 1349 5466 16383 1175 1283 1298 1243 0 417 8185 8184 8184 8184 8184 8185 
1395 1443 5473 16383 1177 1285 1299 1243 18 418 8185 8184 8184 8184 8184 8185 
1371 1356 5465 16383 1177 1287 1301 1246 0 417 8185 8184 8184 8184 8184 8185 
1403 1321 5471 16383 1177 1285 1299 1243 0 417 8185 8184 8184 8184 8184 8185 
1399 1266 5465 16383 1178 1286 1301 1245 14 417 8185 8184 8184 8184 8184 8185 
1471 1380 5476 16383 1178 1287 1300 1243 0 417 8184 8183 8183 8183 8183 8184 
1361 1366 5474 16383 1175 1284 1299 1243 0 418 8185 8184 8184 8184 8184 8185 
1380 1366 5476 16383 1177 1286 1298 1243 0 418 8185 8184 8184 8184 8184 8185 
1362 1349 5466 16383 1178 1285 1299 1242 13 417 8185 8184 8184 8184 8184 8185 
1373 1323 5461 16383 1177 1287 1301 1245 0 417 8186 8185 8185 8185 8185 8186 
1397 1477 5469 16383 1177 1285 1301 1245 0 419 8185 8184 8184 8184 8184 8185 
1391 1278 5463 16383 1177 1286 1299 1244 25 419 8185 8184 8184 8184 8184 8185 
1463 1379 5463 16383 1175 1285 1299 1242 0 417 8185 8184 8184 8184 8184 8185 
1271 1154 5455 16383 1175 1286 1299 1241 345 417 8185 8184 8184 8184 8184 8185 
1360 1317 5463 16383 1177 1287 1301 1243 0 418 8185 8184 8184 8184 8184 8185 
1419 1307 5467 16383 1175 1284 1298 1242 42 418 8186 8185 8185 8185 8185 8186 
1408 1331 5471 16383 1175 1286 1299 1245 0 417 8185 8184 8184 8184 8184 8185 
1311 1500 5471 16383 1175 1285 1298 1243 0 418 8184 8183 8183 8183 8183 8184 
1400 1338 5469 16383 1178 1285 1299 1244 0 417 8185 8184 8184 8184 8184 8185 
1383 1357 5465 16383 1175 1286 1299 1242 0 417 8185 8184 8184 8184 8184 8185 
1380 1387 5457 16383 1177 1286 1299 1242 13 417 8185 8184 8184 8184 8184 8185 
1355 1359 5469 16383 1177 1287 1301 1243 0 419 8185 8184 8184 8184 8184 8185 
1323 1369 5472 16383 1176 1286 1299 1243 60 418 8185 8184 8184 8184 8184 8185 
1454 1415 5462 16383 1178 1287 1299 1245 18 418 8185 8184 8184 8184 8184 8185 
1383 1354 5471 16383 1175 1287 1302 1244 0 419 8185 8184 8184 8184 8184 8185 
1362 1346 5473 16383 1175 1284 1299 1242 0 418 8185 8184 8184 8184 8184 8185 
1358 1365 5463 16383 1175 1287 1299 1245 0 418 8185 8184 8184 8184 8184 8185 
1321 1298 5470 16383 1177 1286 1299 1243 112 417 8185 8184 8184 8184 8184 8185 
1378 1357 5473 16383 1177 1283 1299 1243 0 419 8185 8184 8184 8184 8184 8185 
1401 1382 5474 16383 1177 1287 1299 1245 0 419 8185 8184 8184 8184 8184 8185 
1401 1343 5465 16383 1177 1285 1299 1243 0 418 8185 8184 8184 8184 8184 8185 
1371 1346 5460 16383 1175 1285 1299 1243 0 418 8185 8184 8184 8184 8184 8185 
1385 1282 5463 16383 1175 1283 1298 1241 19 418 8184 8183 8183 8183 8183 8184 
1427 1433 5463 16383 1176 1285 1299 1241 0 417 8184 8183 8183 8183 8183 8184 
1406 1363 5461 16383 1175 1287 1300 1244 0 417 8185 8184 8184 8184 8184 8185 
1363 1268 5472 16383 1175 1287 1299 1242 29 419 8185 8184 8184 8184 8184 8185 
1403 1406 5461 16383 1179 1287 1300 1244 0 419 8184 8183 8183 8183 8183 8184 
1381 1275 5463 16383 1178 1286 1299 1243 13 417 8184 8183 8183 8183 8183 8184 
1373 1337 5467 16383 1175 1285 1299 1242 0 418 8185 8184 8184 8184 8184 8185 
1365 1435 5459 16383 1179 1287 1300 1243 0 418 8185 8184 8184 8184 8184 8185 
1415 1325 5467 16383 1177 1284 1299 1243 0 417 8185 8184 8184 8184 8184 8185 
1375 1334 5459 16383 1177 1287 1301 1245 0 418 8185 8184 8184 8184 8184 8185 
1427 1354 5469 16383 1175 1285 1298 1242 0 418 8185 8184 8184 8184 8184 8185 
1378 1331 5473 16383 1177 1285 1300 1243 0 417 8184 8183 8183 8183 8183 8184 
1383 1343 5463 16383 1181 1287 1301 1246 0 418 8185 8184 8184 8184 8184 8185 
1363 1339 5461 16383 1175 1283 1299 1241 0 419 8185 8184 8184 8184 8184 8185 
1369 1356 5465 16383 1178 1286 1301 1242 0 418 8185 8184 8184 8184 8184 8185 
1480 1866 5460 16383 1175 1285 1297 1239 13 417 8185 8184 8184 8184 8184 8185 
1366 1361 5465 16383 1175 1285 1299 1242 0 419 8184 8183 8183 8183 8183 8184 
1370 1375 5467 16383 1175 1285 1301 1242 0 418 8184 8183 8183 8183 8183 8184 
1403 1347 5471 16383 1177 1285 1300 1242 0 417 8185 8184 8184 8184 8184 8185 
1369 1377 5457 16383 1178 1286 1299 1243 0 419 8186 8185 8185 8185 8185 8186 
1374 1344 5467 16383 1178 1287 1300 1244 0 418 8184 8183 8183 8183 8183 8184 
1305 1287 5465 16383 1175 1286 1299 1245 17 417 8185 8184 8184 8184 8184 8185 
1301 1333 5460 16383 1173 1283 1297 1239 0 417 8185 8184 8184 8184 8184 8185 
1353 1462 5467 16383 1175 1286 1299 1243 0 419 8185 8184 8184 8184 8184 8185 
1373 1332 5460 16383 1177 1286 1301 1245 0 418 8185 8184 8184 8184 8184 8185 
1402 1385 5461 16383 1174 1285 1298 1244 0 419 8185 8184 8184 8184 8184 8185 
1379 1375 5455 16383 1178 1287 1301 1245 0 419 8185 8184 8184 8184 8184 8185 
1416 1355 5457 16383 1176 1286 1299 1243 0 417 8185 8184 8184 8184 8184 8185 
1383 1391 5460 16383 1175 1283 1297 1241 0 419 8185 8184 8184 8184 8184 8185 
1511 1345 5466 16383 1174 1285 1297 1241 0 418 8185 8184 8184 8184 8184 8185 
1374 1345 5470 16383 1177 1287 1299 1243 0 417 8185 8184 8184 8184 8184 8185 
1391 1374 5463 16383 1175 1285 1299 1243 0 419 8185 8184 8184 8184 8184 8185 
1365 1438 5459 16383 1175 1285 1300 1241 0 418 8185 8184 8184 8184 8184 8185 
1374 1348 5471 16383 1176 1286 1300 1245 0 419 8185 8184 8184 8184 8184 8185 
1393 1273 5462 16383 1175 1285 1300 1242 21 418 8185 8184 8184 8184 8184 8185 
1391 1303 5470 16383 1178 1287 1301 1243 35 418 8185 8184 8184 8184 8184 8185 
1370 1402 5470 16383 1175 1285 1297 1241 0 419 8185 8184 8184 8184 8184 8185 
1368 1387 5463 16383 1175 1283 1299 1242 0 418 8186 8185 8185 8185 8185 8186 
1361 1367 5459 16383 1177 1285 1301 1244 0 419 8185 8184 8184 8184 8184 8185 
1341 1408 5467 16383 1178 1287 1301 1244 0 417 8185 8184 8184 8184 8184 8185 
1372 1315 5457 16383 1175 1285 1299 1243 0 417 8185 8184 8184 8184 8184 8185 
1365 1491 5459 16383 1175 1283 1298 1243 0 417 8185 8184 8184 8184 8184 8185 
1389 1309 5465 16383 1177 1285 1299 1243 0 417 8185 8184 8184 8184 8184 8185 
1317 1458 5465 16383 1177 1287 1300 1243 0 417 8185 8184 8184 8184 8184 8185 
1383 1335 5473 16383 1175 1285 1298 1241 0 417 8185 8184 8184 8184 8184 8185 
1369 1388 5465 16383 1175 1285 1298 1242 57 417 8184 8183 8183 8183 8183 8184 
1372 1405 5461 16383 1175 1285 1298 1242 0 417 8184 8183 8183 8183 8183 8184 
1275 1108 5455 16383 1175 1285 1301 1241 270 416 8185 8184 8184 8184 8184 8185 
1373 1533 5465 16383 1175 1286 1300 1242 13 417 8184 8183 8183 8183 8183 8184 
1383 1276 5457 16383 1177 1286 1301 1244 30 419 8186 8185 8185 8185 8185 8186 
1311 1350 5467 16383 1177 1285 1300 1243 0 418 8184 8183 8183 8183 8183 8184 
1370 1321 5467 16383 1175 1285 1299 1242 40 418 8185 8184 8184 8184 8184 8185 
1369 1342 5461 16383 1177 1286 1301 1243 0 418 8185 8184 8184 8184 8184 8185 
1387 1335 5460 16383 1177 1285 1297 1243 0 417 8185 8184 8184 8184 8184 8185 
1461 1452 5472 16383 1178 1286 1298 1243 0 418 8185 8184 8184 8184 8184 8185 
1382 1289 5472 16383 1175 1287 1303 1244 0 417 8185 8184 8184 8184 8184 8185 
1357 1349 5463 16383 1178 1286 1301 1243 0 419 8185 8184 8184 8184 8184 8185 
1404 1278 5459 16383 1177 1285 1299 1241 15 417 8185 8184 8184 8184 8184 8185 
1387 1414 5469 16383 1177 1285 1299 1243 0 418 8185 8184 8184 8184 8184 8185 
1332 1395 5462 16383 1177 1286 1299 1242 0 418 8185 8184 8184 8184 8184 8185 
1411 1365 5469 16383 1175 1284 1295 1242 0 417 8185 8184 8184 8184 8184 8185 
1379 1349 5470 16383 1177 1286 1299 1243 0 419 8186 8184 8185 8185 8185 8186 
1372 1265 5471 16383 1177 1286 1301 1243 17 418 8185 8184 8184 8184 8184 8185 
1411 1335 5463 16383 1175 1285 1299 1243 0 417 8185 8184 8184 8184 8184 8185 
1391 1357 5469 16383 1177 1286 1299 1242 0 417 8185 8184 8184 8184 8184 8185 
1373 1394 5459 16383 1178 1287 1301 1243 0 419 8185 8184 8184 8184 8184 8185 
1390 1395 5466 16383 1177 1286 1300 1243 0 418 8185 8184 8184 8184 8184 8185 
1353 1261 5455 16383 1177 1285 1300 1243 15 417 8185 8184 8184 8184 8184 8185 
1365 1351 5463 16383 1177 1285 1301 1243 0 419 8185 8184 8184 8184 8184 8185 
1335 1317 5467 16383 1177 1287 1302 1245 0 419 8185 8184 8184 8184 8184 8185 
1374 1351 5469 16383 1175 1286 1299 1241 0 418 8185 8184 8184 8184 8184 8185 
1420 1357 5471 16383 1177 1287 1299 1243 0 417 8185 8184 8184 8184 8184 8185 
1389 1335 5454 16383 1178 1285 1300 1243 0 417 8185 8184 8184 8184 8184 8185 
1306 1357 5457 16383 1175 1283 1297 1242 0 417 8185 8184 8184 8184 8184 8185 
1416 1387 5463 16383 1175 1285 1299 1242 13 417 8185 8184 8184 8184 8184 8185 
1355 1451 5467 16383 1177 1287 1297 1243 16 417 8185 8184 8184 8184 8184 8185 
1389 1391 5457 16383 1177 1287 1300 1241 0 418 8185 8184 8184 8184 8184 8185 
1361 1291 5459 16383 1178 1287 1301 1243 21 418 8185 8184 8184 8184 8184 8185 
1382 1386 5463 16383 1177 1287 1299 1243 0 418 8185 8184 8184 8184 8184 8185 
1361 1383 5469 16383 1179 1287 1299 1243 13 417 8185 8184 8184 8184 8184 8185 
1361 1357 5470 16383 1175 1284 1299 1243 0 417 8185 8184 8184 8184 8184 8185 
1385 1334 5467 16383 1178 1286 1302 1243 0 417 8185 8184 8184 8184 8184 8185 
1371 1337 5467 16383 1177 1284 1300 1245 0 418 8186 8185 8185 8185 8185 8186 
1429 1347 5458 16383 1177 1285 1301 1242 0 417 8185 8184 8184 8184 8184 8185 
1389 1353 5462 16383 1177 1287 1299 1244 0 417 8185 8184 8184 8184 8184 8185 
1377 1356 5458 16383 1175 1284 1298 1242 0 418 8185 8184 8184 8184 8184 8185 
1332 1300 5465 16383 1177 1286 1299 1243 71 418 8185 8184 8184 8184 8184 8185 
1450 1339 5463 16383 1177 1287 1299 1243 0 417 8185 8184 8184 8184 8184 8185 
1375 1354 5467 16383 1175 1284 1299 1242 0 418 8185 8184 8184 8184 8184 8185 
1362 1347 5454 16383 1177 1285 1301 1242 0 418 8185 8184 8184 8184 8184 8185 
1353 1458 5455 16383 1175 1284 1297 1239 0 417 8185 8184 8184 8184 8184 8185 
1369 1371 5465 16383 1179 1289 1302 1246 0 418 8185 8184 8184 8184 8184 8185 
1355 1340 5460 16383 1175 1283 1298 1241 0 418 8185 8184 8184 8184 8184 8185 
1363 1290 5462 16383 1175 1287 1299 1243 37 418 8184 8183 8183 8183 8183 8184 
1363 1393 5453 16383 1174 1284 1298 1241 0 418 8185 8184 8184 8184 8184 8185 
1361 1352 5461 16383 1177 1284 1298 1243 0 417 8185 8184 8184 8184 8184 8185 
1365 1371 5453 16383 1175 1284 1298 1241 60 418 8185 8184 8184 8184 8184 8185 
1390 1259 5461 16383 1175 1285 1301 1242 0 419 8185 8184 8184 8184 8184 8185 
1355 1324 5466 16383 1177 1285 1299 1242 0 418 8184 8183 8183 8183 8183 8184 
1367 1322 5461 16383 1178 1286 1298 1243 51 417 8185 8184 8184 8184 8184 8185 
1353 1287 5463 16383 1178 1286 1301 1243 38 418 8185 8184 8184 8184 8184 8185 
1381 1347 5459 16383 1174 1282 1297 1239 0 417 8186 8185 8185 8185 8185 8186 
1363 1379 5467 16383 1177 1285 1299 1242 0 419 8185 8184 8184 8184 8184 8185 
1392 1317 5458 16383 1178 1286 1297 1242 0 416 8185 8184 8184 8184 8184 8185 
1384 1338 5458 16383 1177 1284 1298 1243 0 417 8185 8184 8184 8184 8184 8185 
1367 1359 5454 16383 1175 1285 1299 1243 0 418 8185 8184 8184 8184 8184 8185 
1407 1391 5466 16383 1177 1286 1300 1241 0 417 8184 8183 8183 8183 8183 8184 
1369 1319 5467 16383 1175 1285 1297 1242 0 418 8185 8184 8184 8184 8184 8185 
1319 1364 5459 16383 1175 1285 1299 1242 0 418 8184 8183 8183 8183 8183 8184 
1357 1351 5467 16383 1179 1287 1301 1243 0 419 8185 8184 8184 8184 8184 8185 
1382 1287 5459 16383 1177 1286 1299 1242 42 418 8185 8184 8184 8184 8184 8185 
1310 1300 5464 16383 1177 1287 1299 1243 14 417 8185 8184 8184 8184 8184 8185 
1310 1318 5458 16383 1175 1285 1299 1242 22 418 8186 8185 8185 8185 8185 8186 
1419 1387 5457 16383 1174 1283 1297 1241 0 419 8185 8184 8184 8184 8184 8185 
1481 1395 5459 16383 1177 1285 1299 1243 0 417 8185 8184 8184 8184 8184 8185 
1366 1341 5461 16383 1175 1283 1299 1242 0 417 8185 8184 8184 8184 8184 8185 
1303 1348 5469 16383 1179 1287 1299 1243 0 417 8185 8184 8184 8184 8184 8185 
1381 1367 5457 16383 1175 1285 1299 1243 0 417 8185 8184 8184 8184 8184 8185 
1372 1375 5465 16383 1177 1285 1299 1242 0 418 8186 8185 8185 8185 8185 8186 
1358 1351 5467 16383 1174 1286 1299 1243 0 418 8185 8184 8184 8184 8184 8185 
1379 1335 5457 16383 1175 1285 1299 1241 0 417 8185 8184 8184 8184 8184 8185 
1403 1401 5469 16383 1179 1287 1301 1241 0 418 8184 8183 8183 8183 8183 8184 
1363 1355 5455 16383 1175 1285 1299 1243 0 419 8185 8184 8184 8184 8184 8185 
1363 1359 5455 16383 1175 1283 1299 1239 0 418 8185 8184 8184 8184 8184 8185 
1381 1371 5463 16383 1179 1285 1302 1245 0 417 8184 8183 8183 8183 8183 8184 
1371 1331 5452 16383 1177 1283 1301 1242 0 417 8185 8184 8184 8184 8184 8185 
1408 1389 5451 16383 1177 1285 1298 1243 0 417 8185 8184 8184 8184 8184 8185 
1398 1425 5458 16383 1175 1286 1299 1242 0 418 8185 8184 8184 8184 8184 8185 
1360 1435 5454 16383 1175 1286 1295 1242 0 418 8185 8184 8184 8184 8184 8185 
1349 1358 5457 16383 1177 1283 1299 1243 65 418 8184 8183 8183 8183 8183 8184 
1366 1371 5455 16383 1174 1285 1299 1239 0 419 8185 8184 8184 8184 8184 8185 
1364 1369 5452 16383 1175 1285 1298 1242 0 418 8184 8183 8183 8183 8183 8184 
1366 1314 5457 16383 1177 1285 1301 1243 58 417 8185 8184 8184 8184 8184 8185 
1358 1342 5467 16383 1177 1285 1301 1242 0 417 8186 8185 8185 8185 8185 8186 
1375 1322 5463 16383 1177 1284 1299 1243 0 417 8185 8184 8184 8184 8184 8185 
1372 1350 5455 16383 1176 1285 1299 1241 0 417 8185 8184 8184 8184 8184 8185 
1376 1331 5465 16383 1177 1286 1300 1244 56 417 8184 8183 8183 8183 8183 8184 
1373 1345 5453 16383 1177 1287 1299 1243 0 419 8185 8184 8184 8184 8184 8185 
1363 1335 5455 16383 1177 1287 1299 1243 0 419 8185 8184 8184 8184 8184 8185 
1361 1364 5467 16383 1175 1285 1299 1241 0 417 8185 8184 8184 8184 8184 8185 
1350 1347 5459 16383 1175 1285 1299 1242 0 418 8184 8183 8183 8183 8183 8184 
1358 1347 5462 16383 1175 1283 1297 1242 0 418 8186 8185 8185 8185 8185 8186 
1377 1343 5455 16383 1174 1285 1299 1243 0 418 8185 8184 8184 8184 8184 8185 
1366 1406 5463 16383 1175 1286 1299 1244 0 419 8185 8184 8184 8184 8184 8185 
1330 1367 5454 16383 1177 1283 1298 1243 16 417 8185 8184 8184 8184 8184 8185 
1325 1381 5462 16383 1175 1285 1295 1241 0 417 8185 8184 8184 8184 8184 8185 
1497 1367 5457 16383 1175 1284 1297 1243 0 417 8186 8185 8185 8185 8185 8186 
1365 1364 5467 16383 1177 1287 1301 1241 0 418 8184 8183 8183 8183 8183 8184 
1460 1419 5457 16383 1177 1287 1302 1245 0 418 8185 8184 8184 8184 8184 8185 
1373 1355 5455 16383 1179 1289 1301 1245 0 419 8185 8184 8184 8184 8184 8185 
1363 1319 5465 16383 1175 1285 1299 1243 0 418 8185 8184 8184 8184 8184 8185 
1388 1422 5453 16383 1179 1287 1300 1244 0 419 8185 8184 8184 8184 8184 8185 
1357 1341 5459 16383 1177 1285 1299 1242 0 418 8185 8184 8184 8184 8184 8185 
1359 1279 5465 16383 1175 1285 1299 1241 23 418 8185 8184 8184 8184 8184 8185 
1417 1359 5451 16383 1178 1286 1298 1243 0 417 8185 8184 8184 8184 8184 8185 
1365 1345 5461 16383 1179 1286 1301 1243 0 418 8185 8184 8184 8184 8184 8185 
1369 1291 5465 16383 1176 1284 1299 1243 0 418 8185 8184 8184 8184 8184 8185 
1369 1348 5454 16383 1175 1285 1298 1243 0 417 8184 8183 8183 8183 8183 8184 
1402 1349 5451 16383 1175 1285 1299 1241 0 417 8185 8184 8184 8184 8184 8185 
1362 1359 5457 16383 1177 1285 1299 1243 0 418 8185 8184 8184 8184 8184 8185 
1433 1344 5463 16383 1177 1285 1301 1243 0 417 8185 8184 8184 8184 8184 8185 
1333 1391 5463 16383 1175 1283 1298 1243 37 418 8185 8184 8184 8184 8184 8185 
1389 1318 5459 16383 1175 1285 1299 1242 35 418 8185 8184 8184 8184 8184 8185 
1345 1271 5455 16383 1178 1286 1300 1242 21 418 8185 8184 8184 8184 8184 8185 
1472 1399 5461 16383 1177 1285 1301 1243 0 417 8186 8185 8185 8185 8185 8186 
1339 1359 5451 16383 1175 1285 1298 1242 0 418 8185 8184 8184 8184 8184 8185 
1366 1335 5458 16383 1178 1287 1298 1243 0 419 8185 8184 8184 8184 8184 8185 
1325 1339 5450 16383 1175 1285 1299 1241 31 419 8185 8184 8184 8184 8184 8185 
1451 1367 5454 16383 1177 1287 1301 1243 0 418 8185 8184 8184 8184 8184 8185 
1385 1342 5449 16383 1177 1286 1299 1243 0 417 8185 8184 8184 8184 8184 8185 
1354 1350 5460 16383 1177 1287 1301 1243 0 418 8185 8184 8184 8184 8184 8185 
1381 1345 5465 16383 1175 1287 1299 1243 0 417 8185 8184 8184 8184 8184 8185 
1393 1372 5454 16383 1175 1285 1297 1241 0 419 8185 8184 8184 8184 8184 8185 
1387 1398 5459 16383 1178 1287 1300 1243 0 418 8186 8185 8185 8185 8185 8186 
1381 1355 5453 16383 1177 1287 1299 1243 0 417 8185 8184 8184 8184 8184 8185 
1357 1295 5465 16383 1175 1287 1299 1241 24 418 8186 8185 8185 8185 8185 8186 
1323 1341 5462 16383 1175 1283 1299 1241 0 418 8185 8184 8184 8184 8184 8185 
1326 1391 5459 16383 1177 1287 1299 1243 45 417 8185 8184 8184 8184 8184 8185 
1289 1267 5461 16383 1175 1285 1299 1243 317 417 8184 8183 8183 8183 8183 8184 
1380 1350 5460 16383 1177 1284 1299 1243 291 416 8164 8163 8164 8163 8163 8164 
1550 1365 5468 16383 1175 1287 1299 1243 0 417 8186 8185 8185 8185 8185 8186 
1319 1401 5459 16383 1177 1283 1299 1241 63 417 8185 8184 8184 8184 8184 8185 
1305 1402 5455 16383 1177 1287 1301 1245 0 417 8186 8185 8185 8185 8185 8186 
1379 1347 5459 16383 1177 1285 1299 1243 0 417 8185 8184 8184 8184 8184 8185 
1365 1339 5459 16383 1175 1287 1299 1242 0 418 8185 8184 8184 8184 8184 8185 
1358 1417 5453 16383 1174 1285 1299 1242 0 418 8186 8185 8185 8185 8185 8186 
1382 1335 5461 16383 1177 1285 1299 1242 0 417 8186 8185 8185 8185 8185 8186 
1395 1344 5455 16383 1179 1285 1299 1243 0 417 8185 8184 8184 8184 8184 8185 
1371 1376 5457 16383 1175 1285 1299 1242 0 417 8186 8185 8185 8185 8185 8186 
1379 1478 5463 16383 1177 1287 1299 1244 14 417 8185 8184 8184 8184 8184 8185 
1371 1382 5459 16383 1177 1285 1299 1242 0 418 8186 8185 8185 8185 8185 8186 
1319 1346 5462 16383 1175 1285 1300 1241 0 417 8185 8184 8184 8184 8184 8185 
1470 1319 5461 16383 1175 1283 1299 1242 0 417 8185 8184 8184 8184 8184 8185 
1390 1374 5450 16383 1175 1287 1299 1245 0 419 8185 8184 8184 8184 8184 8185 
1383 1358 5461 16383 1177 1284 1299 1242 0 418 8186 8185 8185 8185 8185 8186 
1325 1365 5451 16383 1176 1287 1299 1241 0 417 8185 8184 8184 8184 8184 8185 
1315 1287 5454 16383 1175 1285 1299 1242 0 418 8184 8183 8183 8183 8183 8184 
1365 1350 5463 16383 1174 1285 1299 1243 0 419 8186 8185 8185 8185 8185 8186 
1381 1431 5460 16383 1177 1287 1301 1243 0 419 8186 8185 8185 8185 8185 8186 
1380 1371 5459 16383 1177 1285 1298 1241 0 418 8185 8184 8184 8184 8184 8185 
1385 1353 5451 16383 1175 1286 1300 1243 0 417 8184 8183 8183 8183 8183 8184 
1572 1325 5453 16383 1175 1284 1297 1241 0 417 8185 8184 8184 8184 8184 8185 
1425 1436 5462 16383 1178 1287 1299 1243 0 418 8186 8185 8185 8185 8185 8186 
1373 1349 5450 16383 1175 1286 1301 1245 0 418 8185 8184 8184 8184 8184 8185 
1363 1364 5457 16383 1175 1286 1299 1241 0 417 8185 8184 8184 8184 8184 8185 
1354 1357 5461 16383 1177 1287 1299 1245 0 418 8185 8184 8184 8184 8184 8186 
1375 1338 5451 16383 1175 1285 1299 1243 0 417 8186 8185 8185 8185 8185 8186 
1387 1369 5465 16383 1177 1287 1299 1243 20 418 8185 8184 8184 8184 8184 8185 
1382 1357 5459 16383 1177 1285 1299 1243 0 418 8184 8183 8183 8183 8183 8184 
1372 1274 5463 16383 1175 1285 1301 1242 0 418 8185 8184 8184 8184 8184 8185 
1382 1408 5451 16383 1177 1287 1299 1243 0 418 8186 8185 8185 8185 8185 8186 
1329 1359 5459 16383 1177 1285 1300 1243 0 418 8184 8183 8183 8183 8183 8184 
1362 1350 5454 16383 1175 1285 1297 1241 0 418 8185 8184 8184 8184 8184 8185 
1385 1350 5461 16383 1177 1286 1299 1245 0 417 8185 8184 8184 8184 8184 8185 
1356 1474 5458 16383 1177 1286 1299 1242 17 417 8185 8184 8184 8184 8184 8185 
1381 1347 5458 16383 1175 1286 1299 1242 0 417 8186 8185 8185 8185 8185 8186 
1312 1356 5459 16383 1177 1285 1298 1242 0 418 8185 8184 8184 8184 8184 8185 
1364 1351 5451 16383 1177 1287 1301 1244 0 418 8185 8184 8184 8184 8184 8185 
1314 1313 5451 16383 1179 1287 1301 1245 14 417 8185 8184 8184 8184 8184 8185 
1351 1455 5464 16383 1175 1285 1302 1245 41 418 8185 8184 8184 8184 8184 8185 
1365 1330 5462 16383 1175 1283 1299 1241 0 417 8185 8184 8184 8184 8185 8186 
1362 1359 5451 16383 1175 1282 1299 1243 0 419 8185 8184 8184 8184 8184 8185 
1701 1402 5459 16383 1175 1285 1298 1241 0 418 8185 8184 8184 8184 8184 8185 
1351 1271 5461 16383 1175 1285 1299 1243 24 418 8185 8184 8184 8184 8184 8185 
1311 1359 5455 16383 1175 1285 1299 1243 0 418 8186 8185 8185 8185 8185 8186 
1315 1363 5457 16383 1177 1285 1301 1243 0 418 8185 8184 8184 8184 8184 8185 
1451 1367 5453 16383 1175 1283 1298 1241 0 417 8185 8184 8184 8184 8184 8185 
1373 1343 5457 16383 1177 1286 1301 1243 0 419 8185 8184 8184 8184 8184 8185 
1369 1335 5450 16383 1177 1287 1299 1243 0 417 8185 8184 8184 8184 8184 8185 
1356 1357 5458 16383 1179 1286 1301 1243 0 419 8184 8183 8183 8183 8183 8184 
1453 1387 5456 16383 1175 1286 1299 1242 0 417 8185 8184 8184 8184 8184 8185 
1367 1369 5455 16383 1175 1285 1299 1242 0 418 8185 8184 8184 8184 8184 8185 
1339 1290 5453 16383 1177 1285 1299 1242 0 417 8186 8185 8185 8185 8185 8186 
1363 1369 5459 16383 1178 1285 1299 1244 0 418 8186 8185 8185 8185 8185 8186 
1365 1556 5464 16383 1177 1287 1301 1242 0 419 8185 8184 8184 8184 8184 8185 
1294 1275 5458 16383 1177 1285 1299 1243 297 417 8185 8184 8184 8184 8184 8185 
1371 1346 5459 16383 1177 1286 1299 1242 0 418 8185 8184 8184 8184 8184 8185 
1393 1359 5462 16383 1178 1287 1301 1243 0 417 8186 8185 8185 8185 8185 8186 
1394 1405 5450 16383 1175 1285 1299 1242 0 417 8186 8185 8185 8185 8185 8186 
1408 1284 5451 16383 1178 1285 1301 1244 33 419 8186 8185 8185 8185 8185 8186 
1371 1401 5457 16383 1174 1283 1295 1241 0 419 8186 8185 8185 8185 8185 8186 
1362 1366 5457 16383 1177 1285 1299 1241 0 419 8186 8185 8185 8185 8185 8186 
1305 1292 5458 16383 1175 1286 1299 1242 13 417 8185 8184 8184 8184 8184 8185 
1391 1343 5455 16383 1175 1285 1298 1241 61 418 8185 8184 8184 8184 8184 8185 
1402 1337 5454 16383 1175 1286 1299 1243 0 417 8184 8183 8183 8183 8183 8184 
1351 1377 5460 16383 1175 1284 1299 1240 0 417 8186 8184 8185 8185 8185 8186 
1382 1331 5459 16383 1177 1285 1299 1243 0 417 8185 8184 8184 8184 8184 8185 
1387 1341 5456 16383 1178 1285 1299 1243 0 418 8185 8184 8184 8184 8184 8185 
1374 1388 5461 16383 1177 1287 1297 1242 0 418 8186 8185 8185 8185 8185 8186 
1361 1430 5450 16383 1175 1286 1295 1241 13 417 8184 8183 8183 8183 8183 8184 
1325 1351 5449 16383 1175 1285 1299 1239 0 417 8186 8185 8185 8185 8185 8186 
1462 1415 5458 16383 1175 1285 1297 1242 0 417 8185 8184 8184 8184 8184 8185 
1335 1322 5455 16383 1173 1286 1299 1241 0 419 8185 8184 8184 8184 8184 8185 
1378 1276 5457 16383 1175 1281 1298 1242 18 417 8185 8184 8184 8184 8184 8185 
1391 1343 5458 16383 1177 1286 1301 1243 0 419 8185 8184 8184 8184 8184 8185 
1433 1394 5457 16383 1177 1287 1301 1245 0 418 8185 8184 8184 8184 8184 8185 
1318 1340 5459 16383 1177 1287 1301 1243 0 417 8185 8184 8184 8184 8184 8185 
1423 1333 5449 16383 1177 1286 1300 1242 0 417 8185 8184 8184 8184 8184 8185 
1309 1349 5453 16383 1175 1285 1297 1242 0 417 8184 8183 8183 8183 8183 8184 
1381 1386 5451 16383 1178 1287 1301 1243 0 419 8185 8184 8184 8184 8184 8185 
1377 1321 5462 16383 1179 1286 1299 1243 0 418 8184 8183 8183 8183 8183 8184 
1303 1353 5462 16383 1175 1286 1299 1243 0 417 8185 8184 8184 8184 8184 8185 
1365 1386 5446 16383 1177 1286 1298 1241 0 419 8186 8185 8185 8185 8185 8186 
1441 1370 5446 16383 1175 1285 1299 1242 0 418 8185 8184 8184 8184 8184 8185 
1370 1311 5459 16383 1175 1285 1299 1243 0 417 8185 8184 8184 8184 8184 8185 
1365 1345 5454 16383 1178 1287 1300 1243 0 417 8185 8184 8184 8184 8184 8185 
1467 1260 5445 16383 1175 1285 1295 1241 0 418 8185 8184 8184 8184 8184 8185 
1761 1915 5467 16383 1175 1285 1298 1242 123 417 8185 8184 8184 8184 8184 8185 
1383 1267 5443 16383 1174 1285 1298 1242 13 417 8185 8184 8184 8184 8184 8185 
1361 1262 5457 16383 1175 1285 1299 1239 12 417 8184 8183 8183 8183 8183 8184 
1385 1351 5460 16383 1178 1287 1300 1243 0 418 8185 8184 8184 8184 8184 8185 
1377 1339 5455 16383 1178 1285 1299 1241 0 417 8185 8184 8184 8184 8184 8185 
1355 1263 5459 16383 1177 1285 1299 1242 22 418 8185 8184 8184 8184 8184 8185 
1377 1337 5450 16383 1177 1286 1299 1243 0 418 8186 8185 8185 8185 8185 8186 
1375 1331 5447 16383 1175 1285 1299 1241 53 417 8184 8183 8183 8183 8183 8184 
1349 1295 5446 16383 1177 1287 1299 1243 0 417 8185 8184 8184 8184 8184 8185 
1365 1342 5459 16383 1177 1286 1301 1243 0 418 8185 8184 8184 8184 8184 8185 
1511 1339 5450 16383 1177 1286 1298 1243 0 417 8185 8184 8184 8184 8184 8185 
1463 1259 5463 16383 1177 1285 1299 1242 0 419 8185 8184 8184 8184 8184 8185 
1305 1351 5447 16383 1174 1286 1299 1243 0 417 8184 8183 8183 8183 8183 8184 
1503 1575 5447 16383 1175 1287 1301 1244 0 417 8186 8185 8185 8185 8185 8186 
1371 1343 5460 16383 1175 1285 1299 1244 0 418 8184 8183 8183 8183 8183 8184 
1306 1347 5459 16383 1177 1285 1298 1242 0 417 8185 8184 8184 8184 8184 8185 
1362 1361 5463 16383 1177 1286 1298 1243 0 418 8185 8184 8184 8184 8184 8185 
1373 1347 5455 16383 1180 1287 1302 1246 14 417 8186 8185 8185 8185 8185 8186 
1367 1346 5451 16383 1178 1289 1301 1245 0 417 8186 8185 8185 8185 8185 8186 
1395 1376 5455 16383 1175 1285 1298 1242 0 418 8185 8184 8184 8184 8184 8185 
1303 1377 5461 16383 1176 1286 1299 1243 0 418 8186 8185 8185 8185 8185 8186 
1417 1335 5452 16383 1175 1286 1299 1241 0 417 8185 8184 8184 8184 8184 8185 
1368 1421 5449 16383 1176 1286 1299 1243 17 418 8185 8184 8184 8184 8184 8185 
1355 1355 5447 16383 1174 1283 1298 1241 0 418 8185 8184 8184 8184 8184 8185 
1350 1352 5459 16383 1175 1285 1299 1239 0 419 8185 8184 8184 8184 8184 8185 
1360 1279 5451 16383 1175 1284 1295 1243 0 419 8186 8185 8185 8185 8185 8186 
1356 1334 5450 16383 1176 1285 1299 1243 0 419 8185 8184 8184 8184 8184 8185 
1435 1383 5461 16383 1177 1285 1301 1243 0 417 8185 8184 8184 8184 8184 8185 
1363 1380 5459 16383 1177 1287 1299 1243 13 417 8186 8185 8185 8185 8185 8186 
1380 1402 5449 16383 1175 1287 1299 1241 0 419 8184 8183 8183 8183 8183 8184 
1579 1399 5449 16383 1175 1285 1299 1243 0 419 8185 8184 8184 8184 8184 8185 
1363 1351 5449 16383 1179 1287 1299 1244 0 418 8185 8184 8184 8184 8184 8185 
1327 1359 5463 16383 1177 1285 1301 1241 0 418 8185 8184 8184 8184 8184 8185 
1353 1362 5459 16383 1178 1286 1299 1242 0 419 8186 8185 8185 8185 8185 8186 
1331 1353 5450 16383 1174 1285 1299 1239 0 418 8185 8184 8184 8184 8184 8185 
1295 1280 5465 16383 1179 1287 1300 1245 367 417 8186 8185 8185 8185 8185 8186 
1370 1381 5459 16383 1175 1285 1298 1241 0 419 8185 8184 8184 8184 8184 8185 
1402 1277 5463 16383 1178 1285 1299 1244 24 418 8184 8183 8183 8183 8183 8184 
1359 1517 5459 16383 1178 1285 1300 1242 17 417 8186 8185 8185 8185 8185 8186 
1371 1344 5455 16383 1175 1286 1298 1242 0 419 8186 8185 8185 8185 8185 8186 
1375 1259 5457 16383 1175 1285 1298 1242 0 418 8185 8184 8184 8184 8184 8185 
1431 1343 5450 16383 1177 1285 1299 1243 0 417 8185 8184 8184 8184 8184 8185 
1410 1369 5451 16383 1175 1286 1299 1243 0 418 8185 8184 8184 8184 8184 8185 
1397 1346 5451 16383 1175 1284 1298 1243 0 418 8185 8184 8184 8184 8184 8185 
1375 1362 5447 16383 1178 1286 1301 1243 0 419 8184 8183 8183 8183 8183 8184 
1444 1294 5449 16383 1175 1283 1295 1241 0 417 8185 8184 8184 8184 8184 8185 
1370 1359 5459 16383 1175 1286 1299 1243 0 419 8186 8185 8185 8185 8185 8186 
1399 1370 5450 16383 1175 1286 1299 1242 0 418 8185 8184 8184 8184 8184 8185 
1401 1269 5449 16383 1177 1287 1299 1243 15 417 8185 8184 8184 8184 8184 8185 
1399 1389 5459 16383 1175 1287 1299 1245 0 419 8185 8184 8184 8184 8184 8185 
1382 1355 5455 16383 1177 1286 1300 1243 0 418 8185 8184 8184 8184 8184 8185 
1403 1347 5455 16383 1175 1284 1299 1241 0 417 8185 8184 8184 8184 8184 8185 
1364 1267 5453 16383 1176 1285 1299 1244 22 418 8186 8185 8185 8185 8185 8186 
1365 1311 5446 16383 1175 1286 1297 1241 52 417 8185 8184 8184 8184 8184 8185 
1372 1343 5453 16383 1175 1285 1300 1242 0 418 8185 8184 8184 8184 8184 8185 
1371 1347 5443 16383 1177 1285 1299 1242 0 418 8185 8184 8184 8184 8184 8185 
1349 1450 5455 16383 1175 1283 1299 1243 16 417 8184 8183 8183 8183 8183 8184 
1359 1375 5446 16383 1175 1285 1297 1241 0 419 8185 8184 8184 8184 8184 8185 
1371 1333 5455 16383 1177 1287 1301 1243 0 418 8185 8184 8184 8184 8184 8185 
1380 1262 5445 16383 1177 1286 1300 1242 13 417 8185 8184 8184 8184 8184 8186 
1368 1375 5454 16383 1175 1285 1299 1242 0 419 8185 8184 8184 8184 8184 8185 
1370 1311 5445 16383 1174 1284 1298 1241 46 417 8185 8184 8184 8184 8184 8185 
1376 1267 5458 16383 1177 1285 1299 1245 18 418 8185 8184 8184 8184 8184 8185 
1365 1356 5450 16383 1177 1286 1299 1242 0 417 8186 8185 8185 8185 8185 8186 
1354 1326 5447 16383 1175 1285 1299 1242 0 418 8185 8184 8184 8184 8184 8185 
1405 1387 5447 16383 1178 1286 1300 1243 33 419 8185 8184 8184 8184 8184 8185 
1375 1449 5447 16383 1179 1289 1303 1245 13 417 8185 8184 8184 8184 8184 8185 
1367 1403 5453 16383 1175 1283 1299 1239 0 418 8184 8183 8183 8183 8183 8184 
1409 1370 5455 16383 1175 1286 1299 1243 0 418 8185 8184 8184 8184 8184 8185 
1386 1348 5445 16383 1175 1285 1299 1243 0 417 8185 8184 8184 8184 8184 8185 
1394 1342 5455 16383 1177 1287 1300 1245 0 419 8185 8184 8184 8184 8184 8185 
1389 1347 5449 16383 1175 1285 1300 1244 0 417 8185 8184 8184 8184 8184 8185 
1367 1334 5448 16383 1177 1286 1302 1243 0 418 8184 8183 8183 8183 8183 8184 
1355 1429 5450 16383 1177 1285 1299 1241 12 417 8185 8184 8184 8184 8184 8185 
1351 1332 5441 16383 1175 1285 1299 1242 0 419 8185 8184 8184 8184 8184 8185 
1346 1361 5442 16383 1175 1285 1297 1242 0 418 8186 8185 8185 8185 8185 8186 
1366 1357 5455 16383 1177 1286 1300 1242 0 419 8185 8184 8184 8184 8184 8185 
1411 1345 5445 16383 1177 1287 1301 1245 0 417 8185 8184 8184 8184 8184 8185 
1415 1451 5443 16383 1176 1285 1300 1241 0 418 8186 8185 8185 8185 8185 8186 
1441 1431 5455 16383 1175 1284 1298 1243 0 417 8185 8184 8184 8184 8184 8185 
1329 1278 5454 16383 1177 1287 1299 1241 0 417 8184 8183 8183 8183 8183 8184 
1397 1295 5449 16383 1177 1287 1301 1245 0 418 8185 8184 8184 8184 8184 8185 
1364 1391 5447 16383 1178 1287 1301 1243 13 417 8185 8184 8184 8184 8184 8185 
1024 3147 16383 16383 1149 1239 1289 1229 421 416 8186 8185 8185 8185 8185 8186 
1306 1315 5449 16383 1175 1285 1298 1243 17 418 8185 8184 8184 8184 8184 8185 
1364 1332 5448 16383 1179 1287 1299 1241 0 418 8185 8184 8184 8184 8184 8185 
1333 1342 5455 16383 1175 1285 1300 1243 0 419 8186 8185 8185 8185 8185 8186 
1310 1554 5453 16383 1177 1283 1299 1243 0 418 8185 8184 8184 8184 8184 8185 
1348 1339 5458 16383 1178 1285 1301 1244 0 418 8185 8184 8184 8184 8184 8185 
1382 1258 5447 16383 1174 1283 1299 1242 0 419 8185 8184 8184 8184 8184 8185 
1360 1263 5455 16383 1177 1286 1301 1243 19 418 8185 8184 8184 8184 8184 8185 
1389 1334 5442 16383 1175 1287 1299 1242 0 419 8185 8184 8184 8184 8184 8185 
1373 1347 5444 16383 1175 1286 1299 1243 0 417 8186 8185 8185 8185 8185 8186 
1409 1377 5455 16383 1178 1285 1299 1243 0 418 8185 8184 8184 8184 8184 8185 
1464 1396 5449 16383 1178 1287 1301 1245 0 418 8185 8184 8184 8184 8184 8185 
1320 1433 5449 16383 1175 1286 1298 1243 0 417 8186 8185 8185 8185 8185 8186 
1398 1350 5455 16383 1177 1287 1299 1243 0 417 8185 8184 8184 8184 8184 8185 
1367 1309 5458 16383 1177 1285 1299 1244 0 418 8184 8183 8183 8183 8183 8184 
1369 1415 5453 16383 1178 1289 1301 1243 12 417 8185 8184 8184 8184 8184 8185 
1307 1279 5447 16383 1177 1287 1299 1243 0 419 8185 8184 8184 8184 8184 8185 
1367 1381 5454 16383 1177 1285 1297 1242 12 418 8184 8183 8183 8183 8183 8184 
1374 1263 5450 16383 1177 1287 1299 1243 0 417 8184 8183 8183 8183 8183 8184 
1368 1274 5450 16383 1175 1285 1299 1241 0 417 8186 8185 8185 8185 8185 8186 
1427 1409 5445 16383 1175 1285 1298 1242 0 418 8185 8184 8184 8184 8184 8185 
1367 1354 5451 16383 1177 1287 1301 1244 0 419 8185 8184 8184 8184 8184 8185 
1319 1295 5453 16383 1175 1287 1301 1242 82 417 8186 8185 8185 8185 8185 8186 
1360 1259 5450 16383 1177 1285 1297 1241 0 418 8185 8184 8184 8184 8184 8185 
1307 1282 5444 16383 1175 1284 1299 1241 0 418 8185 8184 8184 8184 8184 8185 
1405 1335 5443 16383 1174 1285 1297 1241 0 417 8185 8184 8184 8184 8184 8185 
1312 1287 5450 16383 1175 1284 1299 1241 62 418 8185 8184 8184 8184 8184 8185 
1353 1309 5442 16383 1177 1287 1299 1243 59 417 8185 8184 8184 8184 8184 8185 
1321 1363 5441 16383 1175 1285 1298 1242 0 417 8185 8184 8184 8184 8184 8185 
1380 1348 5439 16383 1175 1287 1299 1243 0 417 8185 8184 8184 8184 8184 8185 
1381 1343 5443 16383 1175 1285 1297 1241 0 417 8185 8184 8184 8184 8184 8185 
1369 1323 5449 16383 1178 1284 1298 1244 0 417 8185 8184 8184 8184 8184 8185 
1401 1371 5447 16383 1175 1286 1299 1241 0 418 8185 8184 8184 8184 8184 8185 
1470 1359 5445 16383 1175 1285 1299 1241 0 418 8185 8184 8184 8184 8184 8185 
1365 1414 5440 16383 1177 1287 1299 1241 13 417 8186 8185 8185 8185 8185 8186 
1317 1338 5451 16383 1175 1286 1297 1242 0 418 8185 8184 8184 8184 8184 8185 
1362 1423 5443 16383 1178 1286 1300 1243 12 417 8186 8185 8185 8185 8185 8186 
1369 1337 5445 16383 1175 1286 1300 1243 0 417 8185 8184 8184 8184 8184 8185 
1391 1295 5442 16383 1176 1287 1300 1244 45 417 8185 8184 8184 8184 8184 8185 
1367 1342 5442 16383 1175 1285 1299 1240 0 419 8184 8183 8183 8183 8183 8184 
1375 1365 5457 16383 1178 1286 1299 1241 0 419 8185 8184 8184 8184 8184 8185 
1381 1343 5451 16383 1177 1287 1300 1245 0 418 8186 8185 8185 8185 8185 8186 
1357 1303 5443 16383 1175 1285 1298 1241 59 418 8185 8184 8184 8184 8184 8185 
1397 1371 5451 16383 1177 1285 1301 1241 0 418 8185 8184 8184 8184 8184 8185 
1379 1337 5449 16383 1175 1285 1299 1241 50 417 8185 8184 8184 8184 8184 8185 
1363 1332 5444 16383 1175 1287 1301 1243 0 417 8185 8184 8184 8184 8184 8185 
1355 1345 5450 16383 1175 1285 1299 1243 0 418 8185 8184 8184 8184 8184 8185 
1375 1344 5442 16383 1177 1286 1301 1243 0 417 8185 8184 8184 8184 8184 8185 
1404 1329 5450 16383 1175 1287 1299 1242 0 417 8186 8185 8185 8185 8185 8186 
1347 1335 5445 16383 1177 1287 1302 1245 0 418 8185 8184 8184 8184 8184 8185 
1360 1471 5453 16383 1175 1287 1299 1242 0 418 8185 8184 8184 8184 8184 8185 
1362 1337 5454 16383 1178 1287 1299 1243 0 418 8185 8184 8184 8184 8184 8185 
1373 1349 5453 16383 1175 1287 1299 1242 0 417 8185 8184 8184 8184 8184 8185 
1375 1263 5451 16383 1175 1284 1299 1241 14 417 8185 8184 8184 8184 8184 8185 
1383 1295 5454 16383 1177 1286 1298 1243 30 419 8186 8185 8185 8185 8185 8186 
1306 1295 5453 16383 1177 1285 1299 1242 16 417 8185 8184 8184 8184 8184 8185 
