1339 1276 4642 16383 1174 1283 1297 1241 1011 1329 4097 4096 4096 4096 4096 4097 
1319 1269 4653 16383 1175 1285 1299 1243 956 1329 4097 4096 4096 4096 4096 4097 
1341 1255 4645 16383 1175 1285 1299 1242 1016 1329 4097 4096 4096 4096 4096 4097 
1360 1345 4647 16383 1178 1287 1301 1243 990 1329 4098 4097 4097 4097 4097 4098 
1321 1255 4643 16383 1176 1286 1300 1241 954 1329 4098 4097 4097 4097 4097 4098 
1331 1263 4645 16383 1177 1288 1301 1243 1006 1331 4098 4097 4098 4097 4097 4098 
1372 1293 4651 16383 1175 1285 1299 1241 1021 1329 4097 4096 4096 4096 4096 4097 
1321 1292 4647 16383 1175 1287 1299 1243 965 1329 4098 4097 4097 4097 4097 4098 
1335 1267 4651 16383 1175 1287 1300 1243 988 1329 4098 4097 4097 4097 4097 4098 
1323 1281 4649 16383 1175 1287 1299 1243 968 1330 4096 8191 8191 8191 8191 4096 
1389 1239 4643 16383 1177 1285 1302 1242 1041 1330 4097 4096 4096 4096 4096 4097 
1337 1257 4641 16383 1175 1285 1298 1242 1019 1329 4097 4096 4096 4096 4096 4097 
1395 1223 4647 16383 1175 1285 1299 1239 998 1331 4098 4097 4097 4097 4097 4098 
1326 1272 4642 16383 1178 1287 1299 1244 985 1329 4098 4097 4097 4097 4097 4098 
1316 1275 4647 16383 1175 1285 1301 1243 963 1329 4097 4096 4096 4096 4096 4097 
1331 1271 4645 16383 1177 1286 1300 1243 987 1329 4098 4097 4097 4097 4097 4098 
1325 1257 4633 16383 1177 1285 1299 1243 981 1328 4097 4096 4096 4096 4096 4097 
1409 1267 4646 16383 1174 1286 1299 1243 1029 1330 4097 4096 4096 4096 4096 4097 
1326 1257 4641 16383 1175 1284 1299 1241 991 1329 4097 4096 4096 4096 4096 4097 
1354 1275 4637 16383 1177 1286 1302 1243 1018 1329 4098 4097 4097 4097 4097 4098 
1333 1298 4639 16383 1177 1287 1299 1242 979 1328 4097 4096 4097 4096 4096 4097 
1323 1265 4638 16383 1175 1287 1299 1243 973 1329 4097 4096 4096 4096 4096 4097 
1377 1287 4638 16383 1175 1286 1299 1243 1008 1331 4097 4096 4096 4096 4096 4097 
1325 1288 4647 16383 1175 1287 1298 1239 981 1328 4097 4096 4096 4096 4096 4097 
1359 1263 4635 16383 1175 1285 1297 1241 1017 1329 4097 4096 4096 4096 4096 4097 
1359 1231 4634 16383 1176 1287 1299 1243 1114 1329 4097 4096 4096 4096 4096 4097 
1329 1274 4647 16383 1175 1286 1300 1243 986 1329 4097 4096 4096 4096 4096 4097 
1331 1261 4636 16383 1175 1287 1299 1243 996 1330 4097 4096 4096 4096 4096 4097 
1353 1275 4647 16383 1175 1287 1299 1243 1016 1329 4097 4096 4096 4096 4096 4097 
1331 1261 4631 16383 1177 1287 1301 1243 998 1331 4098 4096 4097 4097 4097 4098 
1343 1287 4646 16383 1178 1287 1299 1243 991 1329 4097 4096 4096 4096 4096 4097 
1336 1275 4638 16383 1175 1285 1299 1243 986 1329 4097 4096 4096 4096 4096 4097 
1309 1263 4631 16383 1175 1287 1299 1243 1064 1329 4097 4096 4096 4096 4096 4097 
1340 1291 4643 16383 1178 1287 1302 1243 987 1329 4097 4096 4096 4096 4096 4097 
1344 1255 4637 16383 1178 1287 1301 1243 1015 1329 4097 4096 4096 4096 4096 4097 
1333 1266 4641 16383 1178 1287 1300 1243 1004 1331 4098 4097 4097 4097 4097 4098 
1421 1299 4632 16383 1177 1286 1301 1243 1031 1330 4097 4096 4096 4096 4096 4097 
1382 1261 4645 16383 1175 1287 1300 1243 1034 1330 4097 4096 4096 4096 4096 4097 
1323 1252 4633 16383 1175 1287 1300 1243 1001 1331 4097 4096 4096 4096 4096 4097 
1350 1279 4647 16383 1178 1287 1301 1242 1007 1331 4097 4096 4096 4096 4096 4097 
1328 1287 4634 16383 1175 1285 1299 1242 979 1329 4097 4096 4096 4096 4096 4097 
1332 1274 4636 16383 1175 1288 1299 1242 993 1330 4097 4096 4096 4096 4096 4097 
1330 1276 4639 16383 1177 1289 1301 1245 988 1329 4097 4096 4096 4096 4096 4097 
1317 1273 4633 16383 1176 1287 1301 1243 873 1329 4097 4096 4096 4096 4096 4097 
1374 1301 4641 16383 1178 1285 1301 1243 973 1330 4097 4096 4096 4096 4096 4097 
1322 1290 4633 16383 1179 1289 1302 1244 960 1329 4097 4096 4096 4096 4096 4097 
1365 1332 4639 16383 1175 1287 1298 1241 993 1330 4097 4096 4096 4096 4096 4097 
1350 1281 4630 16383 1177 1288 1301 1243 998 1331 4097 4096 4096 4096 4096 4097 
1335 1238 4643 16383 1177 1284 1300 1243 1034 1330 4097 4096 4096 4096 4096 4097 
1346 1267 4645 16383 1177 1285 1299 1242 1018 1329 4097 4096 4096 4096 4096 4097 
1355 1251 4645 16383 1178 1286 1300 1244 1021 1329 4097 4096 4096 4096 4096 4097 
1326 1267 4637 16383 1175 1286 1297 1241 985 1329 4097 4096 4096 4096 4096 4097 
1369 1294 4643 16383 1176 1285 1298 1243 997 1331 4097 4096 4096 4096 4096 4097 
1316 1293 4635 16383 1175 1286 1299 1241 905 1330 4097 4096 4096 4096 4096 4097 
1327 1287 4637 16383 1177 1287 1299 1242 956 1329 4097 4096 4096 4096 4096 4097 
1333 1289 4640 16383 1175 1287 1300 1242 977 1329 4097 4096 4096 4096 4096 4097 
1345 1267 4631 16383 1175 1287 1301 1243 1008 1330 4097 4096 4096 4096 4096 4097 
1363 1294 4633 16383 1179 1287 1299 1243 1006 1330 4097 4096 4096 4096 4096 4097 
1359 1275 4630 16383 1177 1286 1299 1242 1009 1330 4097 4096 4096 4096 4096 4097 
1327 1313 4642 16383 1175 1287 1300 1243 958 1329 4097 4096 4096 4096 4096 4097 
1347 1274 4632 16383 1179 1287 1299 1243 999 1331 4097 4096 4096 4096 4096 4097 
1331 1263 4631 16383 1175 1286 1299 1242 1007 1330 4097 4096 4096 4096 4096 4097 
1315 1259 4638 16383 1177 1287 1300 1243 960 1329 4097 4096 4096 4096 4096 4097 
1327 1262 4633 16383 1179 1287 1302 1242 990 1329 4097 4096 4096 4096 4096 4097 
1357 1289 4629 16383 1175 1286 1297 1239 1008 1330 4097 4096 4096 4096 4096 4097 
1367 1277 4641 16383 1178 1285 1300 1243 1017 1329 4097 4096 4096 4096 4096 4097 
1346 1277 4633 16383 1175 1287 1299 1243 1009 1331 4097 4096 4096 4096 4096 4097 
1324 1266 4633 16383 1175 1287 1300 1242 982 1328 4097 4096 4096 4096 4096 4097 
1345 1299 4637 16383 1177 1287 1300 1243 999 1331 4097 4096 4096 4096 4096 4097 
1346 1252 4629 16383 1178 1288 1301 1243 1021 1329 4097 4096 4096 4096 4096 4097 
1357 1258 4631 16383 1177 1287 1300 1243 1023 1329 4097 4096 4096 4096 4096 4097 
1349 1353 4634 16383 1177 1287 1299 1243 997 1330 4097 4096 4096 4096 4096 4097 
1327 1280 4634 16383 1177 1286 1301 1243 992 1329 4097 4096 4096 4096 4096 4097 
1335 1279 4634 16383 1175 1287 1300 1241 985 1329 4097 4096 4096 4096 4096 4097 
1343 1253 4637 16383 1175 1287 1299 1241 1022 1329 4097 4096 4096 4096 4096 4097 
1326 1274 4627 16383 1177 1287 1299 1243 986 1329 4096 8191 8191 8191 8191 4096 
1323 1282 4631 16383 1175 1287 1299 1243 975 1330 4097 4096 4096 4096 4096 4097 
1330 1281 4635 16383 1178 1289 1302 1244 988 1329 4097 4096 4096 4096 4096 4097 
1363 1284 4636 16383 1178 1287 1301 1243 1022 1329 4097 4096 4096 4096 4096 4097 
1338 1265 4631 16383 1178 1288 1301 1242 999 1331 4097 4096 4096 4096 4096 4097 
1321 1262 4633 16383 1177 1286 1302 1243 964 1329 4097 4096 4096 4096 4096 4097 
1335 1337 4627 16383 1175 1286 1300 1243 969 1329 4097 4096 4096 4096 4096 4097 
1361 1280 4628 16383 1177 1287 1301 1242 1022 1329 4096 8191 8191 8191 8191 4096 
1351 1283 4626 16383 1177 1285 1299 1243 997 1331 4097 4096 4096 4096 4096 4097 
1367 1265 4623 16383 1178 1287 1301 1242 1021 1329 4097 4096 4096 4096 4096 4097 
1394 1359 4631 16383 1177 1289 1301 1243 1012 1330 4097 4096 4096 4096 4096 4097 
1327 1259 4628 16383 1175 1287 1299 1241 995 1330 4097 4096 4096 4096 4096 4097 
1324 1270 4625 16383 1176 1286 1299 1242 938 1329 4096 8191 8191 8191 8191 4096 
1330 1290 4626 16383 1177 1287 1298 1243 981 1328 4097 4096 4096 4096 4096 4097 
1344 1266 4631 16383 1178 1287 1300 1244 1015 1330 4097 4096 4096 4096 4096 4097 
1329 1261 4619 16383 1179 1290 1301 1242 981 1329 4097 4096 4096 4096 4096 4097 
1359 1293 4627 16383 1177 1287 1301 1243 1001 1331 4097 4096 4096 4096 4096 4097 
1333 1273 4627 16383 1178 1287 1301 1245 993 1330 4097 4096 4096 4096 4096 4097 
1338 1287 4635 16383 1177 1289 1301 1243 994 1330 4097 4096 4096 4096 4096 4097 
1353 1309 4621 16383 1179 1287 1299 1243 998 1331 4096 8191 8191 8191 8191 4096 
1341 1298 4621 16383 1175 1286 1299 1241 999 1331 4096 8191 8191 8191 8191 4096 
1353 1277 4630 16383 1179 1287 1299 1244 1018 1329 4096 8191 8191 8191 8191 4096 
1333 1287 4629 16383 1175 1286 1299 1243 1000 1331 4096 8191 8191 8191 8191 4096 
1363 1249 4625 16383 1179 1289 1302 1244 1035 1330 4097 4096 4096 4096 4096 4097 
1342 1259 4633 16383 1175 1285 1300 1241 1011 1330 4097 4096 4096 4096 4096 4097 
1329 1301 4631 16383 1177 1286 1299 1241 970 1330 4097 4096 4096 4096 4096 4097 
1349 1297 4625 16383 1177 1287 1299 1241 994 1330 4096 8191 8191 8191 8191 4096 
1330 1265 4630 16383 1177 1287 1299 1242 992 1330 4096 8191 8191 8191 8191 4096 
1322 1267 4633 16383 1178 1286 1300 1243 973 1329 4096 8191 8191 8191 8191 4096 
1317 1290 4623 16383 1178 1287 1299 1242 978 1329 4097 4096 4096 4096 4096 4097 
1342 1369 4619 16383 1175 1285 1298 1241 974 1329 4097 4096 4096 4096 4096 4097 
1326 1260 4631 16383 1181 1291 1302 1243 967 1329 4097 4096 4096 4096 4096 4097 
1331 1262 4630 16383 1178 1287 1301 1243 982 1328 4096 8191 8191 8191 8191 4096 
1341 1347 4618 16383 1177 1287 1300 1242 974 1329 4096 8191 8191 8191 8191 4096 
1339 1277 4627 16383 1178 1289 1302 1243 999 1330 4097 4096 4096 4096 4096 4097 
1343 1209 4623 16383 1178 1286 1299 1242 1040 1330 4097 4096 4096 4096 4096 4097 
1327 1278 4629 16383 1175 1287 1299 1241 974 1329 4096 8191 8191 8191 8191 4096 
1389 1267 4621 16383 1175 1286 1299 1243 1041 1330 4096 8191 8191 8191 8191 4096 
1329 1281 4620 16383 1177 1287 1301 1243 985 1329 4096 8191 8191 8191 8191 4096 
1327 1283 4633 16383 1178 1287 1299 1242 973 1329 4097 4096 4096 4096 4096 4097 
1401 1289 4622 16383 1177 1287 1300 1243 1025 1329 4097 4096 4096 4096 4096 4097 
1335 1295 4621 16383 1177 1287 1299 1243 999 1331 4097 4096 4096 4096 4096 4097 
1323 1265 4631 16383 1178 1287 1301 1245 984 1328 4096 8191 8191 8191 8191 4096 
1352 1287 4626 16383 1178 1289 1302 1243 998 1331 4097 4096 4096 4096 4096 4097 
1394 1310 4621 16383 1180 1289 1301 1244 1009 1331 4097 4096 4096 4096 4096 4097 
1328 1271 4633 16383 1178 1287 1299 1241 1008 1331 4096 8191 8191 8191 8191 4096 
1321 1257 4623 16383 1178 1285 1300 1243 986 1329 4096 8191 8191 8191 8191 4096 
1338 1270 4629 16383 1177 1289 1300 1242 996 1330 4097 4096 4096 4096 4096 4097 
1357 1275 4629 16383 1181 1290 1301 1245 1020 1329 4096 8191 8191 8191 8191 4096 
1318 1283 4622 16383 1178 1289 1299 1243 900 1330 4097 4096 4096 4096 4096 4097 
1323 1267 4618 16383 1177 1287 1299 1243 984 1329 4097 4096 4096 4096 4096 4097 
1337 1293 4629 16383 1175 1287 1300 1242 997 1331 4096 8191 8191 8191 8191 4096 
1414 1334 4631 16383 1177 1289 1302 1245 1010 1331 4096 8191 8191 8191 8191 4096 
1354 1263 4621 16383 1178 1289 1302 1243 1023 1330 4097 4096 4096 4096 4096 4097 
1329 1253 4627 16383 1177 1287 1300 1243 1010 1330 4097 4096 4096 4096 4096 4097 
1333 1266 4621 16383 1179 1290 1302 1245 993 1330 4097 4096 4096 4096 4096 4097 
1326 1323 4625 16383 1177 1287 1300 1243 970 1329 4096 8191 8191 8191 8191 4096 
1330 1270 4633 16383 1177 1287 1302 1243 982 1329 4096 8191 8191 8191 8191 4096 
1342 1259 4627 16383 1179 1287 1301 1243 1016 1329 4097 4096 4096 4096 4096 4097 
1342 1285 4616 16383 1179 1289 1302 1243 996 1330 4097 4096 4096 4096 4096 4097 
1338 1276 4615 16383 1178 1289 1301 1242 988 1329 4097 4096 4096 4096 4096 4097 
1371 1281 4619 16383 1178 1285 1301 1243 1015 1329 4097 4096 4096 4096 4096 4097 
1327 1271 4625 16383 1177 1287 1301 1243 987 1329 4097 4096 4096 4096 4096 4097 
1330 1280 4624 16383 1177 1286 1301 1243 994 1330 4097 4096 4096 4096 4096 4097 
1342 1277 4621 16383 1179 1290 1303 1243 1004 1332 4096 8191 8191 8191 8191 4096 
1324 1266 4615 16383 1177 1288 1301 1243 967 1330 8191 8190 8190 8190 8190 8191 
1326 1277 4629 16383 1179 1287 1302 1243 945 1329 4096 8191 8191 8191 8191 4096 
1329 1267 4615 16383 1177 1286 1298 1241 989 1329 4097 4096 4096 4096 4096 4097 
1347 1267 4625 16383 1177 1286 1300 1243 1007 1331 4096 8191 8191 8191 8191 4096 
1321 1321 4622 16383 1175 1286 1299 1243 979 1329 4096 8191 8191 8191 8191 4096 
1329 1295 4617 16383 1179 1287 1301 1243 973 1330 4097 4096 4096 4096 4096 4097 
1387 1283 4617 16383 1179 1289 1302 1245 1014 1329 4096 8191 8191 8191 8191 4096 
1361 1287 4629 16383 1177 1287 1301 1242 1000 1331 4096 8191 8191 8191 8191 4096 
1342 1295 4613 16383 1175 1286 1299 1241 990 1330 4097 4096 4096 4096 4096 4097 
1345 1259 4621 16383 1178 1287 1299 1245 1010 1331 4097 4096 4096 4096 4096 4097 
1373 1324 4614 16383 1177 1286 1301 1241 1008 1331 4097 4096 4096 4096 4096 4097 
1346 1265 4621 16383 1179 1287 1302 1243 1005 1331 4096 8191 8191 8191 8191 4096 
1347 1271 4623 16383 1177 1287 1301 1242 1001 1332 4096 8191 8191 8191 8191 4096 
1335 1272 4615 16383 1177 1287 1298 1243 998 1331 4097 4096 4096 4096 4096 4097 
1328 1263 4627 16383 1179 1289 1300 1243 995 1330 4096 8191 8191 8191 8191 4096 
1356 1329 4618 16383 1179 1290 1301 1245 992 1330 4097 4096 4096 4096 4096 4097 
1434 1267 4622 16383 1175 1287 1301 1243 1039 1330 4096 8191 8191 8191 8191 4096 
1392 1266 4618 16383 1178 1287 1299 1242 1021 1329 4096 8191 8191 8191 8191 4096 
1344 1362 4615 16383 1179 1289 1301 1245 982 1329 4097 4096 4096 4096 4096 4097 
1343 1285 4617 16383 1175 1285 1299 1241 995 1330 4096 8191 8191 8191 8191 4096 
1319 1284 4615 16383 1175 1287 1302 1241 1063 1330 4096 8191 8191 8191 8191 4096 
1359 1278 4631 16383 1175 1287 1302 1242 1006 1331 4097 4096 4096 4096 4096 4097 
1331 1243 4623 16383 1177 1287 1300 1242 1015 1329 4096 8191 8191 8191 8191 4096 
1402 1327 4623 16383 1177 1287 1299 1242 1009 1330 4096 8191 8191 8191 8191 4096 
1323 1261 4623 16383 1179 1290 1301 1245 962 1330 4096 8191 8191 8191 8191 4096 
1547 1345 4615 16383 1179 1289 1302 1244 1032 1330 4096 8191 8191 8191 8191 4096 
1319 1271 4617 16383 1177 1289 1299 1243 952 1329 4096 8191 8191 8191 8191 4096 
1380 1322 4623 16383 1175 1287 1301 1243 1015 1329 4096 8191 8191 8191 8191 4096 
1322 1257 4621 16383 1178 1287 1299 1242 980 1329 4096 8191 8191 8191 8191 4096 
1335 1279 4614 16383 1177 1287 1299 1243 995 1331 4097 4096 4096 4096 4096 4097 
1391 1255 4623 16383 1177 1287 1299 1243 1027 1330 4097 4096 4096 4096 4096 4097 
1345 1266 4614 16383 1177 1286 1299 1242 995 1330 4096 8191 8191 8191 8191 4096 
1323 1275 4623 16383 1178 1287 1299 1244 966 1329 4096 8191 8191 8191 8191 4096 
1335 1238 4623 16383 1178 1286 1301 1242 1027 1330 4097 4096 4096 4096 4096 4097 
1349 1293 4625 16383 1178 1290 1301 1243 994 1331 4096 8191 8191 8191 8191 4096 
1381 1303 4615 16383 1179 1287 1302 1245 1015 1329 4096 8191 8191 8191 8191 4096 
1330 1289 4618 16383 1178 1287 1299 1243 989 1329 8191 8190 8190 8190 8190 8191 
1316 1258 4621 16383 1175 1287 1301 1243 962 1329 4096 8191 8191 8191 8191 4096 
1322 1263 4623 16383 1179 1286 1301 1243 987 1329 4097 4096 4096 4096 4096 4097 
1338 1263 4609 16383 1175 1287 1299 1241 1002 1331 4097 4096 4096 4096 4096 4097 
1314 1243 4611 16383 1177 1285 1297 1241 949 1329 4096 8191 8191 8191 8191 4096 
1330 1283 4623 16383 1177 1287 1302 1242 1001 1331 4096 8191 8191 8191 8191 4096 
1327 1275 4613 16383 1178 1287 1299 1242 965 1329 4096 8191 8191 8191 8191 4096 
1374 1335 4611 16383 1177 1287 1302 1242 1008 1331 8191 8190 8190 8190 8190 8191 
1341 1273 4621 16383 1178 1287 1301 1245 996 1330 4096 8191 8191 8191 8191 4096 
1339 1286 4620 16383 1177 1287 1301 1243 996 1331 4096 8191 8191 8191 8191 4096 
1323 1346 4621 16383 1177 1287 1299 1242 915 1330 4097 4096 4096 4096 4096 4097 
1335 1252 4623 16383 1178 1287 1300 1242 1015 1329 4097 4096 4096 4096 4096 4097 
1328 1263 4611 16383 1179 1287 1299 1243 984 1328 4097 4096 4096 4096 4096 4097 
1409 1295 4620 16383 1177 1287 1301 1243 1030 1330 4097 4096 4096 4096 4096 4097 
1367 1321 4621 16383 1179 1290 1299 1241 1002 1331 4096 8191 8191 8191 8191 4096 
1330 1270 4621 16383 1181 1289 1302 1244 988 1329 4096 8191 8191 8191 8191 4096 
1340 1274 4613 16383 1175 1289 1299 1242 1012 1330 4096 8191 8191 8191 8191 4096 
1334 1285 4614 16383 1177 1288 1300 1243 1004 1331 4096 8191 8191 8191 8191 4096 
1347 1303 4608 16383 1179 1287 1300 1242 998 1331 4097 4096 4096 4096 4096 4097 
1333 1287 4618 16383 1179 1289 1302 1243 980 1328 4096 8191 8191 8191 8191 4096 
1345 1273 4619 16383 1179 1289 1301 1243 1013 1329 4096 8191 8191 8191 8191 4096 
1323 1284 4608 16383 1178 1289 1301 1243 974 1329 4096 8191 8191 8191 8191 4096 
1363 1307 4619 16383 1179 1287 1299 1243 990 1330 4097 4096 4096 4096 4096 4097 
1332 1237 4605 16383 1177 1287 1300 1243 1014 1329 4096 8191 8191 8191 8191 4096 
1325 1301 4607 16383 1179 1287 1300 1242 973 1330 4096 8191 8191 8191 8191 4096 
1373 1289 4608 16383 1179 1287 1301 1245 1012 1330 4096 8191 8191 8191 8191 4096 
1371 1302 4610 16383 1179 1289 1303 1245 1012 1330 4097 4096 4096 4096 4096 4097 
1342 1277 4609 16383 1178 1286 1301 1241 1013 1331 4096 8191 8191 8191 8191 4096 
1342 1257 4610 16383 1177 1287 1299 1242 1020 1330 8191 8190 8190 8190 8190 8191 
1335 1278 4611 16383 1177 1285 1300 1242 1003 1332 4096 8191 8191 8191 8191 4096 
1335 1260 4606 16383 1177 1287 1299 1243 1013 1329 4096 8191 8191 8191 8191 4096 
1335 1270 4614 16383 1176 1287 1301 1242 996 1330 4096 8191 8191 8191 8191 4096 
1330 1295 4603 16383 1179 1286 1301 1243 979 1329 4096 8191 8191 8191 8191 4096 
1327 1257 4607 16383 1178 1287 1301 1243 1006 1331 4096 8191 8191 8191 8191 4096 
1365 1309 4612 16383 1179 1289 1303 1245 995 1331 4096 8191 8191 8191 8191 4096 
1350 1239 4613 16383 1176 1287 1300 1243 1060 1329 4097 4096 4096 4096 4096 4097 
1359 1259 4611 16383 1179 1289 1301 1242 1024 1330 4096 8191 8191 8191 8191 4096 
1318 1275 4605 16383 1179 1287 1301 1243 962 1329 4097 4096 4096 4096 4096 4097 
1351 1302 4613 16383 1178 1287 1301 1243 994 1330 4096 8191 8191 8191 8191 4096 
1332 1259 4603 16383 1178 1290 1301 1243 996 1330 4097 4096 4096 4096 4096 4097 
1335 1239 4609 16383 1177 1287 1299 1239 1026 1330 4096 8191 8191 8191 8191 4096 
1323 1271 4610 16383 1178 1289 1299 1243 960 1329 4096 8191 8191 8191 8191 4096 
1326 1281 4613 16383 1179 1290 1301 1243 931 1330 4097 4096 4096 4096 4096 4097 
1334 1269 4605 16383 1179 1289 1299 1243 981 1329 8191 8190 8190 8190 8190 8191 
1404 1358 4606 16383 1178 1288 1301 1243 1027 1330 4096 8191 8191 8191 8191 4096 
1319 1255 4612 16383 1175 1287 1299 1243 982 1329 4096 8191 8191 8191 8191 4096 
1322 1255 4609 16383 1179 1290 1301 1243 964 1330 4096 8191 8191 8191 8191 4096 
1439 1287 4609 16383 1177 1288 1301 1243 1040 1330 4096 8191 8191 8191 8191 4096 
1342 1263 4615 16383 1177 1287 1299 1242 1017 1329 4096 8191 8191 8191 8191 4096 
1337 1287 4613 16383 1179 1289 1301 1244 1000 1331 4096 8191 8191 8191 8191 4096 
1327 1274 4615 16383 1179 1287 1299 1243 992 1330 4096 8191 8191 8191 8191 4096 
1337 1259 4607 16383 1180 1291 1301 1245 1008 1330 4096 8191 8191 8191 8191 4096 
1328 1270 4606 16383 1179 1290 1302 1245 984 1329 4096 8191 8191 8191 8191 4096 
1327 1253 4613 16383 1177 1289 1299 1244 992 1330 4096 8191 8191 8191 8191 4096 
1402 1246 4605 16383 1178 1287 1298 1242 1049 1330 4096 8191 8191 8191 8191 4096 
1333 1302 4613 16383 1178 1287 1301 1243 985 1329 4097 4096 4096 4096 4096 4097 
1323 1291 4607 16383 1177 1287 1301 1241 964 1330 8191 8190 8191 8190 8191 4096 
1367 1258 4611 16383 1178 1289 1300 1242 1025 1330 8191 8190 8190 8190 8190 8191 
1334 1265 4604 16383 1179 1288 1302 1243 1002 1331 4097 4096 4096 4096 4096 4097 
1346 1235 4615 16383 1179 1290 1299 1241 1112 1330 4096 8191 8191 8191 8191 4096 
1338 1285 4614 16383 1178 1287 1301 1242 986 1329 4097 4096 4096 4096 4096 4097 
1359 1306 4613 16383 1177 1287 1300 1245 1010 1330 4096 8191 8191 8191 8191 4096 
1354 1269 4605 16383 1177 1289 1301 1243 1014 1330 4097 4096 4096 4096 4096 4097 
1371 1295 4602 16383 1177 1286 1299 1241 1003 1332 4096 8191 8191 8191 8191 4096 
1335 1266 4601 16383 1179 1287 1301 1243 1010 1332 4097 4096 4096 4096 4096 4097 
1360 1300 4604 16383 1181 1289 1303 1243 1003 1331 4096 8191 8191 8191 8191 4096 
1462 1317 4606 16383 1177 1289 1301 1245 1026 1330 4096 8191 8191 8191 8191 4096 
1358 1282 4605 16383 1175 1286 1299 1242 1009 1330 4096 8191 8191 8191 8191 4096 
1339 1266 4605 16383 1179 1287 1302 1243 996 1330 4096 8191 8191 8191 8191 4096 
1347 1279 4602 16383 1179 1289 1301 1243 1007 1331 4097 4096 4096 4096 4096 4097 
1454 1371 4615 16383 1178 1287 1301 1244 1012 1330 4096 8191 8191 8191 8191 4096 
1373 1302 4603 16383 1177 1289 1299 1245 1002 1331 4096 8191 8191 8191 8191 4096 
1333 1289 4612 16383 1177 1287 1300 1243 986 1329 4096 8191 8191 8191 8191 4096 
1334 1258 4609 16383 1177 1287 1301 1243 993 1330 4096 8191 8191 8191 8191 4096 
1351 1287 4609 16383 1178 1287 1299 1242 985 1329 4097 4096 4096 4096 4096 4097 
1317 1257 4608 16383 1177 1287 1299 1243 942 1329 4096 8191 8191 8191 8191 4096 
1334 1291 4611 16383 1179 1290 1301 1243 980 1329 8191 8190 8190 8190 8190 8191 
1339 1257 4601 16383 1179 1287 1299 1243 1014 1330 4096 8191 8191 8191 8191 4096 
1335 1307 4613 16383 1179 1289 1301 1243 991 1330 4097 4096 4096 4096 4096 4097 
1339 1277 4611 16383 1177 1287 1301 1242 995 1331 4096 8191 8191 8191 8191 4096 
1365 1308 4606 16383 1175 1287 1299 1243 1000 1331 4096 8191 8191 8191 8191 4096 
1345 1286 4603 16383 1178 1289 1301 1245 1004 1332 8191 8190 8190 8190 8190 8191 
1335 1266 4610 16383 1177 1289 1302 1243 1009 1330 4096 8191 8191 8191 8191 4096 
1386 1261 4612 16383 1179 1287 1299 1242 1029 1330 4096 8191 8191 8191 8191 4096 
1354 1354 4611 16383 1178 1289 1300 1242 989 1330 4096 8191 8191 8191 8191 4096 
1332 1269 4605 16383 1175 1286 1300 1241 997 1331 4097 4096 4096 4096 4096 4097 
1326 1271 4615 16383 1179 1289 1299 1243 976 1329 8191 8190 8190 8190 8190 8191 
1328 1261 4605 16383 1174 1285 1297 1241 989 1329 4097 4096 4096 4096 4096 4097 
1328 1258 4610 16383 1177 1286 1298 1241 985 1330 4096 8191 8191 8191 8191 4096 
1341 1269 4609 16383 1178 1287 1302 1243 994 1331 4096 8191 8191 8191 8191 4096 
1332 1267 4608 16383 1177 1288 1299 1243 996 1331 8191 8190 8190 8190 8190 8191 
1375 1282 4601 16383 1177 1286 1299 1242 1024 1329 4096 8191 8191 8191 8191 4096 
1366 1246 4607 16383 1180 1290 1303 1245 1033 1330 4096 8191 8191 8191 8191 4096 
1346 1263 4598 16383 1177 1287 1299 1241 1012 1330 4096 8191 8191 8191 8191 4096 
1354 1293 4610 16383 1177 1287 1300 1242 1006 1331 4096 8191 8191 8191 8191 4096 
1352 1338 4603 16383 1179 1287 1300 1245 1001 1331 4097 4096 4096 4096 4096 4097 
1354 1303 4604 16383 1178 1289 1302 1243 990 1330 4097 4096 4096 4096 4096 4097 
1334 1271 4611 16383 1178 1286 1300 1242 1002 1332 4096 8191 8191 8191 8191 4096 
1321 1270 4607 16383 1179 1287 1299 1243 960 1330 4096 8191 8191 8191 8191 4096 
1323 1259 4611 16383 1178 1287 1300 1242 993 1330 4097 4096 4096 4096 4096 4097 
1357 1281 4605 16383 1177 1287 1299 1241 1000 1331 4096 8191 8191 8191 8191 4096 
1322 1295 4610 16383 1178 1286 1300 1243 941 1329 4096 8191 8191 8191 8191 4096 
1317 1271 4607 16383 1177 1287 1299 1241 944 1329 4096 8191 8191 8191 8191 4096 
1339 1259 4601 16383 1179 1287 1301 1242 992 1330 4096 8191 8191 8191 8191 4096 
1333 1267 4615 16383 1178 1287 1302 1243 998 1331 4097 4096 4096 4096 4096 4097 
1328 1270 4611 16383 1178 1289 1299 1243 979 1329 4096 8191 8191 8191 8191 4096 
1350 1271 4603 16383 1179 1290 1301 1243 1012 1330 4096 8191 8191 8191 8191 4096 
1422 1309 4602 16383 1181 1289 1303 1243 1023 1330 4096 8191 8191 8191 8191 4096 
1407 1317 4603 16383 1179 1290 1301 1243 1028 1330 8191 8190 8190 8190 8190 8191 
1327 1260 4610 16383 1179 1287 1301 1244 990 1330 4096 8191 8191 8191 8191 4096 
1347 1271 4611 16383 1177 1290 1302 1243 1023 1330 4097 4096 4096 4096 4096 4097 
1335 1273 4599 16383 1182 1290 1303 1245 993 1330 4096 8191 8191 8191 8191 4096 
1361 1263 4602 16383 1177 1287 1298 1242 1038 1330 4097 4096 4096 4096 4096 4097 
1342 1253 4605 16383 1179 1289 1303 1245 1029 1330 4096 8191 8191 8191 8191 4096 
1329 1277 4607 16383 1178 1287 1299 1242 988 1329 4097 4096 4096 4096 4096 4097 
1373 1373 4599 16383 1177 1287 1300 1243 1000 1332 4096 8191 8191 8191 8191 4096 
1331 1262 4602 16383 1177 1287 1301 1243 987 1329 4096 8191 8191 8191 8191 4096 
1331 1265 4605 16383 1178 1288 1302 1243 989 1329 4096 8191 8191 8191 8191 4096 
1333 1271 4606 16383 1179 1289 1302 1243 990 1330 4096 8191 8191 8191 8191 4096 
1365 1321 4601 16383 1177 1290 1301 1243 1009 1331 4096 8191 8191 8191 8191 4096 
1318 1257 4594 16383 1177 1287 1298 1241 966 1331 4096 8191 8191 8191 8191 4096 
1321 1267 4605 16383 1178 1287 1301 1243 961 1329 4096 8191 8191 8191 8191 4096 
1319 1271 4597 16383 1178 1289 1301 1243 985 1329 4096 8191 8191 8191 8191 4096 
1334 1269 4589 16383 1179 1289 1299 1241 981 1329 4097 4096 4096 4096 4096 4097 
1350 1266 4599 16383 1179 1289 1301 1245 1011 1330 4097 4096 4096 4096 4096 4097 
1341 1290 4598 16383 1177 1289 1299 1242 995 1331 4097 4096 4096 4096 4096 4097 
1343 1271 4589 16383 1179 1288 1302 1243 999 1331 4096 8191 8191 8191 8191 4096 
1339 1251 4590 16383 1178 1290 1301 1243 1014 1331 4096 8191 8191 8191 8191 4096 
1329 1345 4599 16383 1178 1286 1299 1242 967 1329 4096 8191 8191 8191 8191 4096 
1323 1268 4595 16383 1175 1286 1301 1242 986 1329 4096 8191 8191 8191 8191 4096 
1321 1319 4589 16383 1178 1289 1301 1245 940 1330 4096 8191 8191 8191 8191 4096 
1343 1263 4587 16383 1178 1287 1299 1241 1004 1332 4097 4096 4096 4096 4096 4097 
1336 1257 4591 16383 1175 1287 1299 1241 1020 1329 4097 4096 4096 4096 4096 4097 
1337 1267 4597 16383 1178 1290 1301 1241 989 1329 4097 4096 4096 4096 4096 4097 
1351 1275 4597 16383 1178 1287 1300 1243 1003 1331 4096 8191 8191 8191 8191 4096 
1394 1282 4586 16383 1178 1289 1302 1243 1013 1330 4096 8191 8191 8191 8191 4096 
1333 1263 4583 16383 1178 1287 1299 1241 990 1329 4096 8191 8191 8191 8191 4096 
1343 1291 4583 16383 1178 1287 1301 1243 1004 1332 8191 8190 8190 8190 8190 8191 
1331 1255 4584 16383 1177 1286 1299 1243 1010 1330 4096 8191 8191 8191 8191 4096 
1335 1275 4582 16383 1177 1287 1300 1242 1033 1330 4096 8191 8191 8191 8191 4096 
1339 1285 4594 16383 1177 1289 1300 1243 1007 1331 4096 8191 8191 8191 8191 4096 
1335 1259 4583 16383 1179 1289 1300 1245 1016 1329 4096 8191 8191 8191 8191 4096 
1333 1270 4588 16383 1177 1288 1301 1243 1015 1330 4096 8191 8191 8191 8191 4096 
1339 1282 4589 16383 1179 1289 1302 1245 990 1330 4097 4096 4096 4096 4096 4097 
1326 1303 4595 16383 1177 1290 1302 1242 972 1329 4097 4096 4096 4096 4096 4097 
1343 1274 4595 16383 1179 1287 1301 1242 1007 1331 4096 8191 8191 8191 8191 4096 
1351 1287 4591 16383 1178 1287 1302 1244 1010 1330 4096 8191 8191 8191 8191 4096 
1341 1315 4588 16383 1177 1289 1301 1243 988 1329 4096 8191 8191 8191 8191 4096 
1319 1277 4581 16383 1179 1287 1300 1241 961 1329 4096 8191 8191 8191 8191 4096 
1353 1293 4593 16383 1179 1286 1299 1242 1005 1331 4096 8191 8191 8191 8191 4096 
1328 1285 4585 16383 1177 1287 1299 1243 975 1329 4096 8191 8191 8191 8191 4096 
1357 1286 4591 16383 1179 1287 1303 1245 1004 1331 4096 8191 8191 8191 8191 4096 
1334 1255 4581 16383 1179 1286 1301 1243 1007 1331 4096 8191 8191 8191 8191 4096 
1361 1252 4582 16383 1179 1288 1302 1241 1026 1330 4096 8191 8191 8191 8191 4096 
1339 1242 4595 16383 1178 1287 1301 1241 1025 1330 4096 8191 8191 8191 8191 4096 
1346 1295 4585 16383 1180 1287 1302 1243 995 1331 4096 8191 8191 8191 8191 4096 
1335 1291 4594 16383 1178 1289 1299 1243 1004 1331 4096 8191 8191 8191 8191 4096 
1357 1261 4577 16383 1177 1286 1301 1243 1004 1331 4096 8191 8191 8191 8191 4096 
1369 1324 4589 16383 1175 1285 1299 1241 1002 1332 4096 8191 8191 8191 8191 4096 
1397 1281 4578 16383 1179 1286 1299 1242 1022 1330 4096 8191 8191 8191 8191 4096 
1331 1277 4593 16383 1178 1289 1300 1243 979 1329 4096 8191 8191 8191 8191 4096 
1403 1355 4586 16383 1177 1287 1299 1241 1015 1329 8191 8190 8190 8190 8190 8191 
1346 1245 4590 16383 1177 1287 1299 1243 1013 1330 4097 4096 4096 4096 4096 4097 
1321 1268 4577 16383 1179 1287 1301 1243 950 1329 4096 8191 8191 8191 8191 4096 
1343 1275 4576 16383 1181 1289 1302 1243 1004 1332 4096 8191 8191 8191 8191 4096 
1355 1271 4584 16383 1179 1289 1301 1243 1007 1331 4096 8191 8191 8191 8191 4096 
1357 1275 4575 16383 1179 1289 1300 1243 1006 1331 4096 8191 8191 8191 8191 4096 
1333 1250 4581 16383 1177 1287 1299 1244 1011 1331 4096 8191 8191 8191 8191 4096 
1346 1298 4583 16383 1180 1290 1301 1243 990 1330 4096 8191 8191 8191 8191 4096 
1318 1257 4576 16383 1175 1285 1299 1239 962 1330 4096 8191 8191 8191 8191 4096 
1335 1275 4577 16383 1175 1287 1299 1242 998 1331 4096 8191 8191 8191 8191 4096 
1330 1270 4579 16383 1175 1286 1299 1240 978 1330 4097 4096 4096 4096 4096 4097 
1324 1273 4589 16383 1179 1289 1299 1243 989 1329 4096 8191 8191 8191 8191 4096 
1365 1252 4577 16383 1179 1287 1301 1239 1020 1330 8191 8190 8190 8190 8190 8191 
1338 1268 4573 16383 1178 1287 1299 1243 1009 1331 4096 8191 8191 8191 8191 4096 
1341 1266 4580 16383 1175 1287 1299 1239 1015 1330 4096 8191 8191 8191 8191 4096 
1475 1311 4577 16383 1179 1289 1301 1244 1026 1330 4097 4096 4096 4096 4096 4097 
1352 1343 4577 16383 1178 1287 1301 1242 983 1329 8191 8190 8190 8190 8190 8191 
1335 1259 4581 16383 1179 1289 1301 1243 996 1330 8191 8190 8190 8190 8190 8191 
1331 1252 4575 16383 1176 1287 1300 1241 983 1329 4096 8191 8191 8191 8191 4096 
1341 1255 4583 16383 1175 1286 1299 1241 1014 1329 4096 8191 8191 8191 8191 4096 
1390 1251 4581 16383 1177 1285 1301 1239 1038 1330 4096 8191 8191 8191 8191 4096 
1335 1309 4580 16383 1179 1287 1299 1242 978 1329 4097 4096 4096 4096 4096 4097 
1377 1255 4578 16383 1180 1289 1301 1243 1033 1331 4096 8191 8191 8191 8191 4096 
1321 1266 4587 16383 1179 1287 1301 1243 977 1329 4097 4096 4096 4096 4096 4097 
1350 1268 4579 16383 1177 1287 1299 1241 1017 1330 4096 8191 8191 8191 8191 4096 
1346 1255 4586 16383 1179 1289 1299 1243 1015 1330 4096 8191 8191 8191 8191 4096 
1343 1317 4587 16383 1179 1287 1301 1241 982 1329 4097 4096 4096 4096 4096 4097 
1373 1289 4591 16383 1179 1289 1302 1243 1019 1330 4096 8191 8191 8191 8191 4096 
1355 1257 4587 16383 1177 1287 1301 1243 1019 1329 4097 4096 4096 4096 4096 4097 
1356 1281 4589 16383 1179 1289 1303 1243 1015 1330 4096 8191 8191 8191 8191 4096 
1333 1271 4583 16383 1178 1287 1301 1242 995 1331 4096 8191 8191 8191 8191 4096 
1347 1283 4589 16383 1177 1287 1299 1240 1008 1331 4096 8191 8191 8191 8191 4096 
1322 1289 4579 16383 1178 1290 1300 1243 946 1330 4096 8191 8191 8191 8191 4096 
1338 1265 4587 16383 1179 1289 1300 1243 1008 1331 4096 8191 8191 8191 8191 4096 
1394 1319 4588 16383 1179 1287 1298 1243 1021 1330 4096 8191 8191 8191 8191 4096 
1337 1263 4579 16383 1179 1287 1299 1241 991 1330 4096 8191 8191 8191 8191 4096 
1327 1286 4583 16383 1179 1290 1299 1243 979 1329 4096 8191 8191 8191 8191 4096 
1423 1353 4591 16383 1179 1289 1301 1243 1014 1330 4096 8191 8191 8191 8191 4096 
1372 1253 4590 16383 1178 1287 1299 1242 1047 1330 4096 8191 8191 8191 8191 4096 
1367 1333 4577 16383 1179 1287 1298 1242 1012 1330 4096 8191 4096 8191 4096 4096 
1348 1288 4578 16383 1178 1287 1299 1243 994 1330 4096 8191 8191 8191 8191 4096 
1325 1270 4582 16383 1177 1286 1298 1241 994 1331 8191 8190 8190 8190 8190 8191 
1355 1273 4579 16383 1179 1290 1301 1245 1013 1330 4096 8191 8191 8191 8191 4096 
1359 1262 4576 16383 1179 1287 1300 1243 1017 1330 4096 8191 8191 8191 8191 4096 
1331 1275 4587 16383 1179 1290 1301 1246 985 1329 4097 4096 4096 4096 4096 4097 
1327 1258 4587 16383 1177 1287 1301 1243 974 1330 4096 8191 8191 8191 8191 4096 
1365 1269 4579 16383 1179 1289 1302 1244 1017 1330 4096 8191 8191 8191 8191 4096 
1306 1243 4580 16383 1179 1287 1302 1243 1056 1329 4096 8191 8191 8191 8191 4096 
1364 1268 4580 16383 1178 1287 1301 1243 1021 1330 4096 8191 8191 8191 8191 4096 
1433 1317 4581 16383 1179 1289 1300 1243 1021 1330 4096 8191 8191 8191 8191 4096 
1345 1289 4583 16383 1177 1287 1299 1239 990 1330 4096 8191 8191 8191 8191 4096 
1341 1270 4579 16383 1177 1287 1302 1243 991 1330 4097 4096 4096 4096 4096 4097 
1355 1270 4583 16383 1177 1287 1299 1241 998 1331 4096 8191 8191 8191 8191 4096 
1335 1271 4593 16383 1179 1287 1301 1245 978 1329 4096 8191 8191 8191 8191 4096 
1375 1257 4578 16383 1178 1286 1300 1242 1029 1331 4096 8191 8191 8191 8191 4096 
1343 1244 4577 16383 1176 1285 1299 1242 1030 1330 4096 8191 8191 8191 8191 4096 
1321 1259 4580 16383 1177 1287 1298 1239 995 1330 4096 8191 8191 8191 8191 4096 
1327 1287 4591 16383 1179 1288 1299 1242 967 1330 4096 8191 8191 8191 8191 4096 
1440 1358 4581 16383 1179 1287 1299 1242 999 1331 4096 8191 8191 8191 8191 4096 
1335 1266 4582 16383 1179 1289 1301 1242 996 1331 4096 8191 8191 8191 8191 4096 
1335 1271 4581 16383 1177 1288 1301 1243 985 1330 4096 8191 8191 8191 8191 4096 
1334 1276 4580 16383 1181 1289 1300 1243 990 1330 4096 8191 8191 8191 8191 4096 
1363 1263 4585 16383 1175 1287 1300 1243 1033 1331 4097 4096 4096 4096 4096 4097 
1337 1282 4583 16383 1179 1287 1299 1242 1006 1332 8191 8190 8190 8190 8190 8191 
1400 1302 4587 16383 1175 1287 1301 1241 1006 1331 4096 8191 8191 8191 8191 4096 
1327 1265 4587 16383 1179 1289 1300 1242 1009 1331 4096 8191 8191 8191 8191 4096 
1350 1276 4585 16383 1178 1287 1300 1243 1005 1331 4096 8191 8191 8191 8191 4096 
1333 1284 4583 16383 1177 1288 1301 1243 994 1331 4096 8191 8191 8191 8191 4096 
1331 1271 4579 16383 1175 1287 1299 1241 1001 1331 4096 8191 8191 8191 8191 4096 
1329 1251 4578 16383 1181 1289 1301 1243 996 1331 4096 8191 8191 8191 8191 4096 
1411 1274 4581 16383 1179 1289 1303 1245 1031 1330 4096 8191 8191 8191 8191 4096 
1327 1267 4585 16383 1175 1287 1298 1241 966 1330 4096 8191 8191 8191 8191 4096 
1326 1262 4572 16383 1179 1289 1300 1243 990 1330 4096 8191 8191 8191 8191 4096 
1345 1306 4575 16383 1179 1289 1301 1243 984 1329 4096 8191 8191 8191 8191 4096 
1335 1269 4581 16383 1177 1287 1298 1239 995 1330 4096 8191 8191 8191 8191 4096 
1343 1282 4584 16383 1178 1289 1301 1243 985 1330 8191 8190 8190 8190 8190 8191 
1373 1263 4586 16383 1180 1287 1301 1243 1016 1329 4097 4096 4096 4096 4096 4097 
1334 1282 4587 16383 1181 1289 1303 1244 957 1329 4096 8191 8191 8191 8191 4096 
1340 1266 4575 16383 1178 1288 1301 1241 992 1330 8191 8190 8190 8190 8190 8191 
1337 1259 4578 16383 1177 1287 1299 1241 1005 1331 4096 8191 8191 8191 8191 4096 
1347 1277 4579 16383 1179 1289 1302 1243 1006 1331 4096 8191 8191 8191 8191 4096 
1376 1271 4575 16383 1181 1289 1301 1244 1016 1330 4096 8191 8191 8191 8191 4096 
1341 1311 4585 16383 1181 1290 1301 1245 962 1330 4096 8191 8191 8191 8191 4096 
1319 1267 4582 16383 1180 1289 1299 1243 936 1330 4096 8191 8191 8191 8191 4096 
1330 1271 4578 16383 1178 1289 1300 1242 992 1330 4096 8191 8191 8191 8191 4096 
1319 1268 4575 16383 1175 1287 1299 1241 978 1329 4096 8191 8191 8191 8191 4096 
1367 1303 4574 16383 1175 1287 1299 1241 1019 1329 4096 8191 8191 8191 8191 4096 
1401 1280 4582 16383 1177 1286 1299 1242 1017 1330 8191 8190 8190 8190 8190 8191 
1339 1279 4586 16383 1178 1289 1301 1243 1018 1329 4096 8191 8191 8191 8191 4096 
1330 1289 4576 16383 1179 1287 1302 1243 979 1329 4096 8191 8191 8191 8191 4096 
1323 1248 4571 16383 1178 1287 1301 1242 991 1330 8191 8190 8190 8190 8190 8191 
1323 1263 4582 16383 1175 1287 1299 1241 989 1330 4097 4096 4096 4096 4096 4097 
1344 1292 4586 16383 1179 1289 1299 1243 989 1330 4096 8191 8191 8191 8191 4096 
1355 1374 4578 16383 1178 1287 1301 1242 996 1331 4096 8191 8191 8191 8191 4096 
1335 1270 4586 16383 1177 1286 1299 1243 998 1332 4097 4096 4096 4096 4096 4097 
1332 1281 4587 16383 1177 1286 1299 1242 983 1329 4096 8191 8191 8191 8191 4096 
1340 1274 4575 16383 1175 1287 1299 1241 1012 1330 8191 8190 8190 8190 8190 8191 
1326 1284 4575 16383 1179 1287 1300 1242 980 1329 4096 8191 8191 8191 8191 4096 
1319 1251 4585 16383 1178 1286 1301 1242 986 1329 4096 8191 8191 8191 8191 4096 
1334 1259 4583 16383 1175 1287 1299 1241 1002 1331 4096 8191 8191 8191 8191 4096 
1352 1292 4573 16383 1175 1287 1299 1242 994 1330 4096 8191 8191 8191 8191 4096 
1378 1285 4585 16383 1177 1287 1300 1243 1004 1332 4097 4096 4096 4096 4096 4097 
1361 1281 4577 16383 1178 1290 1299 1243 1020 1330 4096 8191 8191 8191 8191 4096 
1325 1275 4583 16383 1179 1289 1299 1243 971 1329 4096 8191 8191 8191 8191 4096 
1349 1274 4586 16383 1177 1287 1300 1243 1007 1331 4096 8191 8191 8191 8191 4096 
1335 1338 4577 16383 1177 1288 1299 1242 960 1329 4096 8191 8191 8191 8191 4096 
1341 1315 4576 16383 1175 1287 1301 1241 998 1331 4096 8191 8191 8191 8191 4096 
1329 1290 4573 16383 1179 1287 1301 1243 984 1329 4096 8191 8191 8191 8191 4096 
1348 1285 4577 16383 1179 1287 1303 1243 1008 1331 4096 8191 8191 8191 8191 4096 
1328 1283 4571 16383 1177 1287 1301 1241 972 1329 4096 8191 8191 8191 8191 4096 
1327 1266 4586 16383 1178 1287 1300 1245 986 1329 8191 8190 8190 8190 8190 8191 
1337 1263 4574 16383 1179 1290 1303 1243 1010 1330 4096 8191 8191 8191 8191 4096 
1326 1270 4572 16383 1178 1287 1301 1243 975 1329 4096 8191 8191 8191 8191 4096 
1354 1265 4569 16383 1179 1289 1301 1244 1017 1330 4096 8191 8191 8191 8191 4096 
1331 1275 4575 16383 1179 1287 1300 1243 995 1331 4096 8191 8191 8191 8191 4096 
1321 1293 4575 16383 1175 1287 1298 1242 979 1329 4096 8191 8191 8191 8191 4096 
1337 1276 4583 16383 1179 1287 1302 1245 991 1330 4096 8191 8191 8191 8191 4096 
1338 1294 4581 16383 1179 1289 1301 1242 1007 1332 4096 8191 8191 8191 8191 4096 
1326 1313 4570 16383 1177 1286 1298 1239 972 1330 4096 8191 8191 8191 8191 4096 
1345 1275 4576 16383 1175 1289 1300 1242 998 1331 4096 8191 8191 8191 8191 4096 
1333 1281 4576 16383 1178 1287 1300 1241 981 1329 4096 8191 8191 8191 8191 4096 
1318 1266 4571 16383 1177 1287 1299 1241 966 1330 4096 8191 8191 8191 8191 4096 
1339 1273 4567 16383 1177 1287 1299 1242 988 1330 4096 8191 8191 8191 8191 4096 
1330 1253 4579 16383 1179 1287 1301 1245 1012 1330 4096 8191 8191 8191 8191 4096 
1343 1330 4571 16383 1181 1288 1303 1245 995 1331 4096 8191 8191 8191 8191 4096 
1392 1279 4581 16383 1179 1287 1302 1245 1033 1331 4096 8191 8191 8191 8191 4096 
1323 1284 4584 16383 1177 1287 1298 1242 973 1330 4096 8191 8191 8191 8191 4096 
1357 1261 4579 16383 1177 1289 1300 1243 1018 1329 4096 8191 8191 8191 8191 4096 
1317 1271 4581 16383 1177 1287 1299 1240 968 1330 4096 8191 8191 8191 8191 4096 
1349 1372 4581 16383 1179 1290 1302 1246 988 1329 4096 8191 8191 8191 8191 4096 
1332 1265 4577 16383 1177 1287 1299 1242 1013 1330 4096 8191 8191 8191 8191 4096 
1350 1351 4583 16383 1179 1287 1299 1245 981 1328 4096 8191 8191 8191 8191 4096 
1676 1527 4574 16383 1177 1287 1300 1243 1029 1331 4096 8191 8191 8191 8191 4096 
1403 1251 4574 16383 1179 1287 1299 1244 1018 1330 4096 8191 8191 8191 8191 4096 
1339 1270 4581 16383 1179 1288 1301 1241 999 1331 4096 8191 8191 8191 8191 4096 
1341 1262 4570 16383 1179 1289 1299 1244 1015 1330 4096 8191 8191 8191 8191 4096 
1373 1325 4577 16383 1178 1289 1301 1243 1006 1331 4096 8191 8191 8191 8191 4096 
1330 1271 4575 16383 1179 1287 1300 1243 974 1330 4096 8191 8191 8191 8191 4096 
1352 1239 4570 16383 1175 1287 1301 1239 1036 1331 4096 8191 8191 8191 8191 4096 
1337 1246 4567 16383 1178 1287 1301 1243 1011 1331 4096 8191 8191 8191 8191 4096 
1326 1283 4570 16383 1179 1289 1301 1243 963 1331 8191 8190 8190 8190 8190 8191 
1402 1273 4575 16383 1181 1287 1302 1243 1018 1329 4096 8191 8191 8191 8191 4096 
1333 1263 4570 16383 1178 1287 1301 1242 998 1331 4096 8191 8191 8191 8191 4096 
1319 1271 4570 16383 1179 1287 1302 1244 954 1329 4096 8191 8191 8191 8191 4096 
1334 1262 4570 16383 1178 1290 1299 1242 989 1330 4096 8191 8191 8191 8191 4096 
1348 1253 4572 16383 1177 1288 1301 1243 1044 1330 4096 8191 8191 8191 8191 4096 
1365 1418 4576 16383 1175 1286 1298 1243 996 1331 4096 8191 8191 8191 8191 4096 
1352 1273 4571 16383 1179 1287 1300 1243 1010 1331 4096 8191 8191 8191 8191 4096 
1347 1290 4569 16383 1177 1285 1298 1239 1001 1332 4096 8191 8191 8191 8191 4096 
1349 1262 4571 16383 1182 1290 1303 1247 1024 1330 4096 8191 8191 8191 8191 4096 
1335 1275 4582 16383 1179 1287 1299 1244 1006 1331 4096 8191 8191 8191 8191 4096 
1331 1271 4577 16383 1178 1289 1299 1241 986 1329 4096 8191 8191 8191 8191 4096 
1339 1277 4580 16383 1179 1289 1300 1243 990 1330 4096 8191 8191 8191 8191 4096 
1363 1247 4578 16383 1178 1288 1299 1243 1031 1330 8191 8190 8190 8190 8190 8191 
1339 1279 4579 16383 1178 1289 1301 1243 1010 1332 4096 8191 8191 8191 8191 4096 
1327 1265 4579 16383 1175 1287 1298 1241 990 1331 4096 8191 8191 8191 8191 4096 
1353 1295 4573 16383 1178 1287 1299 1242 1004 1332 4096 8191 8191 8191 8191 4096 
1331 1263 4577 16383 1178 1287 1299 1241 1001 1331 4097 4096 4096 4096 4096 4097 
1331 1255 4575 16383 1177 1287 1299 1242 991 1330 4097 4096 4096 4096 4096 4097 
1329 1335 4575 16383 1177 1290 1301 1243 984 1329 4096 8191 8191 8191 8191 4096 
1329 1254 4578 16383 1175 1286 1299 1242 1013 1330 4096 8191 8191 8191 8191 4096 
1321 1273 4567 16383 1179 1287 1299 1243 975 1329 8191 8190 8190 8190 8190 8191 
1339 1300 4567 16383 1175 1287 1298 1241 989 1330 4096 8191 8191 8191 8191 4096 
1348 1279 4578 16383 1177 1286 1298 1241 995 1331 4096 8191 8191 8191 8191 4096 
1321 1259 4579 16383 1179 1287 1299 1245 993 1330 8191 8190 8190 8190 8190 8191 
1336 1275 4571 16383 1179 1287 1301 1243 988 1330 4096 8191 8191 8191 8191 4096 
1343 1231 4575 16383 1179 1287 1301 1243 1056 1330 4096 8191 8191 8191 8191 4096 
1495 1260 4581 16383 1177 1289 1300 1241 1047 1330 4097 4096 4096 4096 4096 4097 
1322 1281 4574 16383 1178 1287 1299 1243 980 1329 4096 8191 8191 8191 8191 4096 
1360 1273 4581 16383 1179 1287 1302 1243 1001 1332 4096 8191 8191 8191 8191 4096 
1349 1355 4584 16383 1178 1289 1301 1244 989 1330 4097 4096 4096 4096 4096 4097 
1349 1290 4574 16383 1179 1290 1299 1245 1015 1330 4096 8191 8191 8191 8191 4096 
1325 1255 4583 16383 1178 1287 1299 1241 1004 1332 4096 8191 8191 8191 8191 4096 
1328 1249 4575 16383 1175 1287 1301 1242 1018 1330 4096 8191 8191 8191 8191 4096 
1333 1250 4576 16383 1179 1287 1298 1241 1008 1331 4096 8191 8191 8191 8191 4096 
1330 1253 4581 16383 1179 1287 1301 1243 997 1331 4096 8191 8191 8191 8191 4096 
1341 1302 4586 16383 1178 1287 1299 1241 989 1330 4096 8191 8191 8191 8191 4096 
1350 1339 4586 16383 1179 1289 1301 1244 990 1330 4097 4096 4096 4096 4096 4097 
1329 1326 4585 16383 1177 1287 1299 1242 971 1330 4096 8191 8191 8191 8191 4096 
1348 1282 4585 16383 1179 1289 1301 1245 1006 1332 4096 8191 8191 8191 8191 4096 
1330 1259 4576 16383 1178 1288 1301 1242 988 1330 4096 8191 8191 8191 8191 4096 
1335 1290 4584 16383 1179 1289 1302 1243 1003 1332 4096 8191 8191 8191 8191 4096 
1325 1261 4581 16383 1177 1286 1301 1241 963 1330 4096 8191 8191 8191 8191 4096 
1360 1386 4590 16383 1180 1290 1301 1244 998 1331 4096 8191 8191 8191 8191 4096 
1325 1286 4587 16383 1177 1287 1299 1243 956 1330 4096 8191 8191 8191 8191 4096 
1353 1267 4589 16383 1179 1287 1299 1243 1018 1330 4096 8191 8191 8191 8191 4096 
1359 1285 4585 16383 1179 1287 1301 1244 984 1330 4096 8191 8191 8191 8191 4096 
1348 1263 4582 16383 1183 1291 1305 1247 1014 1330 4097 4096 4096 4096 4096 4097 
1314 1243 4587 16383 1176 1286 1300 1241 963 1330 8191 8190 8190 8190 8190 8191 
1324 1263 4579 16383 1179 1289 1301 1244 973 1330 4096 8191 8191 8191 8191 4096 
1336 1276 4575 16383 1178 1285 1299 1241 999 1332 4096 8191 8191 8191 8191 4096 
1345 1268 4589 16383 1178 1289 1300 1243 1011 1331 4097 4096 4096 4096 4096 4097 
1409 1255 4586 16383 1179 1289 1299 1243 1038 1331 4096 8191 8191 8191 8191 4096 
1401 1266 4574 16383 1179 1289 1301 1243 1032 1331 4096 8191 8191 8191 8191 4096 
1362 1280 4581 16383 1178 1287 1300 1242 1011 1330 4096 8191 8191 8191 8191 4096 
1335 1278 4587 16383 1178 1287 1300 1242 994 1331 4096 8191 8191 8191 8191 4096 
1359 1334 4583 16383 1181 1287 1302 1245 1002 1331 4096 8191 8191 8191 8191 4096 
1337 1414 4581 16383 1178 1286 1299 1242 983 1329 4096 8191 8191 8191 8191 4096 
1371 1306 4576 16383 1179 1287 1299 1243 1001 1332 4096 8191 8191 8191 8191 4096 
1374 1266 4576 16383 1179 1287 1300 1243 1014 1330 8191 8190 8190 8190 8190 8191 
1324 1280 4579 16383 1177 1286 1299 1243 984 1329 4096 8191 8191 8191 8191 4096 
1341 1277 4575 16383 1181 1291 1303 1246 997 1331 4097 4096 4096 4096 4096 4097 
1330 1319 4583 16383 1178 1287 1302 1243 970 1330 4096 8191 8191 8191 8191 4096 
1357 1314 4587 16383 1179 1290 1303 1245 1002 1332 8191 8190 8190 8190 8190 8191 
1342 1266 4578 16383 1177 1286 1298 1242 1012 1330 4096 8191 8191 8191 8191 4096 
1331 1263 4583 16383 1179 1290 1302 1245 995 1331 4096 8191 8191 8191 8191 4096 
1351 1289 4577 16383 1181 1290 1303 1246 1009 1331 4096 8191 8191 8191 8191 4096 
1331 1302 4573 16383 1178 1287 1301 1243 957 1330 4096 8191 8191 8191 8191 4096 
1341 1242 4572 16383 1179 1290 1301 1245 1025 1330 4096 8191 8191 8191 8191 4096 
1375 1248 4571 16383 1178 1287 1299 1244 1036 1331 4097 4096 4096 4096 4096 4097 
1327 1268 4578 16383 1177 1288 1301 1243 1001 1331 4096 8191 8191 8191 8191 4096 
1343 1305 4567 16383 1178 1287 1301 1243 979 1329 4096 8191 8191 8191 8191 4096 
1331 1266 4573 16383 1178 1287 1301 1242 997 1331 8191 8190 8190 8190 8190 8191 
1349 1274 4575 16383 1179 1288 1299 1243 1003 1332 4096 8191 8191 8191 8191 4096 
1327 1263 4581 16383 1179 1287 1299 1243 976 1330 4096 8191 8191 8191 8191 4096 
1319 1258 4580 16383 1178 1285 1301 1243 988 1329 4096 8191 8191 8191 8191 4096 
1360 1269 4571 16383 1177 1289 1299 1243 1015 1329 4096 8191 8191 8191 8191 4096 
1331 1253 4570 16383 1178 1287 1300 1243 995 1331 4096 8191 8191 8191 8191 4096 
1324 1265 4566 16383 1179 1287 1301 1241 977 1329 4097 4096 4096 4096 4096 4097 
1323 1349 4576 16383 1179 1289 1300 1244 970 1330 4096 8191 8191 8191 8191 4096 
1320 1263 4570 16383 1179 1289 1301 1245 941 1329 8191 8190 8190 8190 8190 8191 
1346 1251 4581 16383 1178 1287 1299 1242 1022 1330 8191 8190 8190 8190 8190 8191 
1353 1266 4570 16383 1178 1287 1300 1243 1018 1330 4096 8191 8191 8191 8191 4096 
1366 1242 4575 16383 1179 1287 1301 1243 1039 1331 4097 4096 4096 4096 4096 4097 
1409 1281 4578 16383 1175 1287 1297 1241 1028 1330 4096 8191 8191 8191 8191 4096 
1332 1265 4567 16383 1178 1287 1301 1242 986 1329 4096 8191 8191 8191 8191 4096 
1359 1294 4567 16383 1179 1287 1300 1243 994 1330 4096 8191 8191 8191 8191 4096 
1351 1259 4575 16383 1179 1289 1303 1243 1010 1331 4096 8191 8191 8191 8191 4096 
1332 1267 4574 16383 1179 1287 1300 1245 994 1331 4096 8191 8191 8191 8191 4096 
1362 1286 4573 16383 1177 1287 1301 1241 1002 1332 4096 8191 8191 8191 8191 4096 
1346 1263 4567 16383 1179 1287 1301 1245 1013 1331 4096 8191 8191 8191 8191 4096 
1335 1279 4567 16383 1177 1287 1299 1243 997 1331 4096 8191 8191 8191 8191 4096 
1455 1334 4570 16383 1181 1291 1303 1246 1028 1330 4096 8191 8191 8191 8191 4096 
1326 1275 4565 16383 1179 1287 1299 1243 980 1329 4097 4096 4096 4096 4096 4097 
1349 1262 4578 16383 1179 1289 1299 1242 1021 1330 4096 8191 8191 8191 8191 4096 
1383 1255 4565 16383 1177 1287 1301 1243 1051 1330 4096 8191 8191 8191 8191 4096 
1331 1249 4575 16383 1177 1286 1299 1243 1016 1330 4096 8191 8191 8191 8191 4096 
1341 1266 4576 16383 1177 1287 1299 1241 1012 1330 4096 8191 8191 8191 8191 4096 
1386 1343 4579 16383 1179 1289 1301 1243 1001 1332 4096 8191 8191 8191 8191 4096 
1331 1263 4580 16383 1180 1289 1303 1243 997 1331 4096 8191 8191 8191 8191 4096 
1323 1258 4567 16383 1175 1287 1298 1241 985 1330 4096 8191 8191 8191 8191 4096 
1341 1283 4567 16383 1177 1287 1299 1241 979 1329 4096 8191 8191 8191 8191 4096 
1344 1298 4571 16383 1177 1287 1299 1241 993 1330 4097 4096 4096 4096 4096 4097 
1338 1261 4580 16383 1179 1289 1301 1244 991 1330 4096 8191 8191 8191 8191 4096 
1322 1280 4569 16383 1177 1287 1301 1242 976 1331 8191 8190 8190 8190 8190 8191 
1345 1263 4565 16383 1175 1287 1299 1243 1013 1331 4096 8191 8191 8191 8191 4096 
1332 1252 4573 16383 1178 1286 1299 1243 997 1331 4096 8191 8191 8191 8191 4096 
1329 1367 4578 16383 1179 1289 1301 1243 983 1329 4096 8191 8191 8191 8191 4096 
1339 1243 4575 16383 1178 1287 1301 1242 1028 1330 4096 8191 8191 8191 8191 4096 
1317 1260 4579 16383 1179 1287 1299 1243 955 1330 4096 8191 8191 8191 8191 4096 
1359 1278 4568 16383 1179 1287 1300 1243 1012 1331 4096 8191 8191 8191 8191 4096 
1333 1308 4566 16383 1177 1287 1299 1241 972 1331 4096 8191 8191 8191 8191 4096 
1355 1263 4574 16383 1179 1288 1300 1243 1016 1330 4096 8191 8191 8191 8191 4096 
1351 1346 4577 16383 1178 1287 1301 1242 1000 1332 4096 8191 8191 8191 8191 4096 
1345 1267 4569 16383 1178 1287 1300 1242 1025 1330 4096 8191 8191 8191 8191 4096 
1375 1295 4570 16383 1179 1291 1301 1243 1015 1330 4096 8191 8191 8191 8191 4096 
1363 1283 4575 16383 1175 1287 1299 1242 1014 1330 4096 8191 8191 8191 8191 4096 
1342 1277 4567 16383 1178 1287 1301 1243 1013 1330 4096 8191 8191 8191 8191 4096 
1320 1262 4582 16383 1181 1290 1303 1245 938 1330 4096 8191 8191 8191 8191 4096 
1341 1274 4576 16383 1179 1287 1299 1242 997 1331 4096 8191 8191 8191 8191 4096 
1351 1276 4570 16383 1179 1289 1301 1242 1011 1331 4096 8191 8191 8191 8191 4096 
1354 1278 4571 16383 1177 1287 1299 1243 1001 1331 8191 8190 8190 8190 8190 8191 
1363 1274 4561 16383 1177 1286 1299 1241 1008 1331 8191 8190 8190 8190 8190 8191 
1363 1285 4565 16383 1178 1287 1301 1242 1002 1332 4097 4096 4096 4096 4096 4097 
1359 1317 4574 16383 1178 1287 1301 1242 1005 1332 4096 8191 8191 8191 8191 4096 
1341 1275 4569 16383 1179 1287 1301 1245 988 1330 4096 8191 8191 8191 8191 4096 
1438 1397 4571 16383 1175 1287 1300 1242 1019 1330 4096 8191 8191 8191 8191 4096 
1335 1287 4566 16383 1175 1287 1299 1241 1010 1331 4097 4096 4096 4096 4096 4097 
1184 1127 4577 16383 1181 1290 1303 1247 1237 803 4096 8191 8191 8191 8191 4096 
1335 1261 4572 16383 1181 1287 1301 1243 1004 1332 4096 8191 8191 8191 8191 4096 
1341 1303 4566 16383 1177 1287 1301 1243 981 1329 4096 8191 8191 8191 8191 4096 
1325 1263 4569 16383 1178 1287 1299 1243 983 1329 4097 4096 4096 4096 4096 4097 
1364 1295 4562 16383 1179 1287 1301 1241 1011 1331 4096 8191 8191 8191 8191 4096 
1433 1254 4577 16383 1177 1288 1302 1243 1044 1332 4096 8191 8191 8191 8191 4096 
1325 1261 4564 16383 1180 1287 1302 1243 989 1330 8191 8190 8190 8190 8190 8191 
1325 1269 4572 16383 1179 1287 1301 1242 986 1329 4096 8191 8191 8191 8191 4096 
1330 1287 4559 16383 1177 1286 1298 1239 984 1329 4096 8191 8191 8191 8191 4096 
1322 1267 4574 16383 1179 1287 1300 1245 973 1330 4096 8191 8191 8191 8191 4096 
1340 1263 4561 16383 1179 1286 1300 1242 1009 1331 4096 8191 8191 8191 8191 4096 
1320 1229 4573 16383 1179 1287 1302 1243 1007 1331 4096 8191 8191 8191 8191 4096 
1357 1271 4575 16383 1179 1287 1301 1243 1018 1330 4096 8191 8191 8191 8191 4096 
1317 1270 4562 16383 1178 1287 1299 1242 935 1329 4096 8191 8191 8191 8191 4096 
1322 1271 4573 16383 1178 1289 1301 1241 966 1330 4097 4096 4096 4096 4096 4097 
1356 1285 4575 16383 1179 1287 1299 1243 997 1331 4097 4096 4096 4096 4096 4097 
1357 1251 4565 16383 1178 1287 1299 1242 1025 1331 4096 8191 8191 8191 8191 4096 
1338 1278 4563 16383 1179 1290 1301 1243 1007 1332 4096 8191 8191 8191 8191 4096 
1330 1285 4565 16383 1179 1289 1301 1241 969 1330 4096 8191 8191 8191 8191 4096 
1324 1257 4561 16383 1177 1286 1299 1242 986 1330 4096 8191 8191 8191 8191 4096 
1402 1303 4565 16383 1178 1291 1301 1245 1020 1330 4096 8191 8191 8191 8191 4096 
1325 1295 4567 16383 1178 1289 1299 1242 945 1330 4096 8191 8191 8191 8191 4096 
1464 1314 4571 16383 1177 1289 1301 1242 1029 1330 8191 8190 8190 8190 8190 8191 
1339 1283 4570 16383 1179 1287 1299 1239 1001 1332 8191 8190 8190 8190 8190 8191 
1419 1339 4569 16383 1177 1287 1301 1242 1008 1331 4096 8191 8191 8191 8191 4096 
1356 1293 4564 16383 1179 1289 1300 1241 1004 1331 4096 8191 8191 8191 8191 4096 
1330 1271 4563 16383 1177 1288 1299 1243 990 1330 4096 8191 8191 8191 8191 4096 
1355 1292 4567 16383 1179 1290 1301 1243 1016 1330 4096 8191 8191 8191 8191 4096 
1323 1259 4575 16383 1177 1287 1301 1243 986 1330 4097 4096 4096 4096 4096 4097 
1354 1266 4575 16383 1178 1287 1299 1241 1029 1331 4096 8191 8191 8191 8191 4096 
1349 1267 4576 16383 1178 1287 1299 1242 1011 1331 4096 8191 8191 8191 8191 4096 
1387 1291 4573 16383 1177 1289 1301 1244 1024 1330 4096 8191 8191 8191 8191 4096 
1333 1270 4573 16383 1179 1290 1301 1243 1003 1332 4097 4096 4096 4096 4096 4097 
1365 1333 4574 16383 1177 1287 1301 1243 1007 1332 4096 8191 8191 8191 8191 4096 
1363 1280 4577 16383 1178 1287 1300 1243 1009 1331 4096 8191 8191 8191 8191 4096 
1378 1269 4567 16383 1179 1289 1301 1243 1015 1330 4096 8191 8191 8191 8191 4096 
1327 1341 4570 16383 1177 1287 1299 1239 944 1329 4096 8191 8191 8191 8191 4096 
1351 1290 4578 16383 1177 1288 1301 1241 1000 1332 4097 4096 4096 4096 4096 4097 
1352 1275 4575 16383 1179 1289 1301 1243 1007 1333 4096 8191 8191 8191 8191 4096 
1378 1310 4563 16383 1177 1286 1300 1241 1008 1331 4096 8191 8191 8191 8191 4096 
1348 1274 4580 16383 1181 1290 1303 1243 1011 1331 4096 8191 8191 8191 8191 4096 
1371 1303 4579 16383 1177 1289 1301 1243 1015 1330 4096 8191 8191 8191 8191 4096 
1337 1263 4578 16383 1179 1287 1301 1243 1017 1330 4096 8191 8191 8191 8191 4096 
1362 1260 4567 16383 1178 1287 1302 1243 1023 1330 4096 8191 8191 8191 8191 4096 
1365 1315 4573 16383 1179 1287 1299 1244 1015 1330 4097 4096 4096 4096 4096 4097 
1361 1286 4572 16383 1177 1287 1298 1241 1008 1331 8191 8190 8190 8190 8190 8191 
1326 1256 4578 16383 1175 1286 1301 1243 992 1330 4097 4096 4096 4096 4096 4097 
1367 1271 4574 16383 1177 1287 1300 1241 1018 1330 4096 8191 8191 8191 8191 4096 
1339 1263 4581 16383 1179 1286 1299 1242 1023 1330 4096 8191 8191 8191 8191 4096 
1327 1255 4571 16383 1179 1290 1301 1242 988 1330 8191 8190 8190 8190 8190 8191 
1337 1279 4576 16383 1175 1289 1299 1242 1000 1332 8191 8190 8190 8190 8190 8191 
1321 1257 4579 16383 1181 1287 1300 1244 973 1329 8191 8190 8190 8190 8190 8191 
1330 1247 4571 16383 1178 1287 1302 1245 1011 1330 4096 8191 8191 8191 8191 4096 
1339 1273 4581 16383 1179 1288 1302 1246 993 1331 4096 8191 8191 8191 8191 4096 
1375 1291 4575 16383 1178 1289 1299 1241 1007 1331 4096 8191 8191 8191 8191 4096 
1353 1274 4577 16383 1178 1287 1299 1241 1009 1332 4096 8191 8191 8191 8191 4096 
1344 1249 4570 16383 1177 1286 1299 1239 1033 1331 8191 8190 8190 8190 8190 8191 
1357 1280 4579 16383 1181 1291 1301 1245 1013 1330 4097 4096 4096 4096 4096 4097 
1326 1266 4578 16383 1179 1289 1299 1242 976 1329 4096 8191 8191 8191 8191 4096 
1329 1259 4571 16383 1177 1287 1299 1241 987 1329 4096 8191 8191 8191 8191 4096 
1336 1274 4577 16383 1179 1290 1300 1243 1033 1330 4096 8191 8191 8191 8191 4096 
1363 1253 4572 16383 1179 1290 1301 1241 1032 1331 4096 8191 8191 8191 8191 4096 
1341 1258 4570 16383 1178 1287 1300 1243 1015 1330 8191 8190 8190 8190 8190 8191 
1329 1265 4580 16383 1180 1288 1302 1242 956 1330 4096 8191 8191 8191 8191 4096 
1336 1257 4569 16383 1175 1285 1299 1242 1009 1331 8191 8190 8190 8190 8190 8191 
1325 1267 4571 16383 1178 1287 1300 1242 975 1330 4096 8191 8191 8191 8191 4096 
1331 1259 4575 16383 1177 1287 1299 1241 1005 1332 8191 8190 8190 8190 8190 8191 
1339 1297 4575 16383 1179 1289 1302 1243 984 1329 4096 8191 8191 8191 8191 4096 
1388 1294 4575 16383 1178 1288 1301 1243 1028 1330 4096 8191 8191 8191 8191 4096 
1344 1273 4575 16383 1177 1287 1301 1242 1003 1333 4096 8191 8191 8191 8191 4096 
1337 1290 4574 16383 1178 1287 1299 1243 992 1330 4096 8191 8191 8191 8191 4096 
1325 1267 4567 16383 1178 1287 1299 1241 971 1330 4096 8191 8191 8191 8191 4096 
1325 1306 4577 16383 1175 1287 1301 1242 971 1329 4096 8191 8191 8191 8191 4096 
1326 1267 4567 16383 1179 1290 1301 1244 976 1330 8191 8190 8190 8190 8190 8191 
1329 1266 4578 16383 1179 1289 1301 1245 988 1329 4096 8191 8191 8191 8191 4096 
1355 1254 4571 16383 1179 1287 1301 1243 1021 1330 4096 8191 8191 8191 8191 4096 
1383 1281 4569 16383 1179 1290 1301 1243 1023 1330 4096 8191 8191 8191 8191 4096 
1342 1302 4575 16383 1179 1287 1299 1243 997 1331 4096 8191 8191 8191 8191 4096 
1323 1255 4567 16383 1178 1290 1303 1243 966 1330 8191 8190 8190 8190 8190 8191 
1355 1290 4568 16383 1178 1289 1301 1243 992 1331 4096 8191 8191 8191 8191 4096 
1328 1290 4567 16383 1177 1287 1301 1243 988 1330 4096 8191 8191 8191 8191 4096 
1320 1275 4575 16383 1178 1287 1301 1243 972 1330 4096 8191 8191 8191 8191 4096 
1322 1253 4567 16383 1179 1289 1301 1244 1011 1331 4097 4096 4096 4096 4096 4097 
1339 1257 4573 16383 1178 1287 1299 1243 1008 1331 4096 8191 8191 8191 8191 4096 
1347 1266 4575 16383 1179 1287 1300 1240 992 1331 8191 8190 8190 8190 8190 8191 
1351 1233 4567 16383 1179 1289 1301 1244 1062 1330 4097 4096 4096 4096 4096 4097 
1325 1266 4577 16383 1179 1290 1302 1242 969 1330 8191 8190 8190 8190 8190 8191 
1327 1263 4567 16383 1180 1289 1303 1244 973 1329 8191 8190 8190 8190 8190 8191 
1305 1316 4571 16383 1177 1287 1298 1241 1034 1331 4096 8191 8191 8191 8191 4096 
1343 1268 4569 16383 1179 1289 1303 1243 990 1330 4096 8191 8191 8191 8191 4096 
1337 1266 4563 16383 1179 1288 1300 1244 992 1330 4097 4096 4096 4096 4096 4097 
1385 1295 4573 16383 1177 1287 1299 1242 1017 1330 4096 8191 8191 8191 8191 4096 
1843 1318 4569 16383 1179 1287 1301 1241 1060 1330 8191 8190 8190 8190 8190 8191 
1331 1255 4571 16383 1179 1289 1301 1244 996 1331 4096 8191 8191 8191 8191 4096 
1349 1263 4567 16383 1180 1288 1300 1242 1018 1330 4096 8191 8191 8191 8191 4096 
1330 1262 4567 16383 1177 1287 1300 1242 1000 1332 4096 8191 8191 8191 8191 4096 
1531 1279 4567 16383 1177 1288 1299 1243 1047 1331 8191 8190 8190 8190 8190 8191 
1338 1283 4567 16383 1179 1286 1301 1243 979 1329 4096 8191 8191 8191 8191 4096 
1339 1262 4567 16383 1175 1285 1299 1239 1012 1332 4096 8191 8191 8191 8191 4096 
1326 1275 4574 16383 1178 1289 1301 1241 1003 1332 4096 8191 8191 8191 8191 4096 
1337 1278 4581 16383 1179 1290 1303 1243 1005 1331 4096 8191 8191 8191 8191 4096 
1427 1333 4579 16383 1178 1289 1301 1243 1017 1330 4097 4096 4096 4096 4096 4097 
1343 1349 4569 16383 1179 1289 1302 1245 982 1330 4096 8191 8191 8191 8191 4096 
1330 1283 4567 16383 1179 1287 1301 1243 980 1329 4096 8191 8191 8191 8191 4096 
1320 1254 4574 16383 1177 1287 1299 1242 930 1330 4096 8191 8191 8191 8191 4096 
1386 1271 4575 16383 1177 1287 1299 1243 1024 1330 8191 8190 8190 8190 8190 8191 
1319 1259 4579 16383 1179 1287 1301 1242 971 1330 8191 8190 8190 8190 8190 8191 
1325 1252 4567 16383 1178 1287 1301 1242 1015 1330 4096 8191 8191 8191 8191 4096 
1321 1257 4579 16383 1179 1287 1302 1245 1002 1331 4096 8191 8191 8191 8191 4096 
1322 1265 4569 16383 1177 1287 1299 1243 983 1329 4096 8191 8191 8191 8191 4096 
1371 1263 4567 16383 1179 1289 1301 1244 1014 1332 4096 8191 8191 8191 8191 4096 
1364 1271 4571 16383 1179 1286 1301 1242 1025 1330 4096 8191 8191 8191 8191 4096 
1361 1295 4573 16383 1177 1289 1299 1243 998 1331 4096 8191 8191 8191 8191 4096 
1333 1267 4576 16383 1179 1287 1299 1243 1012 1332 4097 4096 4096 4096 4096 4097 
1323 1255 4573 16383 1179 1290 1299 1243 973 1330 4096 8191 8191 8191 8191 4096 
1319 1252 4567 16383 1178 1287 1299 1241 984 1330 4096 8191 8191 8191 8191 4096 
1341 1269 4567 16383 1178 1288 1299 1243 1000 1332 4096 8191 8191 8191 8191 4096 
1359 1275 4577 16383 1178 1289 1299 1241 1016 1330 4096 8191 8191 8191 8191 4096 
1339 1266 4574 16383 1177 1285 1299 1242 996 1331 4096 8191 8191 8191 8191 4096 
1333 1265 4565 16383 1175 1287 1299 1242 988 1330 4096 8191 8191 8191 8191 4096 
1327 1281 4579 16383 1178 1287 1301 1244 988 1330 4096 8191 8191 8191 8191 4096 
1372 1319 4581 16383 1179 1287 1299 1243 1005 1332 4096 8191 8191 8191 8191 4096 
1359 1254 4567 16383 1178 1287 1301 1242 1042 1331 4096 8191 8191 8191 8191 4096 
1318 1261 4577 16383 1179 1287 1301 1241 967 1330 4097 4096 4096 4096 4096 4097 
1325 1281 4578 16383 1179 1287 1300 1242 972 1330 4096 8191 8191 8191 8191 4096 
1379 1316 4581 16383 1179 1287 1301 1243 1007 1332 4096 8191 8191 8191 8191 4096 
1358 1255 4579 16383 1178 1287 1301 1242 1036 1331 4096 8191 8191 8191 8191 4096 
1320 1259 4574 16383 1178 1288 1300 1243 960 1330 4096 8191 8191 8191 8191 4096 
1331 1278 4571 16383 1179 1290 1302 1243 977 1330 8191 8190 8190 8190 8190 8191 
1342 1269 4576 16383 1179 1286 1299 1242 997 1331 8191 8190 8190 8190 8190 8191 
1348 1263 4579 16383 1178 1289 1300 1243 1024 1330 4097 4096 4096 4096 4096 4097 
1337 1269 4585 16383 1179 1289 1302 1244 1005 1331 8191 8190 8190 8190 8190 8191 
1351 1262 4573 16383 1179 1287 1301 1243 1019 1330 4096 8191 8191 8191 8191 4096 
1324 1271 4582 16383 1178 1289 1301 1241 975 1329 4096 8191 8191 8191 8191 4096 
1352 1291 4581 16383 1178 1289 1299 1243 987 1330 4096 8191 8191 8191 8191 4096 
1327 1280 4573 16383 1181 1289 1303 1244 969 1330 4096 8191 8191 8191 8191 4096 
1345 1282 4582 16383 1177 1287 1299 1242 1003 1332 4096 8191 8191 8191 8191 4096 
1500 1307 4579 16383 1179 1287 1300 1243 1031 1330 4096 8191 8191 8191 8191 4096 
1320 1277 4581 16383 1178 1287 1301 1243 981 1329 4096 8191 8191 8191 8191 4096 
1331 1263 4579 16383 1177 1287 1300 1241 981 1330 4096 8191 8191 8191 8191 4096 
1321 1283 4573 16383 1178 1287 1298 1241 963 1330 4096 8191 8191 8191 8191 4096 
1325 1276 4576 16383 1177 1286 1301 1242 951 1330 4096 8191 8191 8191 8191 4096 
1348 1281 4571 16383 1179 1288 1301 1243 1000 1332 4096 8191 8191 8191 8191 4096 
1335 1268 4574 16383 1179 1289 1301 1243 993 1330 4097 4096 4096 4096 4096 4097 
1345 1287 4578 16383 1180 1288 1302 1243 990 1330 8191 8190 8190 8190 8190 8191 
1328 1267 4586 16383 1179 1289 1299 1242 988 1330 4096 8191 8191 8191 8191 4096 
1349 1281 4577 16383 1179 1287 1301 1245 1004 1331 4096 8191 8191 8191 8191 4096 
1346 1287 4577 16383 1178 1287 1302 1243 1016 1330 4097 4096 4096 4096 4096 4097 
1403 1283 4581 16383 1177 1287 1298 1242 1027 1330 4096 8191 8191 8191 8191 4096 
1353 1282 4581 16383 1178 1287 1301 1244 1009 1331 4096 8191 8191 8191 8191 4096 
1331 1272 4578 16383 1179 1290 1300 1245 989 1330 4096 8191 8191 8191 8191 4096 
1345 1286 4581 16383 1179 1288 1300 1243 1000 1332 8191 8190 8190 8190 8190 8191 
1320 1329 4583 16383 1178 1289 1299 1243 946 1330 8191 8190 8190 8190 8190 8191 
1340 1260 4587 16383 1178 1290 1301 1244 1012 1331 4096 8191 8191 8191 8191 4096 
1341 1263 4578 16383 1179 1289 1301 1243 1016 1330 4096 8191 8191 8191 8191 4096 
1326 1257 4577 16383 1175 1287 1299 1241 967 1331 4096 8191 8191 8191 8191 4096 
1379 1273 4575 16383 1179 1289 1301 1242 1028 1331 4096 8191 8191 8191 8191 4096 
1333 1299 4579 16383 1179 1287 1301 1245 987 1330 4096 8191 8191 8191 8191 4096 
1331 1260 4581 16383 1181 1289 1302 1245 993 1331 4096 8191 8191 8191 8191 4096 
1353 1280 4577 16383 1179 1289 1302 1243 1006 1332 4096 8191 8191 8191 8191 4096 
1339 1300 4578 16383 1179 1287 1299 1243 978 1329 4096 8191 8191 8191 8191 4096 
1332 1289 4576 16383 1179 1287 1298 1242 971 1330 4096 8191 8191 8191 8191 4096 
1366 1262 4581 16383 1178 1287 1299 1241 1024 1330 4096 8191 8191 8191 8191 4096 
1330 1283 4579 16383 1181 1287 1303 1245 977 1329 4096 8191 8191 8191 8191 4096 
1324 1254 4587 16383 1178 1287 1300 1242 988 1330 4096 8191 8191 8191 8191 4096 
1323 1401 4579 16383 1177 1287 1299 1242 927 1330 4096 8191 8191 8191 8191 4096 
1319 1263 4586 16383 1178 1286 1301 1243 910 1330 4096 8191 8191 8191 8191 4096 
1323 1277 4591 16383 1179 1287 1301 1243 974 1329 4096 8191 8191 8191 8191 4096 
1337 1303 4589 16383 1178 1286 1300 1243 994 1331 4096 8191 8191 8191 8191 4096 
1379 1319 4582 16383 1178 1289 1301 1243 1020 1330 4096 8191 8191 8191 8191 4096 
1378 1326 4586 16383 1178 1289 1302 1245 997 1331 8191 8190 8190 8190 8190 8191 
1331 1268 4580 16383 1178 1287 1301 1243 995 1331 4096 8191 8191 8191 8191 4096 
1369 1261 4583 16383 1179 1287 1300 1242 1024 1330 8191 8190 8190 8190 8190 8191 
1392 1299 4587 16383 1179 1287 1301 1244 1016 1330 4096 8191 8191 8191 8191 4096 
1333 1282 4582 16383 1179 1289 1301 1241 982 1329 4096 8191 8191 8191 8191 4096 
1331 1268 4585 16383 1177 1289 1300 1241 1000 1332 4096 8191 8191 8191 8191 4096 
1334 1266 4589 16383 1177 1286 1301 1242 999 1332 4096 8191 8191 8191 8191 4096 
1360 1516 4582 16383 1179 1287 1301 1243 992 1331 4096 8191 8191 8191 8191 4096 
1377 1279 4589 16383 1179 1289 1302 1243 1015 1330 4096 8191 8191 8191 8191 4096 
1319 1249 4589 16383 1177 1287 1298 1242 973 1331 8191 8190 8190 8190 8190 8191 
1323 1334 4589 16383 1178 1289 1301 1241 949 1330 4096 8191 8191 8191 8191 4096 
1323 1269 4589 16383 1177 1287 1301 1242 938 1330 8191 8190 8190 8190 8190 8191 
1328 1359 4589 16383 1179 1287 1299 1242 967 1330 4096 8191 8191 8191 8191 4096 
1326 1311 4579 16383 1178 1287 1295 1241 979 1330 4096 8191 8191 8191 8191 4096 
1331 1253 4591 16383 1179 1289 1301 1241 1013 1331 4096 8191 8191 8191 8191 4096 
1345 1299 4586 16383 1178 1287 1302 1243 995 1331 4096 8191 8191 8191 8191 4096 
1328 1254 4593 16383 1179 1289 1301 1243 990 1330 4096 8191 8191 8191 8191 4096 
1325 1252 4595 16383 1178 1287 1300 1243 973 1330 4096 8191 8191 8191 8191 4096 
1331 1284 4583 16383 1178 1289 1301 1244 981 1329 4096 8191 8191 8191 8191 4096 
1335 1295 4589 16383 1178 1287 1299 1242 977 1330 8191 8190 8190 8190 8190 8191 
1338 1257 4581 16383 1178 1287 1302 1243 1011 1331 4096 8191 8191 8191 8191 4096 
1351 1273 4595 16383 1179 1287 1299 1242 1014 1331 4096 8191 8191 8191 8191 4096 
1349 1282 4589 16383 1179 1290 1302 1242 1011 1331 4096 8191 8191 8191 8191 4096 
1363 1262 4589 16383 1179 1289 1299 1243 1031 1331 8191 8190 8190 8190 8190 8191 
1397 1273 4595 16383 1178 1287 1301 1243 1036 1331 4096 8191 8191 8191 8191 4096 
1345 1299 4591 16383 1175 1287 1299 1241 987 1331 4096 8191 8191 8191 8191 4096 
1405 1311 4591 16383 1178 1289 1301 1243 1029 1331 8191 8190 8190 8190 8190 8191 
1361 1239 4589 16383 1177 1287 1299 1243 1037 1331 4096 8191 8191 8191 8191 4096 
1339 1253 4590 16383 1177 1285 1301 1243 1015 1330 4096 8191 8191 8191 8191 4096 
1369 1289 4583 16383 1178 1290 1299 1242 1023 1330 4096 8191 8191 8191 8191 4096 
1329 1269 4593 16383 1179 1289 1302 1241 966 1330 4096 8191 8191 8191 8191 4096 
1332 1274 4593 16383 1177 1287 1299 1243 986 1330 4096 8191 8191 8191 8191 4096 
1359 1254 4593 16383 1179 1287 1300 1243 1026 1330 4096 8191 8191 8191 8191 4096 
1349 1281 4593 16383 1179 1289 1301 1245 994 1331 8191 8190 8190 8190 8190 8191 
1369 1347 4593 16383 1179 1289 1301 1241 1013 1330 4096 8191 8191 8191 8191 4096 
1329 1266 4591 16383 1179 1291 1303 1245 989 1330 4096 8191 8191 8191 8191 4096 
1358 1359 4589 16383 1179 1289 1301 1243 989 1330 4096 8191 8191 8191 8191 4096 
1329 1281 4585 16383 1177 1285 1299 1242 991 1331 4096 8191 8191 8191 8191 4096 
1343 1309 4582 16383 1178 1287 1299 1242 984 1329 4097 4096 4096 4096 4096 4097 
1354 1276 4581 16383 1179 1289 1301 1243 1007 1332 8191 8190 8190 8190 8190 8191 
1336 1273 4587 16383 1177 1286 1299 1243 1002 1332 4096 8191 8191 8191 8191 4096 
1368 1271 4583 16383 1178 1287 1301 1241 1014 1330 4096 8191 8191 8191 8191 4096 
1337 1261 4594 16383 1181 1290 1302 1244 1008 1331 4096 8191 8191 8191 8191 4096 
1321 1259 4580 16383 1177 1286 1295 1241 972 1330 4096 8191 8191 8191 8191 4096 
1322 1271 4580 16383 1180 1289 1301 1243 972 1330 4096 8191 8191 8191 8191 4096 
1355 1334 4581 16383 1179 1291 1302 1242 990 1330 4096 8191 8191 8191 8191 4096 
1417 1259 4591 16383 1177 1287 1299 1241 1050 1329 4096 8191 8191 8191 8191 4096 
1355 1281 4589 16383 1178 1287 1301 1242 1009 1331 4096 8191 8191 8191 8191 4096 
1382 1258 4579 16383 1179 1287 1301 1243 1037 1331 4097 4096 4096 4096 4096 4097 
1335 1288 4582 16383 1178 1287 1300 1243 993 1330 4096 8191 8191 8191 8191 4096 
1360 1247 4578 16383 1175 1286 1299 1242 1032 1331 4096 8191 8191 8191 8191 4096 
1319 1273 4583 16383 1178 1289 1301 1244 941 1330 4096 8191 8191 8191 8191 4096 
1333 1260 4589 16383 1179 1289 1301 1243 1000 1332 4096 8191 8191 8191 8191 4096 
1331 1263 4581 16383 1175 1285 1299 1240 1003 1332 4096 8191 8191 8191 8191 4096 
1332 1255 4587 16383 1178 1287 1299 1243 998 1332 4096 8191 8191 8191 8191 4096 
1326 1271 4581 16383 1179 1286 1301 1243 987 1330 4096 8191 8191 8191 8191 4096 
1326 1274 4581 16383 1178 1287 1301 1242 976 1330 4096 8191 8191 8191 8191 4096 
1331 1282 4595 16383 1180 1289 1302 1243 1002 1332 4096 8191 8191 8191 8191 4096 
1331 1262 4583 16383 1180 1291 1303 1243 990 1330 4096 8191 8191 8191 8191 4096 
1391 1332 4589 16383 1179 1289 1301 1245 1010 1331 4096 8191 8191 8191 8191 4096 
1383 1274 4586 16383 1178 1287 1299 1242 1029 1330 4096 8191 8191 8191 8191 4096 
1335 1259 4583 16383 1177 1287 1299 1242 1008 1331 8191 8190 8190 8190 8190 8191 
1350 1287 4581 16383 1180 1289 1301 1245 1003 1332 4096 8191 8191 8191 8191 4096 
1321 1279 4589 16383 1177 1287 1299 1242 968 1331 4096 8191 8191 8191 8191 4096 
1321 1280 4582 16383 1178 1287 1299 1241 968 1330 4096 8191 8191 8191 8191 4096 
1335 1345 4585 16383 1178 1287 1298 1243 980 1329 4096 8191 8191 8191 8191 4096 
1333 1261 4583 16383 1178 1288 1302 1245 992 1331 4096 8191 8191 8191 8191 4096 
1342 1258 4581 16383 1178 1286 1298 1242 1003 1332 8191 8190 8190 8190 8190 8191 
1330 1261 4589 16383 1181 1291 1303 1246 964 1331 4096 8191 8191 8191 8191 4096 
1342 1271 4585 16383 1178 1287 1299 1242 1004 1332 4096 8191 8191 8191 8191 4096 
1323 1283 4582 16383 1181 1291 1303 1244 979 1329 4096 8191 8191 8191 8191 4096 
1349 1273 4582 16383 1179 1289 1301 1245 997 1332 4096 8191 8191 8191 8191 4096 
1349 1263 4593 16383 1179 1289 1300 1241 1000 1332 4096 8191 8191 8191 8191 4096 
1356 1260 4584 16383 1179 1289 1301 1244 1019 1330 4096 8191 8191 8191 8191 4096 
1333 1279 4593 16383 1178 1287 1303 1243 999 1332 4096 8191 8191 8191 8191 4096 
1335 1267 4586 16383 1175 1286 1299 1241 994 1331 4096 8191 8191 8191 8191 4096 
1429 1291 4586 16383 1178 1287 1299 1243 1028 1330 4097 4096 4096 4096 4096 4097 
1351 1267 4587 16383 1178 1289 1301 1243 1002 1332 4096 8191 8191 8191 8191 4096 
1374 1314 4581 16383 1179 1289 1300 1243 1010 1331 4096 8191 8191 8191 8191 4096 
1333 1247 4582 16383 1179 1287 1299 1243 1007 1332 4096 8191 8191 8191 8191 4096 
1329 1254 4590 16383 1178 1287 1300 1243 997 1331 4096 8191 8191 8191 8191 4096 
1350 1271 4583 16383 1179 1289 1301 1243 1025 1331 4096 8191 8191 8191 8191 4096 
1317 1263 4588 16383 1178 1287 1299 1242 969 1330 4096 8191 8191 8191 8191 4096 
1391 1337 4580 16383 1178 1287 1299 1241 1005 1332 8191 8190 8190 8190 8190 8191 
1324 1260 4586 16383 1178 1287 1301 1244 973 1330 4097 4096 4096 4096 4096 4097 
1361 1303 4591 16383 1178 1287 1299 1243 1003 1332 4096 8191 8191 8191 8191 4096 
1334 1273 4581 16383 1177 1287 1299 1243 980 1329 4097 4096 4096 4096 4096 4097 
1333 1362 4587 16383 1177 1287 1300 1241 982 1329 4096 8191 8191 8191 8191 4096 
1339 1261 4583 16383 1179 1289 1302 1243 1005 1332 4097 4096 4096 4096 4096 4097 
1369 1307 4583 16383 1175 1287 1298 1242 1013 1330 4096 8191 8191 8191 8191 4096 
1337 1263 4580 16383 1179 1289 1300 1243 1004 1332 4096 8191 8191 8191 8191 4096 
1341 1243 4581 16383 1179 1287 1300 1242 1023 1330 4097 4096 4096 4096 4096 4097 
1323 1269 4580 16383 1179 1286 1300 1241 983 1330 4096 8191 8191 8191 8191 4096 
1375 1287 4574 16383 1179 1289 1303 1245 1015 1330 4096 8191 8191 8191 8191 4096 
1357 1291 4580 16383 1178 1287 1298 1243 1002 1332 8191 8190 8190 8190 8190 8191 
1359 1262 4584 16383 1176 1289 1299 1242 1020 1330 8191 8190 8190 8190 8190 8191 
1357 1285 4577 16383 1179 1289 1301 1243 1007 1332 4096 8191 8191 8191 8191 4096 
1334 1275 4574 16383 1178 1287 1300 1241 976 1330 4096 8191 8191 8191 8191 4096 
1326 1269 4574 16383 1177 1287 1299 1241 976 1330 4096 8191 8191 8191 8191 4096 
1355 1280 4575 16383 1176 1287 1301 1243 1031 1330 4096 8191 8191 8191 8191 4096 
1326 1267 4587 16383 1178 1290 1301 1244 986 1329 4096 8191 8191 8191 8191 4096 
1342 1287 4585 16383 1178 1291 1301 1244 989 1330 4096 8191 8191 8191 8191 4096 
1321 1271 4585 16383 1178 1287 1301 1243 981 1329 4097 4096 4096 4096 4096 4097 
1333 1254 4582 16383 1178 1287 1301 1242 1019 1331 8191 8190 8190 8190 8190 8191 
1417 1263 4577 16383 1179 1287 1301 1242 1028 1331 4096 8191 8191 8191 8191 4096 
1346 1260 4582 16383 1178 1286 1299 1243 1016 1331 8191 8190 8190 8190 8190 8191 
1335 1271 4573 16383 1179 1289 1299 1243 999 1331 4096 8191 8191 8191 8191 4096 
1331 1269 4580 16383 1180 1290 1300 1243 981 1329 4096 8191 8191 8191 8191 4096 
1329 1270 4583 16383 1179 1289 1301 1243 975 1330 4096 8191 8191 8191 8191 4096 
1338 1270 4581 16383 1179 1287 1299 1241 991 1330 4096 8191 8191 8191 8191 4096 
1351 1301 4585 16383 1177 1287 1299 1241 1004 1332 4096 8191 8191 8191 8191 4096 
1364 1317 4579 16383 1178 1287 1301 1241 1012 1331 4096 8191 8191 8191 8191 4096 
1366 1309 4570 16383 1177 1286 1299 1239 1005 1332 4096 8191 8191 8191 8191 4096 
1355 1255 4573 16383 1179 1288 1300 1242 1038 1331 4096 8191 8191 8191 8191 4096 
1348 1316 4583 16383 1179 1289 1302 1240 1002 1332 4096 8191 8191 8191 8191 4096 
1319 1270 4575 16383 1177 1286 1299 1243 972 1331 4096 8191 8191 8191 8191 4096 
1357 1326 4582 16383 1179 1287 1303 1245 988 1330 4096 8191 8191 8191 8191 4096 
1335 1255 4573 16383 1180 1289 1302 1245 1000 1332 4096 8191 8191 8191 8191 4096 
1335 1271 4578 16383 1178 1289 1301 1243 986 1330 4096 8191 8191 8191 8191 4096 
1336 1276 4575 16383 1178 1287 1299 1243 993 1331 4097 4096 4096 4096 4096 4097 
1341 1302 4574 16383 1177 1287 1300 1241 990 1330 4096 8191 8191 8191 8191 4096 
1320 1259 4578 16383 1178 1286 1301 1241 962 1330 4096 8191 8191 8191 8191 4096 
1377 1362 4579 16383 1179 1287 1299 1242 1001 1332 4096 8191 8191 8191 8191 4096 
1331 1269 4583 16383 1179 1287 1299 1243 995 1331 4096 8191 8191 8191 8191 4096 
1314 1254 4581 16383 1175 1288 1299 1243 972 1330 4096 8191 8191 8191 8191 4096 
1334 1293 4578 16383 1179 1288 1300 1244 980 1329 8191 8190 8190 8190 8190 8191 
1355 1311 4576 16383 1178 1288 1301 1244 1003 1333 8191 8190 8190 8190 8190 8191 
1329 1281 4573 16383 1177 1289 1301 1239 990 1330 8191 8190 8190 8190 8190 8191 
1339 1275 4583 16383 1176 1287 1299 1241 1004 1332 4097 4096 4096 4096 4096 4097 
1323 1275 4584 16383 1179 1289 1301 1241 970 1330 4096 8191 8191 8191 8191 4096 
1387 1293 4585 16383 1177 1287 1300 1243 1017 1330 4096 8191 8191 8191 8191 4096 
1330 1263 4582 16383 1179 1287 1301 1241 977 1329 4096 8191 8191 8191 8191 4096 
1345 1239 4582 16383 1178 1287 1299 1243 1036 1331 4096 8191 8191 8191 8191 4096 
1327 1261 4571 16383 1178 1287 1301 1242 991 1331 4096 8191 8191 8191 8191 4096 
1383 1280 4575 16383 1179 1289 1302 1243 1025 1330 4097 4096 4096 4096 4096 4097 
1359 1261 4570 16383 1178 1287 1302 1243 1014 1330 4096 8191 8191 8191 8191 4096 
1335 1226 4582 16383 1177 1287 1299 1239 963 1330 4096 8191 8191 8191 8191 4096 
1389 1278 4580 16383 1179 1287 1299 1244 1020 1330 4097 4096 4096 4096 4096 4097 
1345 1342 4584 16383 1178 1289 1301 1243 984 1330 4096 8191 8191 8191 8191 4096 
1348 1252 4579 16383 1178 1289 1301 1243 1029 1330 4096 8191 8191 8191 8191 4096 
1329 1283 4575 16383 1179 1287 1301 1242 949 1330 4096 8191 8191 8191 8191 4096 
1323 1263 4583 16383 1177 1287 1301 1243 988 1330 4096 8191 8191 8191 8191 4096 
1334 1293 4579 16383 1177 1287 1298 1241 983 1329 4096 8191 8191 8191 8191 4096 
1351 1286 4575 16383 1178 1287 1299 1243 1016 1330 4096 8191 8191 8191 8191 4096 
1338 1268 4574 16383 1177 1286 1299 1241 1003 1332 4096 8191 8191 8191 8191 4096 
1338 1266 4573 16383 1181 1290 1301 1245 1011 1331 4096 8191 8191 8191 8191 4096 
1376 1316 4584 16383 1178 1287 1300 1242 996 1331 4096 8191 8191 8191 8191 4096 
1337 1262 4575 16383 1179 1289 1299 1243 1007 1332 8191 8190 8190 8190 8190 8191 
1352 1269 4578 16383 1177 1286 1299 1242 1000 1332 4096 8191 8191 8191 8191 4096 
1377 1275 4583 16383 1178 1289 1299 1242 1028 1330 4096 8191 8191 8191 8191 4096 
1335 1271 4571 16383 1175 1287 1299 1241 984 1330 4096 8191 8191 8191 8191 4096 
1328 1263 4585 16383 1179 1287 1299 1243 988 1330 4096 8191 8191 8191 8191 4096 
1323 1276 4582 16383 1179 1287 1299 1242 986 1330 4096 8191 8191 8191 8191 4096 
1326 1263 4575 16383 1179 1289 1300 1243 966 1330 4096 8191 8191 8191 8191 4096 
1331 1262 4581 16383 1179 1287 1299 1241 1005 1332 4096 8191 8191 8191 8191 4096 
1358 1342 4581 16383 1177 1287 1299 1242 1003 1332 4097 4096 4096 4096 4096 4097 
1354 1283 4581 16383 1179 1289 1300 1242 1015 1330 4096 8191 8191 8191 8191 4096 
1341 1248 4573 16383 1179 1287 1301 1242 1042 1332 4096 8191 8191 8191 8191 4096 
1325 1282 4577 16383 1177 1287 1300 1242 981 1330 4096 8191 8191 8191 8191 4096 
1362 1300 4569 16383 1179 1289 1301 1242 1007 1332 4096 8191 8191 8191 8191 4096 
1356 1282 4581 16383 1180 1289 1301 1245 1002 1332 4096 8191 8191 8191 8191 4096 
1388 1315 4578 16383 1179 1287 1299 1243 1011 1331 4096 8191 8191 8191 8191 4096 
1326 1261 4575 16383 1175 1286 1299 1241 988 1330 4097 4096 4096 4096 4096 4097 
1455 1340 4578 16383 1179 1289 1299 1242 1029 1331 4096 8191 8191 8191 8191 4096 
1322 1237 4573 16383 1177 1287 1298 1242 1008 1332 4096 8191 8191 8191 8191 4096 
1333 1293 4580 16383 1178 1289 1298 1243 985 1330 4096 8191 8191 8191 8191 4096 
1417 1358 4582 16383 1178 1287 1301 1241 1012 1330 4096 8191 8191 8191 8191 4096 
1389 1247 4571 16383 1179 1289 1299 1243 1067 1331 4096 8191 8191 8191 8191 4096 
1333 1265 4574 16383 1178 1289 1301 1243 1010 1331 4096 8191 8191 8191 8191 4096 
1335 1259 4567 16383 1177 1285 1300 1241 988 1331 4096 8191 8191 8191 8191 4096 
1344 1270 4574 16383 1179 1287 1301 1243 1012 1332 4096 8191 8191 8191 8191 4096 
1333 1263 4573 16383 1179 1287 1299 1243 993 1331 4096 8191 8191 8191 8191 4096 
1386 1279 4567 16383 1179 1290 1302 1245 1019 1330 4096 8191 8191 8191 8191 4096 
1333 1268 4567 16383 1179 1289 1301 1242 987 1330 4096 8191 8191 8191 8191 4096 
1343 1303 4569 16383 1181 1289 1300 1243 1005 1332 4096 8191 8191 8191 8191 4096 
1324 1266 4572 16383 1179 1287 1299 1242 957 1330 4096 8191 8191 8191 8191 4096 
1309 1281 4567 16383 1177 1287 1301 1243 903 1331 4096 8191 8191 8191 8191 4096 
1331 1271 4579 16383 1180 1287 1300 1243 983 1329 4096 8191 8191 8191 8191 4096 
1371 1294 4580 16383 1179 1289 1299 1243 1018 1330 4096 8191 8191 8191 8191 4096 
1341 1269 4570 16383 1178 1286 1298 1243 992 1331 4096 8191 8191 8191 8191 4096 
1314 1265 4576 16383 1177 1287 1301 1242 904 1331 4096 8191 8191 8191 8191 4096 
1490 1377 4571 16383 1179 1290 1302 1245 1029 1331 4096 8191 8191 8191 8191 4096 
1332 1295 4565 16383 1178 1287 1299 1244 987 1330 8191 8190 8190 8190 8190 8191 
1318 1263 4571 16383 1178 1288 1301 1242 960 1331 4096 8191 8191 8191 8191 4096 
1329 1297 4577 16383 1178 1289 1301 1243 976 1330 4096 8191 8191 8191 8191 4096 
1322 1327 4571 16383 1178 1287 1301 1243 962 1330 4096 8191 8191 8191 8191 4096 
1353 1306 4575 16383 1179 1288 1299 1242 988 1330 4096 8191 8191 8191 8191 4096 
1322 1263 4565 16383 1179 1287 1300 1242 986 1330 4096 8191 8191 8191 8191 4096 
1358 1265 4571 16383 1179 1287 1301 1241 1022 1330 4096 8191 8191 8191 8191 4096 
1396 1389 4567 16383 1178 1287 1301 1243 1009 1331 4096 8191 8191 8191 8191 4096 
1361 1271 4577 16383 1178 1287 1300 1243 1015 1330 4096 8191 8191 8191 8191 4096 
1458 1321 4570 16383 1180 1289 1302 1243 1022 1330 8191 8190 8190 8190 8190 8191 
1337 1335 4573 16383 1179 1290 1301 1243 966 1330 4096 8191 8191 8191 8191 4096 
1367 1283 4575 16383 1179 1287 1299 1242 1026 1331 4096 8191 8191 8191 8191 4096 
1331 1263 4576 16383 1178 1289 1301 1242 990 1330 8191 8190 8190 8190 8190 8191 
1353 1267 4577 16383 1177 1287 1301 1241 1005 1332 4096 8191 8191 8191 8191 4096 
1339 1269 4574 16383 1181 1291 1303 1244 997 1331 4096 8191 8191 8191 8191 4096 
1341 1260 4573 16383 1177 1289 1301 1243 1016 1331 8191 8190 8190 8190 8190 8191 
1325 1300 4563 16383 1179 1286 1301 1243 976 1330 4096 8191 8191 8191 8191 4096 
1313 1263 4571 16383 1177 1286 1299 1241 936 1331 8191 8190 8190 8190 8190 8191 
1342 1254 4566 16383 1179 1289 1301 1245 1021 1330 4097 4096 4096 4096 4096 4097 
1321 1250 4576 16383 1175 1289 1301 1243 892 1330 8190 8189 8189 8189 8189 8190 
1333 1265 4577 16383 1179 1287 1302 1245 987 1330 4096 8191 8191 8191 8191 4096 
1341 1258 4570 16383 1178 1289 1301 1243 1014 1331 4096 8191 8191 8191 8191 4096 
1320 1279 4575 16383 1179 1287 1299 1244 952 1330 4096 8191 8191 8191 8191 4096 
1326 1265 4568 16383 1178 1290 1302 1243 964 1330 4096 8191 8191 8191 8191 4096 
1335 1251 4571 16383 1178 1287 1299 1242 1012 1331 4096 8191 8191 8191 8191 4096 
1339 1255 4567 16383 1179 1290 1301 1243 995 1331 4096 8191 8191 8191 8191 4096 
1323 1268 4566 16383 1179 1289 1301 1245 933 1330 4096 8191 8191 8191 8191 4096 
1321 1253 4565 16383 1177 1285 1299 1239 966 1330 4096 8191 8191 8191 8191 4096 
1339 1297 4563 16383 1179 1287 1301 1243 976 1330 4096 8191 8191 8191 8191 4096 
1331 1265 4572 16383 1181 1289 1302 1245 1010 1331 4096 8191 8191 8191 8191 4096 
1320 1279 4573 16383 1179 1286 1301 1242 960 1330 4096 8191 8191 8191 8191 4096 
1332 1255 4573 16383 1178 1287 1299 1242 1010 1331 4096 8191 8191 8191 8191 4096 
1335 1283 4565 16383 1177 1287 1299 1242 976 1330 4096 8191 8191 8191 8191 4096 
1363 1280 4566 16383 1177 1287 1299 1243 1013 1331 4096 8191 8191 8191 8191 4096 
1333 1309 4559 16383 1178 1287 1299 1242 965 1330 4096 8191 8191 8191 8191 4096 
1354 1305 4573 16383 1178 1289 1301 1243 992 1331 4096 8191 8191 8191 8191 4096 
1362 1347 4559 16383 1179 1287 1301 1243 1001 1332 4096 8191 8191 8191 8191 4096 
1340 1281 4566 16383 1178 1289 1300 1243 1005 1332 8191 8190 8190 8190 8190 8191 
1341 1257 4567 16383 1179 1289 1303 1243 1009 1332 4096 8191 8191 8191 8191 4096 
1333 1262 4569 16383 1177 1287 1299 1241 998 1332 8191 8190 8190 8190 8190 8191 
1329 1291 4558 16383 1178 1287 1301 1243 983 1331 8191 8190 8190 8190 8190 8191 
1341 1261 4561 16383 1179 1289 1300 1242 1005 1332 4096 8191 8191 8191 8191 4096 
1357 1366 4563 16383 1179 1290 1302 1243 991 1330 4096 8191 8191 8191 8191 4096 
