1278 1261 6037 16383 1175 1283 1299 1242 4098 1760 4099 4098 4098 4098 4098 4099 
1283 1254 6026 16383 1176 1283 1300 1243 4098 1759 4099 4098 4098 4098 4098 4099 
1345 1309 6041 16383 1174 1283 1299 1240 1216 1759 4098 4097 4097 4097 4097 4098 
1282 1271 6039 16383 1175 1285 1299 1243 4098 1759 4099 4098 4098 4098 4098 4099 
1281 1330 6035 16383 1175 1283 1297 1238 4097 1760 4098 4097 4097 4097 4097 4098 
1278 1260 6037 16383 1175 1281 1297 1242 4098 1759 4099 4098 4098 4098 4098 4099 
1283 1271 6025 16383 1175 1283 1299 1239 4098 1759 4099 4098 4098 4098 4098 4099 
1370 1290 6039 16383 1175 1286 1299 1243 1196 1760 4099 4098 4098 4098 4098 4099 
1418 1303 6033 16383 1174 1282 1297 1242 1192 1759 4097 4096 4096 4096 4096 4097 
1276 1274 6023 16383 1175 1283 1299 1240 4098 1759 4099 4098 4098 4098 4098 4099 
1279 1278 6036 16383 1175 1283 1299 1243 4097 1759 4098 4097 4097 4097 4097 4098 
1281 1250 6038 16383 1175 1281 1298 1242 4097 1759 4098 4097 4097 4097 4097 4098 
1281 1275 6039 16383 1175 1283 1299 1242 4097 1758 4098 4097 4097 4097 4097 4098 
1281 1255 6037 16383 1175 1282 1297 1243 4097 1760 4098 4097 4097 4097 4097 4098 
1281 1265 6023 16383 1175 1283 1300 1245 4097 1759 4098 4097 4097 4097 4097 4098 
1279 1278 6027 16383 1175 1282 1295 1241 4097 1760 4098 4097 4097 4097 4097 4098 
1281 1327 6019 16383 1175 1283 1299 1241 4097 1759 4098 4097 4097 4097 4097 4098 
1439 1316 6032 16383 1175 1281 1297 1240 1211 1759 4098 4097 4097 4097 4097 4098 
1281 1263 6020 16383 1174 1283 1297 1241 4097 1759 4098 4097 4097 4097 4097 4098 
1282 1271 6027 16383 1177 1283 1298 1242 4097 1759 4098 4097 4097 4097 4097 4098 
1281 1259 6042 16383 1175 1285 1298 1241 4097 1759 4098 4097 4097 4097 4097 4098 
1284 1261 6039 16383 1175 1285 1297 1242 4097 1760 4098 4097 4097 4097 4097 4098 
1282 1270 6041 16383 1177 1285 1301 1244 4097 1760 4098 4097 4097 4097 4097 4098 
1276 1255 6023 16383 1173 1282 1297 1241 4096 1759 4097 4096 4096 4096 4096 4097 
1280 1252 6033 16383 1178 1286 1302 1245 4097 1759 4098 4097 4097 4097 4097 4098 
1388 1339 6023 16383 1177 1284 1301 1245 1207 1760 4098 4097 4097 4097 4097 4098 
1279 1309 6020 16383 1174 1283 1297 1239 4097 1760 4098 4097 4097 4097 4097 4098 
1279 1261 6018 16383 1175 1281 1297 1239 4097 1760 4098 4097 4097 4097 4097 4098 
1281 1263 6033 16383 1177 1281 1299 1243 4097 1760 4098 4097 4097 4097 4097 4098 
1283 1273 6038 16383 1177 1283 1298 1243 4097 1759 4098 4097 4097 4097 4097 4098 
1282 1250 6026 16383 1175 1284 1297 1242 4097 1760 4098 4097 4097 4097 4097 4098 
1281 1273 6031 16383 1175 1285 1299 1245 4097 1760 4098 4097 4097 4097 4097 4098 
1293 1249 6027 16383 1175 1283 1295 1241 4097 1760 4098 4097 4097 4097 4097 4098 
1280 1263 6021 16383 1175 1283 1299 1243 4097 1759 4098 4097 4097 4097 4097 4098 
1286 1263 6021 16383 1175 1283 1299 1242 4097 1760 4098 4097 4097 4097 4097 4098 
1283 1257 6029 16383 1177 1284 1300 1245 4097 1759 4098 4097 4097 4097 4097 4098 
1281 1335 6035 16383 1173 1282 1298 1239 4097 1759 4098 4097 4097 4097 4097 4098 
1279 1291 6019 16383 1173 1281 1297 1241 4097 1759 4098 4097 4097 4097 4097 4098 
1281 1259 6020 16383 1175 1283 1298 1241 4097 1760 4098 4097 4097 4097 4097 4098 
1359 1343 6027 16383 1175 1283 1299 1241 1224 1759 4098 4097 4097 4097 4097 4098 
1278 1257 6023 16383 1175 1282 1299 1242 4097 1759 4098 4097 4097 4097 4097 4098 
1279 1263 6031 16383 1175 1284 1298 1242 4097 1760 4098 4097 4097 4097 4097 4098 
1281 1266 6031 16383 1175 1284 1299 1242 4097 1759 4098 4097 4097 4097 4097 4098 
1282 1303 6033 16383 1175 1283 1299 1243 4097 1760 4098 4097 4097 4097 4097 4098 
1284 1262 6022 16383 1177 1285 1299 1243 4097 1759 4098 4097 4097 4097 4097 4098 
1279 1249 6031 16383 1173 1281 1298 1241 4097 1759 4098 4097 4097 4097 4097 4098 
1288 1271 6021 16383 1177 1283 1300 1242 4097 1759 4098 4097 4097 4097 4097 4098 
1279 1258 6017 16383 1173 1282 1297 1241 4097 1760 4098 4097 4097 4097 4097 4098 
1279 1255 6035 16383 1173 1281 1297 1242 4097 1759 4098 4097 4097 4097 4097 4098 
1282 1267 6036 16383 1171 1282 1297 1241 4097 1760 4098 4097 4097 4097 4097 4098 
1282 1278 6017 16383 1175 1283 1297 1242 4097 1759 4098 4097 4097 4097 4097 4098 
1279 1266 6027 16383 1175 1283 1299 1243 4097 1759 4098 4097 4097 4097 4097 4098 
1329 1307 6023 16383 1175 1283 1298 1242 1245 1760 4098 4097 4097 4097 4097 4098 
1281 1275 6023 16383 1175 1283 1297 1241 4097 1760 4098 4097 4097 4097 4097 4098 
1284 1263 6029 16383 1174 1283 1295 1239 4097 1759 4098 4097 4097 4097 4097 4098 
1281 1263 6031 16383 1177 1283 1299 1243 4097 1759 4098 4097 4097 4097 4097 4098 
1281 1261 6025 16383 1175 1282 1299 1241 4097 1759 4098 4097 4097 4097 4097 4098 
1285 1260 6031 16383 1175 1283 1299 1241 4097 1759 4098 4097 4097 4097 4097 4098 
1281 1282 6028 16383 1174 1283 1297 1242 4097 1760 4098 4097 4097 4097 4097 4098 
1280 1275 6023 16383 1174 1280 1295 1239 4097 1760 4098 4097 4097 4097 4097 4098 
1279 1281 6022 16383 1174 1281 1297 1240 4097 1759 4098 4097 4097 4097 4097 4098 
1353 1315 6034 16383 1175 1282 1298 1239 1205 1759 4098 4097 4097 4097 4097 4098 
1280 1250 6025 16383 1175 1283 1295 1241 4097 1759 4098 4097 4097 4097 4097 4098 
1349 1294 6022 16383 1173 1282 1299 1241 1227 1759 4098 4097 4097 4097 4097 4098 
1278 1253 6027 16383 1175 1283 1298 1239 4097 1759 4098 4097 4097 4097 4097 4098 
1280 1261 6013 16383 1175 1282 1295 1242 4097 1759 4098 4097 4097 4097 4097 4098 
1279 1257 6029 16383 1175 1282 1299 1243 4097 1760 4098 4097 4097 4097 4097 4098 
1282 1303 6028 16383 1173 1283 1297 1241 4097 1760 4098 4097 4097 4097 4097 4098 
1283 1299 6033 16383 1174 1282 1298 1242 4097 1760 4098 4097 4097 4097 4097 4098 
1279 1270 6027 16383 1174 1282 1297 1241 4097 1760 4098 4097 4097 4097 4097 4098 
1367 1337 6023 16383 1177 1283 1299 1242 1232 1760 4098 4097 4097 4097 4097 4098 
1365 1324 6023 16383 1175 1282 1299 1242 1215 1760 4098 4097 4097 4097 4097 4098 
1280 1263 6021 16383 1174 1281 1298 1241 4096 1760 4097 4096 4096 4096 4096 4097 
1279 1259 6019 16383 1173 1281 1298 1242 4096 1759 4097 4096 4096 4096 4096 4097 
1282 1266 6017 16383 1175 1283 1298 1242 4097 1759 4098 4097 4097 4097 4097 4098 
1282 1280 6024 16383 1175 1283 1298 1243 4097 1759 4098 4097 4097 4097 4097 4098 
1281 1284 6026 16383 1175 1283 1299 1242 4096 1760 4097 4096 4096 4096 4096 4097 
1283 1268 6020 16383 1176 1282 1298 1243 4097 1760 4098 4097 4097 4097 4097 4098 
1278 1258 6015 16383 1173 1282 1297 1241 4097 1759 4098 4097 4097 4097 4097 4098 
1279 1255 6034 16383 1174 1281 1297 1241 4097 1759 4098 4097 4097 4097 4097 4098 
1280 1273 6023 16383 1174 1282 1297 1241 4097 1760 4098 4097 4097 4097 4097 4098 
1284 1273 6031 16383 1177 1285 1301 1245 4097 1760 4098 4097 4097 4097 4097 4098 
1284 1287 6029 16383 1174 1285 1300 1245 4097 1760 4098 4097 4097 4097 4097 4098 
1357 1287 6035 16383 1174 1283 1298 1239 1200 1760 4098 4097 4097 4097 4097 4098 
1361 1330 6016 16383 1174 1281 1295 1241 1222 1760 4098 4097 4097 4097 4097 4098 
1281 1269 6029 16383 1175 1282 1299 1242 4097 1760 4098 4097 4097 4097 4097 4098 
1337 1374 6018 16383 1177 1284 1298 1242 1260 1760 4098 4097 4097 4097 4097 4098 
1279 1258 6035 16383 1175 1283 1299 1242 4097 1760 4098 4097 4097 4097 4097 4098 
1359 1319 6013 16383 1175 1284 1299 1243 1208 1760 4098 4097 4097 4097 4097 4098 
1282 1258 6027 16383 1175 1281 1297 1241 4097 1760 4098 4097 4097 4097 4097 4098 
1282 1271 6035 16383 1175 1284 1299 1244 4097 1759 4098 4097 4097 4097 4097 4098 
1281 1323 6028 16383 1178 1283 1301 1243 4097 1759 4098 4097 4097 4097 4097 4098 
1281 1259 6036 16383 1175 1283 1298 1243 4097 1760 4098 4097 4097 4097 4097 4098 
1278 1266 6023 16383 1175 1282 1295 1239 4097 1759 4098 4097 4097 4097 4097 4098 
1353 1326 6035 16383 1174 1281 1297 1239 1226 1759 4098 4097 4097 4097 4097 4098 
1280 1260 6030 16383 1175 1282 1299 1241 4097 1760 4098 4097 4097 4097 4097 4098 
1356 1271 6022 16383 1174 1282 1298 1240 1200 1759 4098 4097 4097 4097 4097 4098 
1255 1167 6023 16383 1173 1283 1299 1241 4097 1759 4098 4097 4097 4097 4097 4098 
1282 1267 6031 16383 1175 1283 1295 1241 4097 1760 4098 4097 4097 4097 4097 4098 
1280 1261 6024 16383 1175 1283 1298 1241 4097 1760 4098 4097 4097 4097 4097 4098 
1278 1251 6023 16383 1175 1282 1297 1242 4097 1760 4098 4097 4097 4097 4097 4098 
1280 1255 6031 16383 1174 1283 1295 1242 4097 1759 4098 4097 4097 4097 4097 4098 
1281 1269 6037 16383 1175 1283 1298 1242 4097 1760 4098 4097 4097 4097 4097 4098 
1278 1286 6023 16383 1175 1282 1298 1242 4096 1759 4097 4096 4096 4096 4096 4097 
1283 1263 6025 16383 1177 1282 1299 1244 4097 1759 4098 4097 4097 4097 4097 4098 
1279 1273 6027 16383 1174 1282 1297 1239 4097 1759 4098 4097 4097 4097 4097 4098 
1284 1270 6035 16383 1177 1285 1301 1242 4097 1759 4098 4097 4097 4097 4097 4098 
1277 1263 6037 16383 1175 1283 1298 1241 4097 1759 4098 4097 4097 4097 4097 4098 
1276 1254 6021 16383 1174 1283 1295 1242 4097 1760 4098 4097 4097 4097 4097 4098 
1280 1242 6033 16383 1174 1281 1295 1242 4097 1759 4098 4097 4097 4097 4097 4098 
1279 1267 6022 16383 1173 1282 1295 1241 4097 1760 4098 4097 4097 4097 4097 4098 
1277 1242 6025 16383 1173 1279 1295 1239 4097 1760 4098 4097 4097 4097 4097 4098 
1277 1269 6036 16383 1174 1282 1297 1242 4096 1759 4097 4096 4096 4096 4096 4097 
1366 1342 6027 16383 1175 1282 1297 1242 1214 1759 4098 4097 4097 4097 4097 4098 
1281 1255 6020 16383 1173 1279 1295 1241 4097 1759 4098 4097 4097 4097 4097 4098 
1287 1277 6035 16383 1178 1285 1301 1243 4097 1759 4098 4097 4097 4097 4097 4098 
1280 1262 6029 16383 1174 1283 1299 1241 4097 1760 4098 4097 4097 4097 4097 4098 
1277 1254 6030 16383 1174 1280 1298 1241 4097 1760 4098 4097 4097 4097 4097 4098 
1281 1277 6025 16383 1175 1285 1301 1243 4097 1760 4098 4097 4097 4097 4097 4098 
1279 1250 6027 16383 1174 1283 1299 1242 4097 1760 4098 4097 4097 4097 4097 4098 
1280 1273 6025 16383 1174 1282 1297 1242 4097 1759 4098 4097 4097 4097 4097 4098 
1281 1270 6023 16383 1175 1281 1299 1241 4097 1759 4098 4097 4097 4097 4097 4098 
1281 1266 6027 16383 1175 1283 1298 1242 4097 1760 4098 4097 4097 4097 4097 4098 
1279 1297 6033 16383 1174 1280 1297 1242 4097 1759 4098 4097 4097 4097 4097 4098 
1280 1343 6039 16383 1175 1282 1298 1243 4097 1759 4098 4097 4097 4097 4097 4098 
1414 1317 6027 16383 1175 1281 1299 1241 1203 1760 4098 4097 4097 4097 4097 4098 
1281 1256 6035 16383 1175 1283 1298 1240 4097 1760 4098 4097 4097 4097 4097 4098 
1298 1266 6022 16383 1175 1284 1299 1243 4097 1759 4098 4097 4097 4097 4097 4098 
1284 1263 6021 16383 1175 1283 1299 1243 4097 1758 4098 4097 4097 4097 4097 4098 
1280 1287 6024 16383 1175 1283 1298 1242 4097 1759 4098 4097 4097 4097 4097 4098 
1281 1251 6041 16383 1175 1282 1297 1242 4097 1759 4098 4097 4097 4097 4097 4098 
1281 1267 6029 16383 1175 1284 1299 1242 4097 1760 4098 4097 4097 4097 4097 4098 
1278 1259 6034 16383 1175 1281 1298 1239 4097 1759 4098 4097 4097 4097 4097 4098 
1283 1250 6029 16383 1177 1284 1299 1244 4097 1759 4098 4097 4097 4097 4097 4098 
1379 1315 6034 16383 1175 1284 1298 1243 1226 1759 4098 4097 4097 4097 4097 4098 
1283 1273 6025 16383 1177 1285 1299 1243 4097 1760 4098 4097 4097 4097 4097 4098 
1282 1248 6030 16383 1173 1282 1299 1239 4097 1759 4098 4097 4097 4097 4097 4098 
1280 1261 6021 16383 1175 1283 1297 1242 4097 1759 4098 4097 4097 4097 4097 4098 
1281 1297 6026 16383 1174 1281 1298 1239 8191 1758 4096 8191 8191 8191 8191 4096 
1413 1505 6017 16383 1175 1282 1297 1242 1235 1759 4098 4097 4097 4097 4097 4098 
1284 1266 6034 16383 1175 1282 1299 1243 4097 1760 4098 4097 4097 4097 4097 4098 
1282 1259 6023 16383 1174 1284 1297 1243 4097 1760 4098 4097 4097 4097 4097 4098 
1279 1269 6037 16383 1174 1282 1297 1239 4097 1760 4098 4097 4097 4097 4097 4098 
1283 1255 6024 16383 1175 1283 1299 1243 4097 1760 4098 4097 4097 4097 4097 4098 
1339 1311 6043 16383 1175 1285 1298 1243 1220 1759 4098 4097 4097 4097 4097 4098 
1279 1271 6038 16383 1174 1281 1299 1239 4097 1760 4098 4097 4097 4097 4097 4098 
1283 1255 6039 16383 1175 1284 1299 1242 4096 1760 4097 4096 4096 4096 4096 4097 
1282 1298 6020 16383 1174 1283 1298 1239 4097 1760 4098 4097 4097 4097 4097 4098 
1279 1249 6025 16383 1175 1282 1297 1239 4097 1759 4098 4097 4097 4097 4097 4098 
1283 1334 6034 16383 1175 1282 1298 1243 4097 1759 4098 4097 4097 4097 4097 4098 
1280 1250 6031 16383 1175 1283 1297 1239 4097 1760 4098 4097 4097 4097 4097 4098 
1282 1255 6023 16383 1175 1283 1300 1244 4097 1759 4098 4097 4097 4097 4097 4098 
1282 1269 6027 16383 1175 1283 1298 1241 4097 1759 4098 4097 4097 4097 4097 4098 
1281 1651 6039 16383 1175 1282 1299 1243 4097 1760 4098 4097 4097 4097 4097 4098 
1282 1275 6023 16383 1174 1283 1297 1243 4097 1759 4098 4097 4097 4097 4097 4098 
1283 1259 6035 16383 1175 1283 1298 1242 4097 1760 4098 4097 4097 4097 4097 4098 
1279 1258 6039 16383 1175 1283 1298 1241 4097 1760 4098 4097 4097 4097 4097 4098 
1280 1257 6035 16383 1177 1281 1299 1242 4097 1760 4098 4097 4097 4097 4097 4098 
1279 1251 6024 16383 1175 1282 1299 1241 4097 1760 4098 4097 4097 4097 4097 4098 
1282 1243 6029 16383 1175 1283 1300 1242 4097 1760 4098 4097 4097 4097 4097 4098 
1281 1251 6025 16383 1175 1285 1300 1243 4097 1760 4098 4097 4097 4097 4097 4098 
1282 1283 6033 16383 1175 1283 1298 1241 4097 1759 4098 4097 4097 4097 4097 4098 
1280 1270 6021 16383 1175 1281 1297 1242 4097 1759 4098 4097 4097 4097 4097 4098 
1279 1345 6022 16383 1175 1285 1299 1243 4097 1760 4098 4097 4097 4097 4097 4098 
1352 1281 6029 16383 1175 1283 1298 1242 1206 1759 4098 4097 4097 4097 4097 4098 
1281 1259 6030 16383 1175 1281 1297 1242 4097 1760 4098 4097 4097 4097 4097 4098 
1279 1265 6038 16383 1175 1283 1299 1242 4097 1760 4098 4097 4097 4097 4097 4098 
1282 1276 6025 16383 1175 1285 1299 1243 4097 1760 4098 4097 4097 4097 4097 4098 
1281 1287 6025 16383 1175 1282 1297 1241 4097 1760 4098 4097 4097 4097 4097 4098 
1279 1269 6027 16383 1173 1284 1298 1241 4097 1760 4098 4097 4097 4097 4097 4098 
1281 1269 6026 16383 1177 1283 1299 1243 4097 1760 4098 4097 4097 4097 4097 4098 
1280 1251 6030 16383 1174 1282 1297 1241 4097 1760 4098 4097 4097 4097 4097 4098 
1279 1261 6035 16383 1175 1281 1299 1239 4097 1759 4098 4097 4097 4097 4097 4098 
1279 1269 6035 16383 1175 1282 1299 1241 4097 1759 4098 4097 4097 4097 4097 4098 
1281 1268 6029 16383 1175 1281 1297 1241 4097 1760 4098 4097 4097 4097 4097 4098 
1351 1298 6042 16383 1175 1283 1299 1243 1204 1759 4098 4097 4097 4097 4097 4098 
1281 1289 6021 16383 1175 1282 1297 1241 4097 1759 4098 4097 4097 4097 4097 4098 
1280 1259 6029 16383 1175 1283 1297 1241 4097 1759 4098 4097 4097 4097 4097 4098 
1282 1279 6026 16383 1175 1284 1298 1242 4097 1760 4098 4097 4097 4097 4097 4098 
1283 1271 6039 16383 1177 1285 1301 1243 4097 1760 4098 4097 4097 4097 4097 4098 
1350 1301 6030 16383 1175 1283 1298 1241 1206 1759 4098 4097 4097 4097 4097 4098 
1283 1293 6026 16383 1175 1285 1299 1244 4097 1759 4098 4097 4097 4097 4097 4098 
1281 1250 6028 16383 1175 1282 1298 1239 4097 1760 4098 4097 4097 4097 4097 4098 
1383 1303 6026 16383 1177 1284 1297 1243 1215 1759 4098 4097 4097 4097 4097 4098 
1283 1368 6034 16383 1174 1283 1298 1242 4097 1759 4098 4097 4097 4097 4097 4098 
1280 1253 6034 16383 1175 1284 1298 1243 4097 1759 4098 4097 4097 4097 4097 4098 
1281 1275 6036 16383 1175 1285 1299 1242 4097 1759 4098 4097 4097 4097 4097 4098 
1280 1269 6038 16383 1175 1282 1297 1241 4097 1760 4098 4097 4097 4097 4097 4098 
1390 1398 6029 16383 1175 1285 1299 1243 1234 1760 4098 4097 4097 4097 4097 4098 
1280 1275 6036 16383 1175 1282 1299 1242 4097 1760 4098 4097 4097 4097 4097 4098 
1363 1330 6023 16383 1175 1283 1297 1243 1221 1759 4098 4097 4097 4097 4097 4098 
1282 1271 6034 16383 1174 1282 1299 1243 4097 1759 4098 4097 4097 4097 4097 4098 
1281 1273 6023 16383 1175 1283 1299 1243 4097 1760 4098 4097 4097 4097 4097 4098 
1281 1299 6019 16383 1175 1283 1299 1243 4097 1760 4098 4097 4097 4097 4097 4098 
1281 1278 6023 16383 1175 1283 1301 1241 4097 1759 4098 4097 4097 4097 4097 4098 
1279 1250 6022 16383 1175 1283 1298 1243 4097 1759 4098 4097 4097 4097 4097 4098 
1282 1291 6037 16383 1175 1282 1298 1242 4097 1760 4098 4097 4097 4097 4097 4098 
1282 1263 6030 16383 1175 1283 1299 1241 4097 1759 4098 4097 4097 4097 4097 4098 
1281 1257 6035 16383 1175 1282 1299 1240 4097 1759 4098 4097 4097 4097 4097 4098 
1282 1311 6026 16383 1174 1283 1298 1241 4097 1759 4098 4097 4097 4097 4097 4098 
1284 1253 6036 16383 1178 1285 1301 1244 4097 1760 4098 4097 4097 4097 4097 4098 
1281 1267 6037 16383 1175 1282 1299 1242 4097 1760 4098 4097 4097 4097 4097 4098 
1281 1253 6035 16383 1175 1282 1298 1242 4097 1759 4098 4097 4097 4097 4097 4098 
1275 1247 6021 16383 1174 1283 1297 1240 4097 1759 4098 4097 4097 4097 4097 4098 
1280 1256 6034 16383 1175 1283 1298 1242 4097 1759 4098 4097 4097 4097 4097 4098 
1281 1257 6015 16383 1174 1281 1295 1239 4097 1759 4098 4097 4097 4097 4097 4098 
1281 1271 6023 16383 1173 1281 1297 1241 4097 1759 4098 4097 4097 4097 4097 4098 
1281 1248 6027 16383 1175 1282 1298 1243 4097 1759 4098 4097 4097 4097 4097 4098 
1279 1247 6022 16383 1173 1282 1298 1239 4097 1759 4098 4097 4097 4097 4097 4098 
1281 1265 6024 16383 1175 1282 1295 1242 4097 1759 4098 4097 4097 4097 4097 4098 
1279 1277 6042 16383 1175 1282 1295 1239 4097 1759 4098 4097 4097 4097 4097 4098 
1283 1261 6027 16383 1175 1285 1297 1243 4097 1759 4098 4097 4097 4097 4097 4098 
1279 1258 6037 16383 1174 1281 1297 1243 4097 1759 4098 4097 4097 4097 4097 4098 
1282 1295 6030 16383 1174 1281 1298 1241 4097 1759 4098 4097 4097 4097 4097 4098 
1281 1263 6023 16383 1175 1283 1297 1241 4097 1760 4098 4097 4097 4097 4097 4098 
1343 1293 6025 16383 1173 1285 1298 1241 1228 1759 4098 4097 4097 4097 4097 4098 
1279 1263 6029 16383 1174 1283 1298 1242 4097 1759 4098 4097 4097 4097 4097 4098 
1280 1269 6035 16383 1174 1280 1298 1239 4097 1759 4098 4097 4097 4097 4097 4098 
1281 1269 6041 16383 1175 1282 1297 1243 4097 1759 4098 4097 4097 4097 4097 4098 
1405 1252 6017 16383 1175 1282 1297 1239 1242 1759 4098 4097 4097 4097 4097 4098 
1287 1291 6025 16383 1175 1284 1300 1243 4097 1760 4098 4097 4097 4097 4097 4098 
1281 1255 6035 16383 1175 1283 1297 1241 4097 1759 4098 4097 4097 4097 4097 4098 
1281 1258 6042 16383 1174 1283 1295 1239 4097 1759 4098 4097 4097 4097 4097 4098 
1335 1283 6023 16383 1175 1283 1300 1241 1216 1759 4098 4097 4097 4097 4097 4098 
1282 1280 6037 16383 1177 1283 1299 1243 4097 1759 4098 4097 4097 4097 4097 4098 
1281 1267 6021 16383 1175 1284 1298 1242 4097 1760 4098 4097 4097 4097 4097 4098 
1280 1273 6023 16383 1174 1283 1297 1242 4097 1759 4098 4097 4097 4097 4097 4098 
1280 1259 6035 16383 1175 1283 1298 1243 4097 1760 4098 4097 4097 4097 4097 4098 
1282 1267 6030 16383 1175 1282 1297 1242 4097 1759 4098 4097 4097 4097 4097 4098 
1281 1267 6040 16383 1174 1282 1297 1242 4097 1759 4098 4097 4097 4097 4097 4098 
1278 1257 6028 16383 1173 1282 1298 1239 4097 1759 4098 4097 4097 4097 4097 4098 
1280 1268 6038 16383 1175 1282 1298 1242 8189 1758 8190 8189 8189 8189 8189 8190 
1281 1295 6031 16383 1174 1283 1297 1241 4097 1760 4098 4097 4097 4097 4097 4098 
1282 1261 6039 16383 1175 1282 1298 1242 4097 1759 4098 4097 4097 4097 4097 4098 
1281 1283 6037 16383 1175 1285 1299 1243 4097 1759 4098 4097 4097 4097 4097 4098 
1279 1308 6031 16383 1173 1281 1297 1241 4097 1760 4098 4097 4097 4097 4097 4098 
1281 1321 6021 16383 1175 1282 1298 1241 4097 1759 4098 4097 4097 4097 4097 4098 
1346 1350 6037 16383 1175 1283 1299 1246 1235 1759 4098 4097 4097 4097 4097 4098 
1285 1263 6027 16383 1175 1285 1299 1245 4097 1760 4098 4097 4097 4097 4097 4098 
1373 1371 6029 16383 1175 1283 1298 1242 1232 1760 4098 4097 4097 4097 4097 4098 
1366 1319 6022 16383 1175 1281 1298 1241 1226 1759 4098 4097 4097 4097 4097 4098 
1283 1476 6035 16383 1175 1282 1298 1241 4097 1759 4098 4097 4097 4097 4097 4098 
1279 1321 6034 16383 1174 1281 1298 1239 4097 1759 4098 4097 4097 4097 4097 4098 
1278 1249 6033 16383 1174 1283 1298 1241 4097 1760 4098 4097 4097 4097 4097 4098 
1279 1263 6025 16383 1173 1283 1298 1241 4097 1759 4098 4097 4097 4097 4097 4098 
1280 1267 6021 16383 1175 1284 1299 1243 4097 1760 4098 4097 4097 4097 4097 4098 
1279 1269 6031 16383 1175 1283 1298 1242 4097 1759 4098 4097 4097 4097 4097 4098 
1279 1307 6035 16383 1173 1283 1297 1242 4097 1760 4098 4097 4097 4097 4097 4098 
1280 1263 6030 16383 1175 1282 1297 1242 4097 1759 4098 4097 4097 4097 4097 4098 
1283 1265 6021 16383 1175 1283 1298 1243 4096 1758 4097 4096 4096 4096 4096 4097 
1277 1262 6022 16383 1175 1282 1297 1241 4097 1759 4098 4097 4097 4097 4097 4098 
1279 1262 6041 16383 1174 1283 1297 1241 4097 1759 4098 4097 4097 4097 4097 4098 
1280 1263 6022 16383 1173 1280 1297 1241 4097 1760 4098 4097 4097 4097 4097 4098 
1282 1263 6031 16383 1175 1282 1298 1242 4097 1759 4098 4097 4097 4097 4097 4098 
1282 1275 6030 16383 1174 1285 1299 1241 4097 1760 4098 4097 4097 4097 4097 4098 
1282 1265 6022 16383 1175 1283 1298 1243 4097 1760 4098 4097 4097 4097 4097 4098 
1281 1254 6035 16383 1175 1281 1297 1240 4097 1760 4098 4097 4097 4097 4097 4098 
1277 1282 6022 16383 1173 1282 1295 1243 4097 1759 4098 4097 4097 4097 4097 4098 
1278 1270 6034 16383 1175 1283 1298 1241 4097 1760 4098 4097 4097 4097 4097 4098 
1281 1301 6023 16383 1175 1282 1297 1241 4097 1760 4098 4097 4097 4097 4097 4098 
1281 1319 6031 16383 1175 1282 1297 1241 4097 1760 4098 4097 4097 4097 4097 4098 
1283 1295 6040 16383 1177 1285 1298 1243 4097 1759 4098 4097 4097 4097 4097 4098 
1281 1277 6039 16383 1175 1282 1299 1242 4097 1759 4098 4097 4097 4097 4097 4098 
1280 1262 6041 16383 1174 1283 1299 1242 4097 1759 4098 4097 4097 4097 4097 4098 
1283 1262 6023 16383 1172 1281 1295 1239 4097 1759 4098 4097 4097 4097 4097 4098 
1279 1251 6041 16383 1177 1284 1299 1243 4097 1760 4098 4097 4097 4097 4097 4098 
1282 1258 6037 16383 1175 1283 1295 1243 4097 1759 4098 4097 4097 4097 4097 4098 
1281 1255 6029 16383 1175 1285 1300 1242 4097 1760 4098 4097 4097 4097 4097 4098 
1282 1281 6041 16383 1175 1286 1300 1243 4097 1760 4098 4097 4097 4097 4097 4098 
1279 1265 6041 16383 1174 1283 1298 1241 4097 1760 4098 4097 4097 4097 4097 4098 
1279 1309 6025 16383 1174 1283 1298 1241 4097 1759 4098 4097 4097 4097 4097 4098 
1279 1261 6030 16383 1173 1282 1298 1241 4097 1759 4098 4097 4097 4097 4097 4098 
1278 1266 6023 16383 1173 1280 1297 1239 4097 1760 4098 4097 4097 4097 4097 4098 
1280 1263 6039 16383 1175 1283 1297 1242 4097 1759 4098 4097 4097 4097 4097 4098 
1280 1268 6038 16383 1175 1283 1299 1241 4097 1759 4098 4097 4097 4097 4097 4098 
1281 1275 6034 16383 1175 1281 1298 1242 4097 1760 4098 4097 4097 4097 4097 4098 
1281 1261 6038 16383 1175 1283 1298 1243 4097 1760 4098 4097 4097 4097 4097 4098 
1279 1259 6029 16383 1175 1282 1297 1241 4097 1760 4098 4097 4097 4097 4097 4098 
1353 1359 6029 16383 1173 1282 1299 1241 1242 1760 4098 4097 4097 4097 4097 4098 
1281 1323 6029 16383 1174 1282 1299 1242 4097 1760 4098 4097 4097 4097 4097 4098 
1281 1269 6034 16383 1174 1283 1298 1241 4097 1759 4098 4097 4097 4097 4097 4098 
1280 1262 6033 16383 1175 1282 1298 1242 4097 1760 4098 4097 4097 4097 4097 4098 
1280 1263 6042 16383 1174 1282 1295 1242 4097 1760 4098 4097 4097 4097 4097 4098 
1281 1263 6039 16383 1177 1283 1298 1242 4097 1759 4098 4097 4097 4097 4097 4098 
1283 1263 6038 16383 1175 1285 1299 1243 4097 1759 4098 4097 4097 4097 4097 4098 
1281 1261 6027 16383 1175 1282 1301 1243 4097 1759 4098 4097 4097 4097 4097 4098 
1281 1267 6034 16383 1175 1285 1299 1243 4097 1760 4098 4097 4097 4097 4097 4098 
1279 1249 6040 16383 1175 1284 1298 1242 4097 1760 4098 4097 4097 4097 4097 4098 
1281 1247 6031 16383 1177 1284 1299 1243 4097 1759 4098 4097 4097 4097 4097 4098 
1282 1259 6029 16383 1175 1284 1299 1244 4097 1759 4098 4097 4097 4097 4097 4098 
1282 1263 6035 16383 1175 1285 1299 1242 4097 1759 4098 4097 4097 4097 4097 4098 
1280 1263 6039 16383 1175 1283 1298 1243 4097 1758 4098 4097 4097 4097 4097 4098 
1282 1252 6038 16383 1175 1284 1298 1243 4097 1760 4098 4097 4097 4097 4097 4098 
1282 1269 6034 16383 1175 1282 1299 1243 4097 1760 4098 4097 4097 4097 4097 4098 
1286 1263 6021 16383 1175 1283 1295 1241 4097 1760 4098 4097 4097 4097 4097 4098 
1281 1261 6042 16383 1174 1283 1299 1242 4097 1760 4098 4097 4097 4097 4097 4098 
1283 1257 6040 16383 1175 1284 1299 1242 4097 1760 4098 4097 4097 4097 4097 4098 
1278 1261 6033 16383 1175 1284 1297 1242 4097 1759 4098 4097 4097 4097 4097 4098 
1281 1254 6041 16383 1175 1282 1299 1244 4097 1760 4098 4097 4097 4097 4097 4098 
1279 1255 6041 16383 1174 1281 1295 1242 4097 1759 4098 4097 4097 4097 4097 4098 
1281 1273 6027 16383 1175 1283 1299 1242 4097 1760 4098 4097 4097 4097 4097 4098 
1281 1257 6036 16383 1175 1285 1299 1241 4097 1759 4098 4097 4097 4097 4097 4098 
1282 1271 6039 16383 1175 1284 1299 1242 4097 1759 4098 4097 4097 4097 4097 4098 
1281 1259 6034 16383 1175 1282 1299 1243 4097 1760 4098 4097 4097 4097 4097 4098 
1281 1300 6039 16383 1175 1284 1299 1243 4097 1759 4098 4097 4097 4097 4097 4098 
1351 1291 6038 16383 1175 1283 1299 1243 1199 1758 4098 4097 4097 4097 4097 4098 
1282 1261 6024 16383 1173 1281 1297 1241 4097 1759 4098 4097 4097 4097 4097 4098 
1282 1278 6038 16383 1175 1284 1299 1243 4097 1760 4098 4097 4097 4097 4097 4098 
1280 1293 6037 16383 1175 1282 1295 1241 4097 1759 4098 4097 4097 4097 4097 4098 
1280 1263 6034 16383 1175 1283 1297 1242 4097 1759 4098 4097 4097 4097 4097 4098 
1285 1263 6031 16383 1176 1283 1298 1241 4097 1759 4098 4097 4097 4097 4097 4098 
1343 1345 6035 16383 1175 1282 1298 1241 1240 1759 4098 4097 4097 4097 4097 4098 
1282 1257 6034 16383 1175 1284 1299 1241 4097 1759 4098 4097 4097 4097 4097 4098 
1283 1261 6039 16383 1175 1283 1300 1243 4097 1759 4098 4097 4097 4097 4097 4098 
1280 1485 6031 16383 1175 1281 1297 1241 4097 1759 4098 4097 4097 4097 4097 4098 
1281 1261 6023 16383 1173 1281 1298 1241 4097 1759 4098 4097 4097 4097 4097 4098 
1283 1270 6041 16383 1178 1284 1299 1243 4097 1760 4098 4097 4097 4097 4097 4098 
1280 1271 6034 16383 1173 1281 1295 1241 4097 1760 4098 4097 4097 4097 4097 4098 
1282 1319 6039 16383 1175 1283 1298 1243 4097 1759 4098 4097 4097 4097 4097 4098 
1280 1258 6029 16383 1175 1283 1299 1243 4097 1760 4098 4097 4097 4097 4097 4098 
1282 1255 6041 16383 1175 1282 1298 1242 4097 1759 4098 4097 4097 4097 4097 4098 
1281 1255 6027 16383 1175 1283 1298 1241 4097 1759 4098 4097 4097 4097 4097 4098 
1278 1265 6026 16383 1175 1283 1299 1241 4097 1759 4098 4097 4097 4097 4097 4098 
1283 1273 6038 16383 1175 1283 1299 1241 4097 1759 4098 4097 4097 4097 4097 4098 
1283 1260 6039 16383 1175 1281 1297 1242 4097 1759 4098 4097 4097 4097 4097 4098 
1362 1284 6039 16383 1175 1282 1297 1243 1189 1759 4098 4097 4097 4097 4097 4098 
1280 1257 6031 16383 1175 1282 1299 1243 4097 1760 4098 4097 4097 4097 4097 4098 
1345 1363 6033 16383 1174 1282 1298 1243 1246 1759 4098 4097 4097 4097 4097 4098 
1278 1259 6026 16383 1174 1281 1295 1241 4097 1759 4098 4097 4097 4097 4097 4098 
1363 1305 6029 16383 1175 1285 1299 1243 1219 1760 4098 4097 4097 4097 4097 4098 
1277 1247 6039 16383 1173 1282 1299 1242 4097 1760 4098 4097 4097 4097 4097 4098 
1279 1263 6037 16383 1174 1282 1299 1244 4097 1759 4098 4097 4097 4097 4097 4098 
1354 1509 6029 16383 1175 1282 1298 1243 1256 1760 4098 4097 4097 4097 4097 4098 
1282 1247 6031 16383 1175 1283 1299 1242 4097 1760 4098 4097 4097 4097 4097 4098 
1283 1283 6039 16383 1175 1285 1299 1245 4097 1760 4098 4097 4097 4097 4097 4098 
1283 1270 6039 16383 1175 1283 1299 1242 4097 1760 4098 4097 4097 4097 4097 4098 
1281 1291 6026 16383 1175 1284 1297 1241 4097 1760 4098 4097 4097 4097 4097 4098 
1279 1259 6029 16383 1175 1283 1297 1239 4097 1759 4098 4097 4097 4097 4097 4098 
1283 1263 6041 16383 1177 1283 1299 1243 4097 1759 4098 4097 4097 4097 4097 4098 
1281 1263 6037 16383 1175 1283 1298 1241 4097 1760 4098 4097 4097 4097 4097 4098 
1278 1266 6032 16383 1174 1281 1297 1241 4097 1759 4098 4097 4097 4097 4097 4098 
1299 1258 6023 16383 1174 1283 1299 1241 4097 1759 4098 4097 4097 4097 4097 4098 
1373 1404 6031 16383 1175 1283 1299 1241 1225 1759 4098 4097 4097 4097 4097 4098 
1284 1273 6038 16383 1177 1284 1299 1243 4097 1760 4098 4097 4097 4097 4097 4098 
1278 1266 6037 16383 1173 1283 1298 1242 4097 1759 4098 4097 4097 4097 4097 4098 
1284 1295 6023 16383 1173 1282 1297 1242 4097 1760 4098 4097 4097 4097 4097 4098 
1281 1277 6036 16383 1175 1282 1298 1241 4097 1760 4098 4097 4097 4097 4097 4098 
1281 1258 6039 16383 1175 1282 1298 1243 4097 1760 4098 4097 4097 4097 4097 4098 
1281 1249 6035 16383 1175 1282 1295 1241 4097 1760 4098 4097 4097 4097 4097 4098 
1282 1305 6037 16383 1174 1282 1295 1242 4097 1760 4098 4097 4097 4097 4097 4098 
1281 1249 6029 16383 1177 1285 1299 1242 4097 1759 4098 4097 4097 4097 4097 4098 
1283 1263 6039 16383 1175 1283 1298 1243 4097 1759 4098 4097 4097 4097 4097 4098 
1279 1247 6024 16383 1173 1281 1295 1239 4097 1759 4098 4097 4097 4097 4097 4098 
1377 1389 6034 16383 1174 1283 1298 1241 1216 1760 4098 4097 4097 4097 4097 4098 
1279 1254 6023 16383 1173 1283 1295 1239 4097 1760 4098 4097 4097 4097 4097 4098 
1279 1258 6025 16383 1173 1281 1295 1239 4097 1759 4098 4097 4097 4097 4097 4098 
1399 1331 6033 16383 1175 1284 1300 1243 1210 1758 4098 4097 4097 4097 4097 4098 
1282 1266 6023 16383 1175 1283 1298 1241 4097 1759 4098 4097 4097 4097 4097 4098 
1355 1311 6029 16383 1174 1283 1295 1243 1219 1759 4098 4097 4097 4097 4097 4098 
1283 1262 6035 16383 1174 1282 1298 1243 4097 1759 4098 4097 4097 4097 4097 4098 
1361 1366 6025 16383 1177 1285 1301 1243 1231 1760 4098 4097 4097 4097 4097 4098 
1386 1367 6039 16383 1175 1282 1299 1239 1219 1760 4098 4097 4097 4097 4097 4098 
1279 1251 6031 16383 1175 1283 1299 1243 4097 1760 4098 4097 4097 4097 4097 4098 
1280 1248 6027 16383 1175 1283 1298 1241 4097 1759 4098 4097 4097 4097 4097 4098 
1281 1301 6039 16383 1174 1282 1295 1238 4097 1759 4098 4097 4097 4097 4097 4098 
1278 1265 6029 16383 1173 1281 1298 1242 4097 1760 4098 4097 4097 4097 4097 4098 
1283 1254 6042 16383 1176 1283 1299 1241 4097 1759 4098 4097 4097 4097 4097 4098 
1363 1307 6031 16383 1173 1283 1297 1242 1206 1759 4098 4097 4097 4097 4097 4098 
1283 1298 6031 16383 1174 1282 1298 1243 4097 1759 4098 4097 4097 4097 4097 4098 
1361 1343 6023 16383 1175 1282 1297 1242 1222 1759 4098 4097 4097 4097 4097 4098 
1283 1265 6039 16383 1174 1283 1299 1242 4097 1759 4098 4097 4097 4097 4097 4098 
1279 1321 6033 16383 1175 1282 1299 1243 4097 1759 4098 4097 4097 4097 4097 4098 
1281 1260 6041 16383 1175 1284 1297 1241 4097 1759 4098 4097 4097 4097 4097 4098 
1281 1261 6038 16383 1175 1282 1297 1241 4097 1760 4098 4097 4097 4097 4097 4098 
1281 1267 6039 16383 1173 1282 1295 1242 4097 1760 4098 4097 4097 4097 4097 4098 
1281 1277 6033 16383 1175 1283 1299 1241 4097 1759 4098 4097 4097 4097 4097 4098 
1342 1305 6023 16383 1175 1283 1299 1241 1235 1759 4098 4097 4097 4097 4097 4098 
1282 1271 6025 16383 1175 1283 1298 1242 4097 1759 4098 4097 4097 4097 4097 4098 
1279 1249 6029 16383 1175 1283 1298 1241 4097 1759 4098 4097 4097 4097 4097 4098 
1279 1277 6041 16383 1175 1283 1295 1243 4097 1760 4098 4097 4097 4097 4097 4098 
1283 1270 6034 16383 1175 1285 1299 1243 4097 1759 4098 4097 4097 4097 4097 4098 
1281 1273 6033 16383 1175 1283 1298 1242 4097 1759 4098 4097 4097 4097 4097 4098 
1280 1262 6035 16383 1174 1281 1295 1239 4097 1759 4098 4097 4097 4097 4097 4098 
1357 1451 6026 16383 1175 1285 1297 1242 1249 1758 4098 4097 4097 4097 4097 4098 
1281 1295 6037 16383 1175 1283 1297 1242 4097 1759 4098 4097 4097 4097 4097 4098 
1283 1275 6038 16383 1175 1285 1299 1243 4097 1758 4098 4097 4097 4097 4097 4098 
1281 1354 6037 16383 1175 1283 1298 1243 4097 1759 4098 4097 4097 4097 4097 4098 
1281 1267 6035 16383 1175 1282 1298 1239 4097 1759 4098 4097 4097 4097 4097 4098 
1285 1274 6042 16383 1179 1285 1301 1245 4097 1760 4098 4097 4097 4097 4097 4098 
1281 1270 6026 16383 1175 1281 1298 1243 4097 1760 4098 4097 4097 4097 4097 4098 
1281 1255 6037 16383 1173 1281 1297 1239 4097 1760 4098 4097 4097 4097 4097 4098 
1279 1319 6036 16383 1174 1281 1297 1241 4097 1759 4098 4097 4097 4097 4097 4098 
1280 1271 6035 16383 1175 1283 1297 1242 4097 1760 4098 4097 4097 4097 4097 4098 
1279 1253 6033 16383 1175 1283 1300 1243 4097 1760 4098 4097 4097 4097 4097 4098 
1282 1267 6034 16383 1175 1283 1297 1243 4097 1759 4098 4097 4097 4097 4097 4098 
1354 1314 6041 16383 1175 1283 1299 1243 1218 1760 4098 4097 4097 4097 4097 4098 
1281 1257 6031 16383 1174 1281 1299 1242 4097 1760 4098 4097 4097 4097 4097 4098 
1282 1266 6041 16383 1175 1281 1298 1241 4097 1759 4098 4097 4097 4097 4097 4098 
1277 1253 6027 16383 1173 1279 1295 1239 4097 1759 4098 4097 4097 4097 4097 4098 
1282 1282 6039 16383 1175 1281 1298 1241 4097 1759 4098 4097 4097 4097 4097 4098 
1281 1250 6025 16383 1175 1283 1299 1242 4097 1760 4098 4097 4097 4097 4097 4098 
1281 1254 6037 16383 1175 1283 1298 1241 4097 1759 4098 4097 4097 4097 4097 4098 
1280 1266 6027 16383 1175 1283 1298 1243 4097 1759 4098 4097 4097 4097 4097 4098 
1280 1238 6039 16383 1174 1283 1295 1242 4097 1759 4098 4097 4097 4097 4097 4098 
1279 1266 6033 16383 1175 1283 1299 1242 4097 1759 4098 4097 4097 4097 4097 4098 
1335 1284 6031 16383 1173 1281 1298 1241 1207 1759 4098 4097 4097 4097 4097 4098 
1350 1306 6036 16383 1175 1282 1299 1243 1231 1759 4098 4097 4097 4097 4097 4098 
1282 1255 6035 16383 1173 1282 1298 1242 4097 1759 4098 4097 4097 4097 4097 4098 
1281 1282 6027 16383 1173 1282 1299 1241 4097 1759 4098 4097 4097 4097 4097 4098 
1282 1267 6027 16383 1174 1283 1299 1241 4097 1759 4098 4097 4097 4097 4097 4098 
1281 1326 6042 16383 1175 1281 1298 1243 4097 1760 4098 4097 4097 4097 4097 4098 
1280 1287 6023 16383 1175 1282 1297 1240 4097 1760 4098 4097 4097 4097 4097 4098 
1282 1258 6031 16383 1175 1285 1299 1243 4097 1759 4098 4097 4097 4097 4097 4098 
1281 1263 6034 16383 1175 1283 1298 1240 4097 1759 4098 4097 4097 4097 4097 4098 
1363 1317 6028 16383 1174 1282 1295 1241 1213 1758 4098 4097 4097 4097 4097 4098 
1353 1311 6031 16383 1175 1281 1298 1242 1222 1759 4098 4097 4097 4097 4097 4098 
1279 1243 6025 16383 1173 1282 1294 1241 4097 1759 4098 4097 4097 4097 4097 4098 
1283 1278 6041 16383 1175 1283 1300 1243 4097 1759 4098 4097 4097 4097 4097 4098 
1280 1274 6026 16383 1174 1282 1299 1243 4097 1759 4098 4097 4097 4097 4097 4098 
1279 1270 6034 16383 1174 1281 1297 1241 4097 1760 4098 4097 4097 4097 4097 4098 
1281 1278 6037 16383 1174 1281 1297 1241 4097 1759 4098 4097 4097 4097 4097 4098 
1283 1267 6037 16383 1175 1283 1298 1243 4097 1760 4098 4097 4097 4097 4097 4098 
1281 1309 6030 16383 1173 1283 1297 1241 4097 1759 4098 4097 4097 4097 4097 4098 
1343 1303 6027 16383 1174 1281 1297 1241 1225 1759 4098 4097 4097 4097 4097 4098 
1285 1273 6042 16383 1175 1283 1301 1243 4097 1759 4098 4097 4097 4097 4097 4098 
1275 1255 6039 16383 1173 1282 1295 1239 4097 1759 4098 4097 4097 4097 4097 4098 
1280 1325 6038 16383 1175 1283 1299 1243 4097 1759 4098 4097 4097 4097 4097 4098 
1369 1273 6024 16383 1174 1281 1297 1242 1172 1759 4097 4096 4096 4096 4096 4097 
1282 1246 6028 16383 1174 1283 1299 1242 4097 1760 4098 4097 4097 4097 4097 4098 
1279 1269 6031 16383 1173 1281 1295 1241 4097 1760 4098 4097 4097 4097 4097 4098 
1279 1251 6039 16383 1174 1285 1299 1243 4097 1760 4098 4097 4097 4097 4097 4098 
1279 1266 6028 16383 1174 1281 1295 1241 4097 1759 4098 4097 4097 4097 4097 4098 
1282 1263 6031 16383 1174 1282 1297 1243 4097 1759 4098 4097 4097 4097 4097 4098 
1281 1247 6038 16383 1175 1284 1297 1241 4097 1759 4098 4097 4097 4097 4097 4098 
1279 1255 6031 16383 1175 1283 1301 1243 4097 1759 4098 4097 4097 4097 4097 4098 
1281 1273 6022 16383 1175 1283 1299 1239 4096 1760 4097 4096 4096 4096 4096 4097 
1281 1279 6029 16383 1172 1283 1297 1239 4097 1758 4098 4097 4097 4097 4097 4098 
1279 1263 6029 16383 1175 1281 1299 1241 4097 1760 4098 4097 4097 4097 4097 4098 
1282 1270 6046 16383 1175 1284 1298 1241 4097 1760 4098 4097 4097 4097 4097 4098 
1283 1257 6042 16383 1175 1285 1299 1243 4097 1760 4098 4097 4097 4097 4097 4098 
1349 1303 6025 16383 1173 1283 1298 1240 1213 1759 4098 4097 4097 4097 4097 4098 
1279 1259 6027 16383 1175 1281 1299 1242 4097 1759 4098 4097 4097 4097 4097 4098 
1279 1252 6027 16383 1175 1284 1299 1241 4097 1759 4098 4097 4097 4097 4097 4098 
1281 1287 6027 16383 1175 1283 1299 1241 4097 1759 4098 4097 4097 4097 4097 4098 
1281 1268 6028 16383 1178 1285 1301 1244 4097 1760 4098 4097 4097 4097 4097 4098 
1282 1273 6031 16383 1177 1283 1299 1243 4097 1760 4098 4097 4097 4097 4097 4098 
1279 1282 6027 16383 1175 1283 1297 1241 4097 1759 4098 4097 4097 4097 4097 4098 
1283 1281 6035 16383 1175 1285 1299 1243 4097 1758 4098 4097 4097 4097 4097 4098 
1281 1261 6031 16383 1174 1282 1299 1243 4097 1759 4098 4097 4097 4097 4097 4098 
1281 1268 6039 16383 1175 1284 1299 1243 4097 1759 4098 4097 4097 4097 4097 4098 
1278 1259 6037 16383 1174 1282 1299 1242 4097 1760 4098 4097 4097 4097 4097 4098 
1285 1279 6030 16383 1175 1283 1301 1242 4097 1760 4098 4097 4097 4097 4097 4098 
1279 1251 6042 16383 1175 1283 1297 1242 4097 1760 4098 4097 4097 4097 4097 4098 
1286 1270 6025 16383 1175 1282 1299 1242 4097 1760 4098 4097 4097 4097 4097 4098 
1280 1263 6028 16383 1174 1283 1299 1242 4097 1760 4098 4097 4097 4097 4097 4098 
1281 1269 6021 16383 1175 1282 1298 1242 4097 1759 4098 4097 4097 4097 4097 4098 
1281 1282 6042 16383 1175 1283 1298 1242 4097 1759 4098 4097 4097 4097 4097 4098 
1285 1251 6019 16383 1175 1285 1301 1242 4097 1759 4098 4097 4097 4097 4097 4098 
1281 1251 6039 16383 1175 1283 1298 1243 4097 1760 4098 4097 4097 4097 4097 4098 
1280 1292 6023 16383 1175 1283 1299 1243 4098 1759 4099 4098 4098 4098 4098 4099 
1283 1276 6039 16383 1175 1284 1299 1243 4097 1759 4098 4097 4097 4097 4097 4098 
1285 1270 6033 16383 1175 1282 1299 1243 4096 1760 4097 4096 4096 4096 4096 4097 
1281 1255 6033 16383 1175 1282 1297 1239 4097 1759 4098 4097 4097 4097 4097 4098 
1280 1271 6029 16383 1175 1283 1299 1243 4098 1759 4099 4098 4098 4098 4098 4099 
1278 1259 6035 16383 1175 1282 1297 1239 4097 1760 4098 4097 4097 4097 4097 4098 
1281 1255 6039 16383 1175 1283 1298 1239 4097 1758 4098 4097 4097 4097 4097 4098 
1277 1275 6022 16383 1173 1281 1297 1241 4097 1758 4098 4097 4097 4097 4097 4098 
1279 1579 6043 16383 1175 1283 1298 1242 4097 1759 4098 4097 4097 4097 4097 4098 
1280 1257 6031 16383 1177 1282 1298 1242 4096 1758 4097 4096 4096 4096 4096 4097 
1280 1241 6026 16383 1175 1281 1297 1242 4096 1759 4097 4096 4096 4096 4096 4097 
1281 1253 6027 16383 1175 1282 1295 1241 4097 1760 4098 4097 4097 4097 4097 4098 
1283 1246 6027 16383 1175 1283 1298 1242 4097 1760 4098 4097 4097 4097 4097 4098 
1279 1259 6020 16383 1173 1282 1298 1239 4097 1759 4098 4097 4097 4097 4097 4098 
1282 1275 6035 16383 1176 1282 1297 1242 4097 1759 4098 4097 4097 4097 4097 4098 
1283 1249 6025 16383 1175 1283 1298 1243 4097 1760 4098 4097 4097 4097 4097 4098 
1283 1259 6037 16383 1173 1281 1297 1239 4097 1759 4098 4097 4097 4097 4097 4098 
1282 1270 6037 16383 1174 1282 1297 1242 4097 1760 4098 4097 4097 4097 4097 4098 
1281 1369 6041 16383 1175 1282 1297 1241 4096 1760 4097 4096 4096 4096 4096 4097 
1280 1252 6043 16383 1173 1282 1299 1243 4097 1760 4098 4097 4097 4097 4097 4098 
1284 1292 6038 16383 1175 1284 1298 1242 4098 1759 4099 4098 4098 4098 4098 4099 
1283 1263 6027 16383 1175 1285 1299 1244 4098 1759 4099 4098 4098 4098 4098 4099 
1281 1263 6027 16383 1175 1283 1299 1242 4097 1760 4098 4097 4097 4097 4097 4098 
1279 1257 6041 16383 1175 1283 1297 1242 4097 1759 4098 4097 4097 4097 4097 4098 
1338 1325 6026 16383 1175 1283 1298 1241 1232 1759 4098 4097 4097 4097 4097 4098 
1279 1263 6025 16383 1174 1282 1297 1242 4097 1760 4098 4097 4097 4097 4097 4098 
1281 1243 6031 16383 1175 1281 1297 1241 4098 1760 4099 4098 4098 4098 4098 4099 
1341 1293 6031 16383 1175 1283 1297 1242 1211 1759 4098 4097 4098 4098 4098 4099 
1283 1271 6034 16383 1175 1285 1298 1242 4098 1759 4099 4098 4098 4098 4098 4099 
1282 1263 6045 16383 1175 1283 1298 1242 4097 1759 4098 4097 4097 4097 4097 4098 
1279 1275 6025 16383 1175 1282 1297 1243 4097 1759 4098 4097 4097 4097 4097 4098 
1283 1253 6031 16383 1175 1283 1297 1242 4097 1759 4098 4097 4097 4097 4097 4098 
1281 1267 6037 16383 1173 1283 1295 1241 4097 1759 4098 4097 4097 4097 4097 4098 
1276 1259 6029 16383 1175 1281 1298 1241 4097 1759 4098 4097 4097 4097 4097 4098 
1279 1266 6035 16383 1174 1283 1298 1241 4097 1760 4098 4097 4097 4097 4097 4098 
1285 1262 6041 16383 1177 1283 1299 1244 4097 1759 4098 4097 4097 4097 4097 4098 
1282 1258 6041 16383 1174 1283 1299 1243 4097 1760 4098 4097 4097 4097 4097 4098 
1282 1270 6038 16383 1175 1284 1297 1239 4097 1759 4098 4097 4097 4097 4097 4098 
1282 1245 6043 16383 1177 1285 1299 1243 4097 1760 4098 4097 4097 4097 4097 4098 
1281 1258 6041 16383 1175 1283 1299 1239 4097 1760 4098 4097 4097 4097 4097 4098 
1279 1259 6029 16383 1175 1283 1298 1242 4097 1760 4098 4097 4097 4097 4097 4098 
1435 1387 6039 16383 1173 1283 1297 1241 1216 1759 4098 4097 4097 4097 4097 4098 
1282 1252 6041 16383 1174 1281 1298 1243 4097 1760 4098 4097 4097 4097 4097 4098 
1282 1258 6037 16383 1173 1283 1298 1241 4097 1760 4098 4097 4097 4097 4097 4098 
1279 1261 6026 16383 1175 1281 1299 1242 4097 1760 4098 4097 4097 4097 4097 4098 
1283 1253 6033 16383 1173 1282 1297 1242 4097 1759 4098 4097 4097 4097 4097 4098 
1278 1263 6026 16383 1174 1281 1299 1241 4097 1759 4098 4097 4097 4097 4097 4098 
1283 1265 6038 16383 1174 1283 1299 1242 4097 1759 4098 4097 4097 4097 4097 4098 
1281 1268 6038 16383 1174 1282 1299 1243 4097 1760 4098 4097 4097 4097 4097 4098 
1281 1274 6029 16383 1174 1283 1298 1239 4096 1759 4097 4096 4096 4096 4096 4097 
1282 1260 6041 16383 1175 1285 1299 1243 4097 1759 4098 4097 4097 4097 4097 4098 
1282 1277 6041 16383 1175 1283 1299 1243 4097 1759 4098 4097 4097 4097 4097 4098 
1283 1275 6043 16383 1173 1282 1295 1241 4096 1759 4097 4096 4096 4096 4096 4097 
1281 1263 6034 16383 1175 1285 1297 1243 4097 1759 4098 4097 4097 4097 4097 4098 
1359 1300 6031 16383 1173 1283 1298 1243 1242 1759 4098 4097 4097 4097 4097 4098 
1362 1303 6042 16383 1177 1285 1297 1243 1214 1759 4098 4097 4097 4097 4097 4098 
1280 1255 6041 16383 1175 1283 1299 1242 4098 1758 4099 4098 4098 4098 4098 4099 
1282 1255 6039 16383 1175 1282 1299 1242 4097 1759 4098 4097 4097 4097 4097 4098 
1282 1251 6021 16383 1175 1282 1295 1241 4097 1759 4098 4097 4097 4097 4097 4098 
1281 1265 6038 16383 1174 1283 1295 1239 4097 1759 4098 4097 4097 4097 4097 4098 
1279 1263 6045 16383 1173 1282 1298 1240 4097 1759 4098 4097 4097 4097 4097 4098 
1283 1268 6034 16383 1173 1282 1297 1242 4097 1759 4098 4097 4097 4097 4097 4098 
1281 1249 6039 16383 1175 1283 1295 1242 4097 1759 4098 4097 4097 4097 4097 4098 
1283 1285 6027 16383 1175 1283 1298 1242 4097 1760 4098 4097 4097 4097 4097 4098 
1282 1251 6033 16383 1177 1283 1299 1245 4097 1758 4098 4097 4097 4097 4097 4098 
1279 1257 6042 16383 1175 1285 1299 1243 4097 1759 4098 4097 4097 4097 4097 4098 
1277 1257 6042 16383 1174 1282 1298 1241 4097 1759 4098 4097 4097 4097 4097 4098 
1281 1248 6041 16383 1175 1284 1300 1243 4097 1760 4098 4097 4097 4097 4097 4098 
1279 1260 6047 16383 1175 1283 1297 1242 4097 1760 4098 4097 4097 4097 4097 4098 
1283 1279 6030 16383 1175 1283 1298 1243 4097 1760 4098 4097 4097 4097 4097 4098 
1283 1276 6043 16383 1175 1283 1299 1243 4097 1759 4098 4097 4097 4097 4097 4098 
1281 1276 6042 16383 1175 1283 1298 1241 4097 1759 4098 4097 4097 4097 4097 4098 
1333 1283 6037 16383 1175 1282 1298 1241 1214 1759 4098 4097 4097 4097 4097 4098 
1283 1263 6034 16383 1175 1284 1299 1243 4098 1760 4099 4098 4098 4098 4098 4099 
1280 1255 6035 16383 1174 1283 1298 1243 4097 1759 4098 4097 4097 4097 4097 4098 
1280 1255 6031 16383 1175 1283 1297 1241 4097 1759 4098 4097 4097 4097 4097 4098 
1282 1260 6043 16383 1175 1282 1297 1241 4097 1760 4098 4097 4097 4097 4097 4098 
1361 1338 6031 16383 1175 1282 1299 1243 1224 1760 4098 4097 4097 4097 4097 4098 
1282 1251 6045 16383 1175 1283 1298 1243 4097 1759 4098 4097 4097 4097 4097 4098 
1283 1302 6036 16383 1174 1282 1295 1239 4097 1759 4098 4097 4097 4097 4097 4098 
1562 1270 6028 16383 1172 1282 1295 1241 1239 1759 4098 4097 4097 4097 4097 4098 
1284 1260 6029 16383 1175 1284 1299 1244 4097 1759 4098 4097 4097 4097 4097 4098 
1281 1319 6036 16383 1175 1283 1297 1240 4096 1759 4097 4096 4096 4096 4096 4097 
1282 1254 6045 16383 1175 1283 1297 1242 4097 1760 4098 4097 4097 4097 4097 4098 
1279 1290 6037 16383 1174 1283 1295 1241 4097 1760 4098 4097 4097 4097 4097 4098 
1279 1288 6043 16383 1175 1282 1297 1239 4097 1759 4098 4097 4097 4097 4097 4098 
1282 1263 6042 16383 1175 1282 1299 1241 4097 1759 4098 4097 4097 4097 4097 4098 
1281 1255 6039 16383 1175 1280 1299 1242 4097 1759 4098 4097 4097 4097 4097 4098 
1282 1269 6031 16383 1174 1283 1297 1239 4096 1760 4097 4096 4096 4096 4096 4097 
1343 1307 6049 16383 1175 1283 1299 1243 1227 1759 4098 4097 4097 4097 4097 4098 
1281 1257 6047 16383 1175 1283 1299 1241 4097 1759 4098 4097 4097 4097 4097 4098 
1402 1439 6043 16383 1175 1283 1299 1243 1231 1760 4098 4097 4097 4097 4097 4098 
1344 1301 6043 16383 1174 1281 1295 1241 1203 1760 4098 4097 4097 4097 4097 4098 
1332 1325 6031 16383 1175 1283 1298 1243 1239 1759 4098 4097 4097 4097 4097 4098 
1281 1257 6047 16383 1175 1282 1295 1242 4097 1758 4098 4097 4097 4097 4097 4098 
1282 1259 6039 16383 1174 1282 1297 1241 4097 1759 4098 4097 4097 4097 4097 4098 
1279 1291 6035 16383 1174 1282 1299 1241 4097 1759 4098 4097 4097 4097 4097 4098 
1282 1307 6042 16383 1174 1281 1298 1241 4097 1759 4098 4097 4097 4097 4097 4098 
1282 1265 6029 16383 1177 1285 1299 1243 4097 1760 4098 4097 4097 4097 4097 4098 
1281 1261 6047 16383 1178 1283 1299 1244 4097 1759 4098 4097 4097 4097 4097 4098 
1282 1262 6039 16383 1175 1282 1297 1241 4097 1760 4098 4097 4097 4097 4097 4098 
1283 1340 6037 16383 1175 1281 1299 1242 4097 1759 4098 4097 4097 4097 4097 4098 
1283 1277 6047 16383 1177 1285 1301 1243 4097 1760 4098 4097 4097 4097 4097 4098 
1278 1389 6029 16383 1173 1279 1294 1239 4097 1760 4098 4097 4097 4097 4097 4098 
1280 1324 6043 16383 1174 1283 1295 1241 4097 1759 4098 4097 4097 4097 4097 4098 
1279 1299 6042 16383 1175 1283 1297 1241 4097 1760 4098 4097 4097 4097 4097 4098 
1279 1275 6029 16383 1171 1281 1298 1241 4097 1759 4098 4097 4097 4097 4097 4098 
1279 1266 6035 16383 1175 1281 1297 1241 4097 1759 4098 4097 4097 4097 4097 4098 
1433 1312 6039 16383 1173 1283 1297 1241 1276 1760 4098 4097 4097 4097 4097 4098 
1281 1274 6031 16383 1175 1282 1298 1243 4096 1759 4097 4096 4096 4096 4096 4097 
1279 1275 6044 16383 1174 1281 1295 1239 4097 1760 4098 4097 4097 4097 4097 4098 
1281 1277 6027 16383 1177 1284 1301 1243 4097 1760 4098 4097 4097 4097 4097 4098 
1280 1266 6043 16383 1175 1281 1297 1243 4097 1760 4098 4097 4097 4097 4097 4098 
1280 1255 6029 16383 1175 1284 1298 1242 4097 1760 4098 4097 4097 4097 4097 4098 
1378 1299 6030 16383 1174 1282 1298 1241 1204 1759 4098 4097 4097 4097 4097 4098 
1343 1307 6023 16383 1173 1281 1298 1239 1219 1758 4097 4096 4096 4096 4096 4097 
1279 1324 6033 16383 1175 1283 1297 1241 4097 1759 4098 4097 4097 4097 4097 4098 
1281 1254 6037 16383 1175 1284 1299 1243 4097 1759 4098 4097 4097 4097 4097 4098 
1282 1303 6042 16383 1175 1283 1299 1241 4097 1760 4098 4097 4097 4097 4097 4098 
1281 1254 6041 16383 1175 1283 1299 1243 4097 1760 4098 4097 4097 4097 4097 4098 
1282 1267 6033 16383 1175 1283 1298 1243 4097 1759 4098 4097 4097 4097 4097 4098 
1284 1257 6031 16383 1175 1282 1295 1242 4097 1760 4098 4097 4097 4097 4097 4098 
1282 1259 6037 16383 1175 1283 1297 1243 4097 1760 4098 4097 4097 4097 4097 4098 
1275 1243 6044 16383 1171 1281 1295 1239 4097 1760 4098 4097 4097 4097 4097 4098 
1283 1259 6042 16383 1175 1285 1299 1244 4097 1759 4098 4097 4097 4097 4097 4098 
1282 1271 6045 16383 1175 1285 1299 1243 4097 1760 4098 4097 4097 4097 4097 4098 
1346 1309 6035 16383 1174 1281 1297 1239 1237 1760 4098 4097 4097 4097 4097 4098 
1282 1393 6048 16383 1174 1283 1297 1239 4097 1759 4098 4097 4097 4097 4097 4098 
1283 1266 6029 16383 1175 1283 1297 1239 4097 1759 4098 4097 4097 4097 4097 4098 
1283 1273 6035 16383 1175 1284 1301 1243 4097 1760 4098 4097 4097 4097 4097 4098 
1302 1615 6033 16383 1175 1283 1299 1242 1212 1759 4099 4098 4098 4098 4098 4099 
1280 1267 6046 16383 1175 1282 1297 1241 4097 1759 4098 4097 4097 4097 4097 4098 
1347 1390 6043 16383 1174 1283 1299 1242 1248 1759 4098 4097 4097 4097 4097 4098 
1281 1251 6039 16383 1175 1285 1299 1243 4097 1759 4098 4097 4097 4097 4097 4098 
1279 1299 6034 16383 1175 1283 1299 1242 4097 1759 4098 4097 4097 4097 4097 4098 
1277 1273 6025 16383 1175 1283 1298 1241 4097 1759 4098 4097 4097 4097 4097 4098 
1283 1262 6035 16383 1175 1283 1298 1241 4097 1760 4098 4097 4097 4097 4097 4098 
1284 1270 6033 16383 1175 1283 1299 1242 4097 1760 4098 4097 4097 4097 4097 4098 
1321 1281 6026 16383 1174 1282 1299 1241 1243 1760 4098 4097 4097 4097 4097 4098 
1277 1263 6039 16383 1175 1283 1295 1240 4097 1758 4098 4097 4097 4097 4097 4098 
1280 1256 6029 16383 1173 1280 1295 1239 4097 1759 4098 4097 4097 4097 4097 4098 
1281 1265 6037 16383 1172 1283 1295 1242 4097 1759 4098 4097 4097 4097 4097 4098 
1282 1263 6038 16383 1174 1282 1298 1242 4097 1760 4098 4097 4097 4097 4097 4098 
1282 1316 6045 16383 1174 1282 1298 1241 4097 1759 4098 4097 4097 4097 4097 4098 
1339 1281 6041 16383 1175 1286 1299 1245 1212 1759 4098 4097 4097 4097 4097 4098 
1278 1259 6045 16383 1175 1283 1299 1242 4097 1760 4098 4097 4097 4097 4097 4098 
1279 1270 6037 16383 1173 1282 1297 1239 4097 1759 4098 4097 4097 4097 4097 4098 
1279 1251 6043 16383 1177 1282 1295 1239 4097 1759 4098 4097 4097 4097 4097 4098 
1280 1263 6031 16383 1174 1281 1298 1241 4097 1758 4098 4097 4097 4097 4097 4098 
1280 1332 6029 16383 1177 1283 1299 1243 4097 1760 4098 4097 4097 4097 4097 4098 
1281 1249 6030 16383 1173 1281 1295 1241 4097 1759 4098 4097 4097 4097 4097 4098 
1391 1395 6045 16383 1173 1285 1298 1241 1215 1759 4098 4097 4097 4097 4097 4098 
1377 1339 6041 16383 1174 1283 1295 1240 1213 1758 4098 4097 4097 4097 4097 4098 
1280 1307 6047 16383 1173 1282 1297 1241 4097 1759 4098 4097 4097 4097 4097 4098 
1278 1252 6033 16383 1173 1280 1295 1241 4097 1760 4098 4097 4097 4097 4097 4098 
1280 1269 6029 16383 1175 1282 1298 1243 4097 1759 4098 4097 4097 4097 4097 4098 
1279 1245 6045 16383 1173 1282 1297 1242 4097 1759 4098 4097 4097 4097 4097 4098 
1283 1279 6042 16383 1175 1284 1298 1242 4097 1759 4098 4097 4097 4097 4097 4098 
1277 1250 6045 16383 1175 1283 1299 1241 4097 1760 4098 4097 4097 4097 4097 4098 
1282 1263 6040 16383 1174 1283 1299 1242 4097 1760 4098 4097 4097 4097 4097 4098 
1279 1263 6038 16383 1175 1283 1297 1243 4097 1759 4098 4097 4097 4097 4097 4098 
1279 1255 6039 16383 1173 1281 1297 1242 4097 1759 4098 4097 4097 4097 4097 4098 
1279 1263 6021 16383 1174 1281 1295 1241 4097 1758 4098 4097 4097 4097 4097 4098 
1281 1275 6030 16383 1174 1281 1299 1241 4097 1760 4098 4097 4097 4097 4097 4098 
1280 1273 6029 16383 1174 1285 1299 1243 4097 1760 4098 4097 4097 4097 4097 4098 
1281 1287 6042 16383 1175 1283 1300 1243 4097 1759 4098 4097 4097 4097 4097 4098 
1283 1266 6027 16383 1175 1283 1300 1243 4097 1759 4098 4097 4097 4097 4097 4098 
1279 1253 6041 16383 1173 1282 1297 1241 4097 1759 4098 4097 4097 4097 4097 4098 
1277 1269 6035 16383 1175 1282 1299 1243 4097 1759 4098 4097 4097 4097 4097 4098 
1278 1286 6029 16383 1174 1283 1295 1241 4097 1759 4098 4097 4098 4097 4098 4098 
1282 1253 6039 16383 1175 1282 1297 1239 4097 1759 4098 4097 4097 4097 4097 4098 
1284 1255 6025 16383 1173 1283 1299 1243 4097 1760 4098 4097 4097 4097 4097 4098 
1363 1311 6033 16383 1174 1282 1299 1242 1217 1758 4099 4098 4098 4098 4098 4099 
1283 1253 6043 16383 1175 1284 1299 1243 4097 1758 4098 4097 4097 4097 4097 4098 
1283 1263 6031 16383 1177 1285 1299 1243 4097 1759 4098 4097 4097 4097 4097 4098 
1281 1260 6037 16383 1175 1282 1298 1243 4097 1759 4098 4097 4097 4097 4097 4098 
1281 1274 6023 16383 1174 1281 1295 1239 4097 1759 4098 4097 4097 4097 4097 4098 
1280 1257 6042 16383 1174 1282 1298 1242 4097 1758 4098 4097 4097 4097 4097 4098 
1279 1261 6048 16383 1174 1282 1295 1239 4097 1759 4098 4097 4097 4097 4097 4098 
1281 1293 6035 16383 1175 1282 1297 1241 4097 1758 4098 4097 4097 4097 4097 4098 
1352 1292 6035 16383 1174 1282 1295 1241 1209 1759 4098 4097 4097 4097 4097 4098 
1279 1259 6047 16383 1174 1282 1297 1241 4097 1759 4098 4097 4097 4097 4097 4098 
1277 1274 6037 16383 1171 1283 1295 1241 4097 1759 4098 4097 4097 4097 4097 4098 
1282 1276 6031 16383 1177 1284 1299 1243 4097 1760 4098 4097 4097 4097 4097 4098 
1350 1306 6030 16383 1174 1282 1298 1243 1239 1759 4098 4097 4097 4097 4097 4098 
1347 1309 6035 16383 1177 1283 1297 1241 1225 1759 4098 4097 4097 4097 4097 4098 
1281 1283 6028 16383 1175 1283 1298 1242 4097 1760 4098 4097 4097 4097 4097 4098 
1282 1262 6035 16383 1175 1283 1299 1241 4097 1759 4098 4097 4097 4097 4097 4098 
1280 1293 6031 16383 1175 1285 1298 1241 4097 1758 4098 4097 4097 4097 4097 4098 
1282 1253 6035 16383 1175 1281 1298 1242 4098 1759 4099 4098 4098 4098 4098 4099 
1280 1250 6035 16383 1174 1281 1298 1241 4097 1759 4098 4097 4097 4097 4097 4098 
1279 1267 6033 16383 1173 1282 1298 1239 4097 1760 4098 4097 4097 4097 4097 4098 
1279 1282 6045 16383 1175 1283 1299 1241 4097 1759 4098 4097 4097 4097 4097 4098 
1282 1303 6027 16383 1175 1282 1301 1243 8191 1760 4096 8191 8191 8191 8191 4096 
1279 1260 6026 16383 1175 1282 1297 1242 4097 1759 4098 4097 4097 4097 4097 4098 
1281 1278 6045 16383 1175 1282 1298 1242 4097 1758 4098 4097 4097 4097 4097 4098 
1338 1383 6035 16383 1175 1281 1295 1241 1249 1759 4098 4097 4097 4097 4097 4098 
1282 1315 6037 16383 1175 1282 1298 1243 4097 1760 4098 4097 4097 4097 4097 4098 
1279 1271 6039 16383 1174 1281 1297 1239 4097 1760 4098 4097 4097 4097 4097 4098 
1354 1303 6041 16383 1177 1283 1299 1243 1226 1759 4098 4097 4097 4097 4097 4098 
1282 1255 6031 16383 1175 1285 1300 1243 4097 1760 4098 4097 4097 4097 4097 4098 
1282 1274 6043 16383 1177 1284 1298 1243 4097 1760 4098 4097 4097 4097 4097 4098 
1282 1269 6030 16383 1174 1283 1299 1241 4097 1760 4098 4097 4097 4097 4097 4098 
1282 1265 6035 16383 1175 1284 1299 1243 4097 1758 4098 4097 4097 4097 4097 4098 
1281 1267 6045 16383 1173 1282 1298 1241 4097 1758 4098 4097 4097 4097 4097 4098 
1281 1254 6039 16383 1173 1282 1297 1241 4097 1759 4098 4097 4097 4097 4097 4098 
1287 1271 6041 16383 1175 1285 1299 1245 4097 1758 4098 4097 4097 4097 4097 4098 
1281 1326 6027 16383 1173 1280 1295 1241 4097 1760 4098 4097 4097 4097 4097 4098 
1283 1263 6035 16383 1175 1283 1295 1241 4097 1759 4098 4097 4097 4097 4097 4098 
1280 1303 6043 16383 1175 1284 1299 1243 4097 1760 4098 4097 4097 4097 4097 4098 
1278 1255 6026 16383 1173 1282 1295 1241 4097 1759 4098 4097 4097 4097 4097 4098 
1281 1263 6041 16383 1174 1283 1298 1241 4097 1758 4098 4097 4097 4097 4097 4098 
1280 1246 6045 16383 1175 1284 1299 1239 4097 1759 4098 4097 4097 4097 4097 4098 
1343 1284 6027 16383 1173 1282 1298 1241 1197 1759 4098 4097 4097 4097 4097 4098 
1389 1529 6038 16383 1175 1282 1295 1241 1236 1760 4098 4097 4097 4097 4097 4098 
1279 1322 6040 16383 1174 1282 1295 1241 4097 1760 4098 4097 4097 4097 4097 4098 
1283 1282 6041 16383 1174 1283 1299 1243 4097 1759 4098 4097 4097 4097 4097 4098 
1344 1322 6045 16383 1174 1283 1295 1241 1229 1760 4098 4097 4097 4097 4097 4098 
1278 1263 6029 16383 1175 1282 1299 1242 4097 1759 4098 4097 4097 4097 4097 4098 
1283 1253 6043 16383 1175 1283 1299 1242 4097 1759 4098 4097 4097 4097 4097 4098 
1280 1255 6030 16383 1175 1283 1297 1243 4097 1758 4098 4097 4097 4097 4097 4098 
1279 1262 6035 16383 1175 1283 1298 1241 4097 1759 4098 4097 4097 4097 4097 4098 
1281 1258 6028 16383 1175 1284 1299 1242 4097 1760 4098 4097 4097 4097 4097 4098 
1280 1254 6043 16383 1175 1282 1299 1243 4097 1759 4098 4097 4097 4097 4097 4098 
1281 1300 6029 16383 1175 1281 1298 1241 4097 1760 4098 4097 4097 4097 4097 4098 
1280 1254 6039 16383 1173 1282 1298 1241 4097 1759 4098 4097 4097 4097 4097 4098 
1280 1318 6030 16383 1175 1284 1298 1242 4097 1759 4098 4097 4097 4097 4097 4098 
1280 1253 6031 16383 1175 1283 1295 1242 4097 1759 4098 4097 4097 4097 4097 4098 
1281 1306 6031 16383 1175 1283 1298 1239 4097 1759 4098 4097 4097 4097 4097 4098 
1277 1298 6035 16383 1174 1282 1297 1242 4097 1759 4098 4097 4097 4097 4097 4098 
1279 1291 6035 16383 1175 1282 1299 1241 4097 1759 4098 4097 4097 4097 4097 4098 
1348 1263 6045 16383 1174 1282 1297 1239 1214 1759 4098 4097 4097 4097 4097 4098 
1377 1324 6029 16383 1175 1282 1297 1241 1215 1759 4098 4097 4097 4097 4097 4098 
1279 1254 6045 16383 1174 1282 1298 1239 4097 1760 4098 4097 4097 4097 4097 4098 
1359 1359 6041 16383 1175 1283 1295 1241 1223 1759 4098 4097 4097 4097 4097 4098 
1285 1262 6030 16383 1173 1284 1295 1242 4097 1760 4098 4097 4097 4097 4097 4098 
1281 1266 6041 16383 1175 1283 1298 1240 4097 1759 4098 4097 4097 4097 4097 4098 
1278 1270 6034 16383 1174 1281 1295 1239 4097 1758 4098 4097 4097 4097 4097 4098 
1282 1266 6025 16383 1175 1283 1298 1242 4096 1758 4098 4096 4097 4097 4097 4098 
1296 1329 6038 16383 1175 1283 1298 1242 4097 1759 4098 4097 4097 4097 4097 4098 
1279 1258 6039 16383 1174 1283 1295 1241 4097 1759 4098 4097 4097 4097 4097 4098 
1281 1278 6046 16383 1175 1283 1298 1242 4097 1759 4098 4097 4097 4097 4097 4098 
1280 1255 6033 16383 1173 1282 1295 1239 4097 1759 4098 4097 4097 4097 4097 4098 
1277 1259 6051 16383 1175 1282 1299 1242 4097 1759 4098 4097 4097 4097 4097 4098 
1283 1250 6039 16383 1175 1283 1299 1243 4097 1759 4098 4097 4097 4097 4097 4098 
1283 1303 6044 16383 1174 1282 1299 1241 4097 1759 4098 4097 4097 4097 4097 4098 
1280 1262 6042 16383 1177 1283 1298 1243 4097 1759 4098 4097 4097 4097 4097 4098 
1280 1253 6047 16383 1175 1283 1299 1242 4097 1759 4098 4097 4097 4097 4097 4098 
1348 1298 6034 16383 1175 1283 1299 1243 1218 1760 4098 4097 4097 4097 4097 4098 
1280 1259 6029 16383 1174 1283 1299 1243 4097 1760 4098 4097 4097 4097 4097 4098 
1278 1250 6041 16383 1175 1282 1297 1239 4097 1759 4098 4097 4097 4097 4097 4098 
1280 1263 6045 16383 1171 1281 1298 1241 4097 1760 4098 4097 4097 4097 4097 4098 
1282 1247 6036 16383 1177 1285 1299 1243 4097 1759 4098 4097 4097 4097 4097 4098 
1284 1259 6026 16383 1175 1284 1299 1243 4097 1759 4098 4097 4097 4097 4097 4098 
1281 1270 6045 16383 1175 1282 1298 1242 4097 1759 4098 4097 4097 4097 4097 4098 
1282 1335 6041 16383 1172 1282 1297 1243 4097 1759 4098 4097 4097 4097 4097 4098 
1293 1263 6035 16383 1174 1282 1297 1242 4097 1759 4098 4097 4097 4097 4097 4098 
1282 1293 6029 16383 1175 1283 1299 1241 4097 1759 4098 4097 4097 4097 4097 4098 
1287 1258 6038 16383 1173 1282 1297 1242 4097 1759 4098 4097 4097 4097 4097 4098 
1278 1285 6045 16383 1174 1282 1297 1241 4097 1759 4098 4097 4097 4097 4097 4098 
1279 1249 6047 16383 1175 1282 1295 1242 4097 1760 4098 4097 4097 4097 4097 4098 
1281 1261 6042 16383 1173 1282 1295 1242 4097 1760 4098 4097 4097 4097 4097 4098 
1281 1267 6039 16383 1177 1283 1298 1242 4097 1759 4098 4097 4097 4097 4097 4098 
1278 1269 6046 16383 1174 1282 1299 1239 4097 1760 4098 4097 4097 4097 4097 4098 
1353 1298 6041 16383 1175 1283 1299 1243 1206 1760 4098 4097 4097 4097 4097 4098 
1281 1259 6046 16383 1175 1284 1298 1242 4097 1759 4098 4097 4097 4097 4097 4098 
1284 1280 6040 16383 1174 1283 1298 1243 4097 1759 4098 4097 4097 4097 4097 4098 
1278 1261 6033 16383 1175 1282 1299 1241 4097 1759 4098 4097 4097 4097 4097 4098 
1281 1291 6031 16383 1174 1283 1298 1241 4097 1759 4098 4097 4097 4097 4097 4098 
1283 1259 6023 16383 1175 1284 1299 1243 4096 1758 4097 4096 4096 4096 4096 4097 
1283 1274 6034 16383 1177 1285 1301 1241 4097 1760 4098 4097 4097 4097 4097 4098 
1281 1254 6027 16383 1174 1283 1299 1242 4097 1759 4098 4097 4097 4097 4097 4098 
1282 1279 6035 16383 1175 1284 1299 1242 4097 1759 4098 4097 4097 4097 4097 4098 
1283 1263 6045 16383 1173 1283 1298 1241 4097 1760 4098 4097 4097 4097 4097 4098 
1285 1269 6041 16383 1175 1285 1301 1241 4097 1759 4098 4097 4097 4097 4097 4098 
1279 1247 6031 16383 1175 1284 1299 1242 4097 1759 4098 4097 4097 4097 4097 4098 
1279 1247 6047 16383 1174 1281 1297 1239 4096 1759 4097 4096 4096 4096 4096 4097 
1355 1365 6031 16383 1175 1284 1298 1241 1228 1759 4098 4097 4097 4097 4097 4098 
1281 1263 6029 16383 1175 1283 1298 1242 4097 1759 4098 4097 4097 4097 4097 4098 
1280 1258 6037 16383 1175 1281 1298 1241 4097 1759 4098 4097 4097 4097 4097 4098 
1281 1267 6045 16383 1175 1282 1298 1241 4097 1759 4098 4097 4097 4097 4097 4098 
1281 1298 6038 16383 1175 1283 1299 1243 4097 1759 4098 4097 4097 4097 4097 4098 
1283 1258 6031 16383 1177 1285 1299 1243 4097 1759 4098 4097 4097 4097 4097 4098 
1279 1268 6027 16383 1175 1282 1298 1242 4097 1759 4098 4097 4097 4097 4097 4098 
1353 1309 6046 16383 1175 1285 1299 1241 1219 1759 4098 4097 4097 4097 4097 4098 
1281 1259 6042 16383 1174 1283 1299 1242 4097 1759 4098 4097 4097 4097 4097 4098 
1279 1270 6035 16383 1175 1282 1297 1243 4097 1758 4098 4097 4097 4097 4097 4098 
1281 1257 6028 16383 1174 1282 1297 1243 4097 1759 4098 4097 4097 4097 4097 4098 
1281 1258 6033 16383 1175 1282 1295 1241 4097 1760 4098 4097 4097 4097 4097 4098 
1277 1576 6038 16383 1173 1282 1298 1240 4096 1760 4097 4096 4096 4096 4096 4097 
1280 1261 6043 16383 1174 1283 1297 1242 4097 1759 4098 4097 4097 4097 4097 4098 
1282 1255 6045 16383 1173 1281 1295 1239 4097 1760 4098 4097 4097 4097 4097 4098 
1283 1253 6045 16383 1175 1283 1299 1243 4097 1760 4098 4097 4097 4097 4097 4098 
1281 1255 6027 16383 1175 1283 1297 1241 4097 1759 4098 4097 4097 4097 4097 4098 
1282 1315 6042 16383 1174 1282 1298 1242 4097 1759 4098 4097 4097 4097 4097 4098 
1280 1299 6035 16383 1174 1282 1298 1242 4098 1758 4099 4098 4098 4098 4098 4099 
1281 1271 6027 16383 1174 1283 1295 1242 4098 1759 4099 4098 4098 4098 4098 4099 
1284 1319 6039 16383 1175 1283 1298 1243 4097 1759 4098 4097 4097 4097 4097 4098 
1281 1269 6027 16383 1175 1283 1299 1242 4097 1759 4098 4097 4097 4097 4097 4098 
1283 1279 6027 16383 1175 1283 1298 1242 4097 1759 4098 4097 4097 4097 4097 4098 
1281 1251 6023 16383 1173 1282 1293 1239 4097 1760 4098 4097 4097 4097 4097 4098 
1280 1251 6042 16383 1173 1282 1297 1239 4097 1759 4098 4097 4097 4097 4097 4098 
1279 1287 6023 16383 1174 1282 1297 1239 4097 1759 4098 4097 4097 4097 4097 4098 
1281 1270 6045 16383 1175 1285 1299 1243 4097 1760 4098 4097 4097 4097 4097 4098 
1280 1270 6031 16383 1177 1283 1299 1243 4097 1758 4098 4097 4097 4097 4097 4098 
1279 1278 6043 16383 1173 1282 1295 1242 4097 1759 4098 4097 4097 4097 4097 4098 
1283 1274 6039 16383 1177 1283 1299 1243 4097 1759 4098 4097 4097 4097 4097 4098 
1282 1274 6030 16383 1175 1283 1298 1242 4097 1758 4098 4097 4097 4097 4097 4098 
1281 1330 6027 16383 1175 1283 1299 1243 4097 1758 4098 4097 4097 4097 4097 4098 
1279 1255 6039 16383 1174 1281 1297 1241 4097 1759 4098 4097 4097 4097 4097 4098 
1348 1302 6035 16383 1175 1283 1297 1242 1209 1759 4098 4097 4097 4097 4097 4098 
1367 1327 6038 16383 1173 1282 1295 1240 1225 1760 4098 4097 4097 4097 4097 4098 
1351 1294 6035 16383 1174 1284 1299 1243 1216 1760 4099 4098 4098 4098 4098 4099 
1281 1270 6041 16383 1174 1282 1298 1242 4097 1759 4098 4097 4097 4097 4097 4098 
1281 1255 6035 16383 1175 1283 1299 1242 4097 1759 4098 4097 4097 4097 4097 4098 
1280 1267 6037 16383 1175 1285 1299 1241 4097 1760 4098 4097 4097 4097 4097 4098 
1423 1314 6033 16383 1173 1281 1295 1239 1202 1759 4098 4097 4097 4097 4097 4098 
1284 1269 6025 16383 1175 1283 1299 1241 4097 1759 4098 4097 4097 4097 4097 4098 
1337 1322 6041 16383 1175 1283 1298 1243 1224 1760 4097 4096 4096 4096 4096 4097 
1280 1273 6027 16383 1175 1283 1298 1240 4097 1758 4098 4097 4097 4097 4097 4098 
1278 1257 6026 16383 1173 1282 1295 1239 4096 1759 4097 4096 4096 4096 4096 4097 
1284 1275 6042 16383 1175 1285 1299 1243 4097 1760 4098 4097 4097 4097 4097 4098 
1280 1258 6024 16383 1174 1281 1298 1242 4097 1759 4098 4097 4097 4097 4097 4098 
1279 1259 6042 16383 1174 1282 1297 1239 4097 1759 4098 4097 4097 4097 4097 4098 
1282 1259 6033 16383 1175 1283 1298 1242 4097 1758 4098 4097 4097 4097 4097 4098 
1327 1298 6025 16383 1175 1283 1295 1241 1229 1759 4099 4098 4098 4098 4098 4099 
1281 1268 6036 16383 1175 1282 1299 1243 4097 1759 4098 4097 4097 4097 4097 4098 
1278 1271 6028 16383 1173 1282 1295 1240 4097 1760 4098 4097 4097 4097 4097 4098 
1282 1280 6027 16383 1175 1283 1299 1242 4097 1760 4098 4097 4097 4097 4097 4098 
1281 1255 6023 16383 1175 1285 1299 1244 4097 1759 4098 4097 4097 4097 4097 4098 
1281 1250 6023 16383 1174 1280 1297 1242 4096 1760 4097 4096 4096 4096 4096 4097 
1357 1338 6035 16383 1174 1282 1297 1241 1220 1759 4098 4097 4097 4097 4097 4098 
1283 1277 6043 16383 1175 1283 1299 1243 4097 1759 4098 4097 4097 4097 4097 4098 
1278 1261 6029 16383 1175 1282 1299 1242 4097 1759 4098 4097 4097 4097 4097 4098 
1281 1270 6039 16383 1174 1283 1297 1241 4097 1759 4098 4097 4097 4097 4097 4098 
1279 1263 6040 16383 1173 1282 1295 1241 4097 1759 4098 4097 4097 4097 4097 4098 
1283 1259 6047 16383 1177 1284 1301 1244 4098 1759 4099 4098 4098 4098 4098 4099 
1283 1266 6029 16383 1175 1282 1299 1242 4097 1759 4098 4097 4097 4097 4097 4098 
1281 1267 6025 16383 1175 1283 1299 1243 4097 1759 4098 4097 4097 4097 4097 4098 
1281 1260 6029 16383 1175 1281 1298 1241 4097 1759 4098 4097 4098 4098 4098 4099 
1283 1263 6028 16383 1175 1284 1298 1241 4097 1759 4098 4097 4097 4097 4097 4098 
1281 1263 6024 16383 1177 1283 1301 1241 4097 1760 4098 4097 4097 4097 4097 4098 
1279 1263 6026 16383 1175 1283 1298 1241 4097 1759 4098 4097 4097 4097 4097 4098 
1418 1367 6041 16383 1173 1282 1298 1240 1218 1760 4098 4097 4097 4097 4097 4098 
1279 1307 6031 16383 1174 1283 1295 1240 4097 1759 4098 4097 4097 4097 4097 4098 
1402 1307 6037 16383 1175 1282 1299 1243 1209 1759 4098 4097 4097 4097 4097 4098 
1284 1266 6041 16383 1174 1281 1298 1241 4097 1760 4098 4097 4097 4097 4097 4098 
1282 1262 6037 16383 1175 1282 1298 1241 4097 1759 4098 4097 4097 4097 4097 4098 
1279 1267 6023 16383 1173 1280 1298 1242 4097 1759 4098 4097 4097 4097 4097 4098 
1282 1271 6027 16383 1174 1283 1298 1242 4097 1759 4098 4097 4097 4097 4097 4098 
1279 1270 6039 16383 1175 1282 1298 1241 4097 1759 4098 4097 4097 4097 4097 4098 
1354 1357 6034 16383 1175 1283 1300 1242 1230 1760 4098 4097 4097 4097 4097 4098 
1281 1365 6039 16383 1174 1282 1299 1242 4097 1759 4098 4097 4097 4097 4097 4098 
1282 1433 6030 16383 1174 1283 1298 1241 4098 1758 4099 4098 4098 4098 4098 4099 
1280 1268 6031 16383 1175 1282 1297 1243 4097 1759 4098 4097 4097 4097 4097 4098 
1281 1249 6026 16383 1175 1283 1295 1241 4097 1759 4098 4097 4097 4097 4097 4098 
1286 1267 6026 16383 1175 1285 1300 1244 4097 1758 4098 4097 4097 4097 4097 4098 
1282 1277 6037 16383 1173 1283 1299 1242 4097 1760 4098 4097 4097 4097 4097 4098 
1281 1255 6031 16383 1175 1284 1298 1243 4097 1759 4098 4097 4097 4097 4097 4098 
1282 1271 6017 16383 1175 1283 1298 1243 4097 1758 4098 4097 4097 4097 4097 4098 
1349 1309 6031 16383 1175 1283 1297 1242 1217 1759 4098 4097 4097 4097 4097 4098 
1280 1263 6033 16383 1175 1285 1297 1242 4096 1758 4097 4096 4096 4096 4096 4097 
1311 1276 6044 16383 1177 1284 1299 1243 1250 1759 4098 4097 4097 4097 4097 4098 
1283 1268 6043 16383 1174 1284 1297 1239 4097 1760 4098 4097 4097 4097 4097 4098 
1280 1259 6029 16383 1174 1280 1299 1242 4097 1760 4098 4097 4097 4097 4097 4098 
1279 1265 6031 16383 1174 1281 1295 1241 4097 1759 4098 4097 4097 4097 4097 4098 
1279 1343 6031 16383 1173 1282 1297 1241 4097 1759 4098 4097 4097 4097 4097 4098 
1281 1250 6030 16383 1177 1285 1303 1243 4097 1759 4098 4097 4097 4097 4097 4098 
1283 1259 6036 16383 1174 1283 1301 1243 4097 1759 4098 4097 4097 4097 4097 4098 
1279 1294 6035 16383 1175 1283 1298 1241 4097 1759 4098 4097 4097 4097 4097 4098 
1281 1271 6029 16383 1174 1283 1295 1241 4097 1760 4098 4097 4097 4097 4097 4098 
1344 1300 6027 16383 1175 1283 1298 1242 1208 1758 4098 4097 4097 4097 4097 4098 
1277 1255 6035 16383 1174 1281 1295 1239 4097 1759 4098 4097 4097 4097 4097 4098 
1332 1299 6027 16383 1177 1283 1299 1242 1231 1759 4099 4098 4098 4098 4098 4099 
1277 1253 6039 16383 1172 1282 1295 1239 4097 1759 4098 4097 4097 4097 4097 4098 
1280 1303 6043 16383 1174 1282 1298 1240 4097 1759 4098 4097 4097 4097 4097 4098 
1283 1262 6029 16383 1175 1284 1299 1242 4097 1759 4098 4097 4097 4097 4097 4098 
1282 1303 6026 16383 1175 1283 1298 1243 4097 1760 4098 4097 4097 4097 4097 4098 
1279 1251 6042 16383 1175 1282 1297 1239 4097 1758 4098 4097 4097 4097 4097 4098 
1282 1261 6033 16383 1177 1283 1299 1241 4097 1758 4098 4097 4097 4097 4097 4098 
1281 1251 6028 16383 1173 1282 1297 1241 4097 1760 4098 4097 4097 4097 4097 4098 
1346 1287 6030 16383 1177 1285 1299 1245 1218 1758 4098 4097 4097 4097 4097 4098 
1278 1250 6034 16383 1173 1283 1298 1242 4097 1759 4098 4097 4097 4097 4097 4098 
1281 1263 6044 16383 1175 1283 1299 1243 4097 1759 4098 4097 4097 4097 4097 4098 
1280 1262 6043 16383 1174 1283 1298 1241 4097 1759 4098 4097 4097 4097 4097 4098 
1284 1318 6026 16383 1175 1285 1299 1243 4097 1758 4098 4097 4097 4097 4097 4098 
1279 1255 6041 16383 1175 1284 1297 1239 4097 1758 4098 4097 4097 4097 4097 4098 
1283 1284 6047 16383 1176 1285 1299 1243 4096 1760 4097 4096 4096 4096 4096 4097 
1281 1247 6035 16383 1175 1283 1298 1241 4097 1759 4098 4097 4097 4097 4097 4098 
1278 1262 6028 16383 1174 1281 1298 1241 4097 1760 4098 4097 4097 4097 4097 4098 
1282 1257 6040 16383 1174 1283 1298 1241 4097 1759 4098 4097 4097 4097 4097 4098 
1282 1282 6037 16383 1174 1281 1297 1241 4098 1758 4099 4098 4098 4098 4098 4099 
1280 1271 6039 16383 1173 1282 1299 1241 4096 1759 4097 4096 4096 4096 4096 4097 
1279 1257 6031 16383 1175 1281 1298 1242 4097 1759 4098 4097 4097 4097 4097 4098 
1281 1255 6027 16383 1175 1283 1299 1242 4096 1760 4097 4096 4096 4096 4096 4097 
1281 1253 6035 16383 1174 1283 1297 1243 4097 1760 4098 4097 4097 4097 4097 4098 
1282 1259 6031 16383 1175 1283 1297 1241 4097 1759 4098 4097 4097 4097 4097 4098 
1278 1263 6024 16383 1171 1279 1295 1239 4097 1759 4098 4097 4097 4097 4097 4098 
1282 1289 6034 16383 1175 1282 1299 1244 4097 1759 4098 4097 4097 4097 4097 4098 
1279 1265 6034 16383 1175 1283 1299 1241 4097 1759 4098 4097 4097 4097 4097 4098 
1283 1289 6042 16383 1177 1283 1299 1241 4097 1759 4098 4097 4097 4097 4097 4098 
1279 1295 6031 16383 1175 1283 1298 1242 4097 1760 4098 4097 4097 4097 4097 4098 
1282 1267 6031 16383 1177 1284 1301 1245 4097 1759 4098 4097 4097 4097 4097 4098 
1281 1274 6039 16383 1175 1283 1298 1243 4097 1759 4098 4097 4097 4097 4097 4098 
1281 1255 6029 16383 1177 1283 1298 1243 4097 1759 4098 4097 4097 4097 4097 4098 
1285 1273 6023 16383 1175 1284 1299 1241 4097 1759 4098 4097 4097 4097 4097 4098 
1281 1314 6025 16383 1175 1283 1299 1245 4097 1759 4098 4097 4097 4097 4097 4098 
1281 1425 6027 16383 1174 1281 1297 1241 4097 1758 4098 4097 4097 4097 4097 4098 
1281 1262 6039 16383 1174 1281 1297 1241 4097 1760 4098 4097 4097 4097 4097 4098 
1282 1254 6031 16383 1174 1284 1297 1242 4097 1758 4098 4097 4097 4097 4097 4098 
1279 1285 6027 16383 1174 1282 1295 1241 4097 1759 4098 4097 4097 4097 4097 4098 
1280 1259 6023 16383 1175 1281 1299 1241 4096 1760 4097 4096 4096 4096 4096 4097 
1281 1254 6039 16383 1174 1284 1298 1243 4097 1759 4098 4097 4097 4097 4097 4098 
1281 1260 6042 16383 1175 1281 1298 1242 4097 1759 4098 4097 4097 4097 4097 4098 
1283 1263 6047 16383 1177 1285 1301 1245 4097 1758 4098 4097 4097 4097 4097 4098 
1281 1271 6039 16383 1175 1284 1299 1242 4097 1759 4098 4097 4097 4097 4097 4098 
1281 1269 6035 16383 1175 1280 1297 1241 4097 1758 4098 4097 4097 4097 4097 4098 
1281 1262 6039 16383 1175 1280 1297 1241 4097 1759 4098 4097 4097 4097 4097 4098 
1411 1316 6029 16383 1175 1282 1298 1242 1209 1758 4099 4098 4098 4098 4098 4099 
1277 1255 6023 16383 1175 1283 1299 1242 4097 1758 4098 4097 4097 4097 4097 4098 
1345 1291 6034 16383 1174 1282 1297 1241 1196 1759 4098 4097 4097 4097 4097 4098 
1284 1263 6027 16383 1175 1285 1299 1246 4097 1758 4098 4097 4097 4097 4097 4098 
1282 1259 6033 16383 1175 1283 1298 1243 4097 1758 4098 4097 4097 4097 4097 4098 
1277 1258 6025 16383 1173 1281 1295 1241 4097 1759 4098 4097 4097 4097 4097 4098 
1283 1255 6033 16383 1177 1284 1297 1243 4097 1760 4098 4097 4097 4097 4097 4098 
1279 1250 6039 16383 1175 1282 1299 1241 4097 1759 4098 4097 4097 4097 4097 4098 
1281 1307 6029 16383 1175 1282 1299 1241 4097 1758 4098 4097 4097 4097 4097 4098 
1279 1270 6029 16383 1175 1283 1298 1243 4097 1759 4098 4097 4097 4097 4097 4098 
1279 1259 6029 16383 1173 1282 1298 1240 4097 1759 4098 4097 4097 4097 4097 4098 
1281 1267 6027 16383 1174 1282 1295 1243 4097 1759 4098 4097 4097 4097 4097 4098 
1353 1338 6023 16383 1175 1283 1298 1241 1220 1759 4098 4097 4097 4097 4097 4098 
1278 1247 6033 16383 1174 1284 1295 1241 4097 1759 4098 4097 4097 4097 4097 4098 
1283 1263 6023 16383 1174 1282 1297 1241 4097 1759 4098 4097 4097 4097 4097 4098 
1279 1271 6044 16383 1177 1283 1299 1245 4096 1758 4097 4096 4096 4096 4096 4097 
1279 1252 6042 16383 1174 1283 1297 1241 4097 1759 4098 4097 4097 4097 4097 4098 
1281 1250 6031 16383 1175 1283 1299 1242 4097 1759 4098 4097 4097 4097 4097 4098 
1281 1262 6035 16383 1175 1283 1298 1241 4097 1759 4098 4097 4097 4097 4097 4098 
1333 1340 6039 16383 1173 1281 1295 1239 1234 1759 4098 4097 4097 4097 4097 4098 
1280 1283 6042 16383 1174 1283 1298 1242 4096 1760 4097 4096 4096 4096 4096 4097 
1280 1285 6043 16383 1177 1282 1297 1242 4097 1760 4098 4097 4097 4097 4097 4098 
1347 1284 6045 16383 1177 1283 1300 1242 1197 1758 4098 4097 4097 4097 4097 4098 
1279 1271 6043 16383 1174 1282 1295 1241 4097 1760 4098 4097 4097 4097 4097 4098 
1282 1257 6026 16383 1177 1283 1301 1241 4097 1759 4098 4097 4097 4097 4097 4098 
1281 1267 6039 16383 1175 1283 1297 1243 4097 1760 4098 4097 4097 4097 4097 4098 
1280 1267 6028 16383 1175 1285 1299 1242 4097 1760 4098 4097 4097 4097 4097 4098 
1361 1261 6021 16383 1175 1282 1298 1240 1194 1758 4098 4097 4097 4097 4097 4098 
1277 1254 6030 16383 1173 1282 1298 1241 4097 1759 4098 4097 4097 4097 4097 4098 
1279 1259 6027 16383 1173 1281 1297 1239 4097 1760 4098 4097 4097 4097 4097 4098 
1280 1262 6031 16383 1174 1285 1299 1243 4097 1760 4098 4097 4097 4097 4097 4098 
1282 1262 6023 16383 1177 1285 1299 1242 4097 1759 4098 4097 4097 4097 4097 4098 
1280 1263 6033 16383 1177 1284 1299 1243 4097 1759 4098 4097 4097 4097 4097 4098 
1280 1252 6037 16383 1175 1283 1298 1241 4097 1759 4098 4097 4097 4097 4097 4098 
1278 1263 6023 16383 1174 1283 1295 1243 4097 1760 4098 4097 4097 4097 4097 4098 
1285 1438 6022 16383 1175 1285 1300 1243 4096 1759 4097 4096 4096 4096 4096 4097 
1279 1255 6023 16383 1175 1283 1298 1241 4097 1758 4098 4097 4097 4097 4097 4098 
1379 1274 6027 16383 1174 1283 1297 1243 1206 1759 4097 4096 4096 4096 4096 4097 
1280 1267 6036 16383 1175 1283 1298 1241 4097 1759 4098 4097 4097 4097 4097 4098 
1283 1274 6027 16383 1177 1283 1297 1243 4097 1759 4098 4097 4097 4097 4097 4098 
1285 1253 6023 16383 1175 1283 1300 1241 4096 1760 4097 4096 4096 4096 4096 4097 
1278 1259 6033 16383 1172 1279 1295 1239 4097 1759 4098 4097 4097 4097 4097 4098 
1282 1403 6028 16383 1175 1282 1300 1242 4096 1758 4097 4096 4096 4096 4096 4097 
1281 1265 6035 16383 1174 1282 1298 1241 4097 1759 4098 4097 4097 4097 4097 4098 
1283 1261 6025 16383 1175 1280 1295 1242 4097 1759 4098 4097 4097 4097 4097 4098 
1279 1275 6039 16383 1173 1282 1297 1242 4096 1759 4097 4096 4096 4096 4096 4097 
1280 1273 6042 16383 1175 1283 1299 1242 4097 1759 4098 4097 4097 4097 4097 4098 
1283 1247 6029 16383 1175 1284 1299 1243 4097 1759 4098 4097 4097 4097 4097 4098 
1280 1256 6039 16383 1175 1282 1299 1243 4097 1760 4098 4097 4097 4097 4097 4098 
1278 1254 6036 16383 1175 1281 1298 1241 4097 1759 4098 4097 4097 4097 4097 4098 
1279 1270 6039 16383 1174 1283 1299 1242 4098 1759 4099 4098 4098 4098 4098 4099 
1281 1263 6038 16383 1175 1283 1297 1241 4098 1758 4099 4098 4098 4098 4098 4099 
1282 1270 6033 16383 1175 1284 1299 1243 4097 1758 4098 4097 4097 4097 4097 4098 
1279 1246 6031 16383 1175 1281 1298 1241 4098 1759 4099 4098 4098 4098 4098 4099 
1354 1310 6033 16383 1173 1283 1295 1241 1233 1760 4097 4096 4096 4096 4096 4097 
1285 1310 6032 16383 1174 1283 1297 1243 4096 1759 4097 4096 4096 4096 4096 4097 
1283 1263 6023 16383 1177 1282 1299 1241 4098 1759 4099 4098 4098 4098 4098 4099 
1279 1255 6027 16383 1175 1283 1299 1242 4097 1758 4098 4097 4097 4097 4097 4098 
1281 1270 6035 16383 1175 1282 1297 1241 4097 1759 4098 4097 4097 4097 4097 4098 
1279 1278 6034 16383 1177 1283 1297 1242 4097 1759 4098 4097 4097 4097 4097 4098 
1280 1258 6029 16383 1175 1283 1298 1241 4097 1760 4098 4097 4097 4097 4097 4098 
1281 1255 6036 16383 1174 1281 1299 1241 4097 1758 4098 4097 4097 4097 4097 4098 
1357 1361 6027 16383 1173 1281 1297 1241 1223 1758 4098 4097 4097 4097 4097 4098 
1280 1268 6027 16383 1173 1283 1297 1241 4097 1760 4098 4097 4097 4097 4097 4098 
1281 1258 6034 16383 1175 1285 1299 1245 4098 1760 4099 4098 4098 4098 4098 4099 
1283 1280 6035 16383 1175 1283 1298 1245 4097 1758 4098 4097 4097 4097 4097 4098 
1279 1253 6035 16383 1175 1285 1299 1243 4097 1759 4098 4097 4097 4097 4097 4098 
1280 1271 6035 16383 1173 1281 1297 1242 4097 1759 4098 4097 4097 4097 4097 4098 
1343 1297 6039 16383 1173 1281 1297 1241 1229 1759 4098 4097 4097 4097 4097 4098 
1355 1341 6035 16383 1175 1281 1295 1239 1229 1758 4098 4097 4097 4097 4097 4098 
1281 1255 6042 16383 1175 1283 1299 1245 4097 1759 4098 4097 4097 4097 4097 4098 
1281 1269 6028 16383 1175 1283 1297 1243 4096 1760 4097 4096 4096 4096 4096 4097 
1281 1267 6021 16383 1174 1281 1299 1241 4097 1759 4098 4097 4097 4097 4097 4098 
1282 1295 6033 16383 1174 1281 1298 1242 4097 1759 4098 4097 4097 4097 4097 4098 
1283 1265 6029 16383 1175 1283 1299 1242 4097 1759 4098 4097 4097 4097 4097 4098 
1280 1277 6021 16383 1175 1283 1298 1242 4097 1758 4098 4097 4097 4097 4097 4098 
1351 1243 6041 16383 1175 1281 1299 1241 1074 1759 4098 4097 4097 4097 4097 4098 
1327 1319 6023 16383 1174 1282 1299 1242 1240 1758 4098 4097 4097 4097 4097 4098 
1281 1259 6029 16383 1175 1283 1297 1241 4097 1759 4098 4097 4097 4097 4097 4098 
1342 1303 6035 16383 1175 1282 1299 1241 1236 1759 4098 4097 4097 4097 4097 4098 
1281 1254 6031 16383 1175 1285 1299 1242 4097 1759 4098 4097 4097 4097 4097 4098 
1285 1269 6035 16383 1177 1285 1301 1243 4097 1760 4098 4097 4097 4097 4097 4098 
1281 1254 6041 16383 1174 1282 1299 1244 4097 1759 4098 4097 4097 4097 4097 4098 
1281 1259 6027 16383 1175 1283 1298 1243 4097 1760 4098 4097 4097 4097 4097 4098 
1281 1263 6039 16383 1175 1283 1299 1243 4096 1759 4097 4096 4096 4096 4096 4097 
1351 1317 6021 16383 1175 1283 1299 1244 1217 1759 4098 4097 4097 4097 4097 4098 
1278 1262 6031 16383 1175 1284 1298 1241 4096 1759 4097 4096 4096 4096 4096 4097 
1338 1297 6029 16383 1175 1283 1299 1241 1219 1758 4098 4097 4097 4097 4097 4098 
1282 1261 6033 16383 1173 1283 1295 1239 4098 1758 4099 4098 4098 4098 4098 4099 
1347 1305 6027 16383 1175 1283 1299 1243 1208 1759 4098 4097 4097 4097 4097 4098 
1369 1354 6038 16383 1175 1284 1300 1243 1233 1760 4097 4096 4096 4096 4096 4097 
1281 1254 6039 16383 1178 1283 1299 1243 4097 1759 4098 4097 4097 4097 4097 4098 
1356 1321 6036 16383 1175 1281 1295 1243 1215 1759 4098 4097 4097 4097 4097 4098 
1279 1283 6037 16383 1174 1282 1298 1241 4097 1759 4098 4097 4097 4097 4097 4098 
1281 1329 6041 16383 1174 1282 1299 1243 4097 1760 4098 4097 4097 4097 4097 4098 
1281 1248 6034 16383 1175 1283 1297 1241 4097 1759 4098 4097 4097 4097 4097 4098 
1279 1298 6041 16383 1175 1281 1295 1239 4096 1759 4097 4096 4096 4096 4096 4097 
1339 1316 6035 16383 1175 1283 1299 1243 1233 1759 4098 4097 4097 4097 4097 4098 
1282 1274 6026 16383 1175 1283 1299 1243 4096 1759 4097 4096 4096 4096 4096 4097 
1284 1275 6031 16383 1175 1283 1299 1243 4097 1760 4098 4097 4097 4097 4097 4098 
1285 1271 6030 16383 1175 1284 1297 1243 4097 1759 4098 4097 4097 4097 4097 4098 
1281 1271 6027 16383 1175 1285 1299 1243 4097 1760 4098 4097 4097 4097 4097 4098 
1281 1267 6039 16383 1174 1282 1295 1239 4097 1759 4098 4097 4097 4097 4097 4098 
1282 1345 6040 16383 1175 1283 1298 1243 4097 1759 4098 4097 4097 4097 4097 4098 
1279 1271 6026 16383 1174 1281 1295 1241 4097 1759 4098 4097 4097 4097 4097 4098 
1543 1637 6031 16383 1175 1283 1298 1239 1236 1759 4098 4097 4097 4097 4097 4098 
1385 1301 6027 16383 1174 1282 1297 1241 1195 1759 4098 4097 4097 4097 4097 4098 
1279 1273 6035 16383 1175 1282 1297 1242 4097 1759 4098 4097 4097 4097 4097 4098 
1334 1319 6037 16383 1174 1283 1299 1241 1239 1760 4097 4096 4096 4096 4096 4097 
1372 1351 6042 16383 1174 1282 1298 1242 1222 1760 4098 4097 4097 4097 4097 4098 
1356 1259 6036 16383 1174 1282 1295 1241 1182 1758 4098 4097 4097 4097 4097 4098 
1285 1283 6027 16383 1178 1287 1301 1245 4097 1759 4098 4097 4097 4097 4097 4098 
1282 1290 6033 16383 1174 1283 1299 1241 4097 1759 4098 4097 4097 4097 4097 4098 
1282 1253 6029 16383 1175 1285 1300 1243 4097 1759 4098 4097 4097 4097 4097 4098 
1283 1258 6038 16383 1178 1283 1300 1243 4097 1759 4098 4097 4097 4097 4097 4098 
1280 1331 6038 16383 1175 1285 1298 1243 4096 1759 4097 4096 4096 4096 4096 4097 
1281 1267 6044 16383 1174 1283 1299 1241 4097 1759 4098 4097 4097 4097 4097 4098 
1281 1263 6029 16383 1175 1284 1301 1242 4097 1759 4098 4097 4097 4097 4097 4098 
1281 1273 6028 16383 1174 1282 1297 1239 4097 1760 4098 4097 4097 4097 4097 4098 
1279 1251 6038 16383 1174 1282 1297 1241 4097 1759 4098 4097 4097 4097 4097 4098 
1279 1327 6040 16383 1173 1281 1295 1239 4097 1759 4098 4097 4097 4097 4097 4098 
1280 1274 6036 16383 1175 1283 1297 1241 4097 1759 4098 4097 4097 4097 4097 4098 
1330 1338 6039 16383 1175 1285 1300 1244 1246 1760 4098 4097 4097 4097 4097 4098 
