1347 1313 6046 16383 1174 1283 1298 1242 1608 2156 4099 4098 4098 4098 4098 4099 
1343 1373 6041 16383 1175 1283 1299 1243 1607 2124 4099 4098 4098 4098 4098 4099 
1345 1221 6029 16383 1177 1285 1299 1243 1608 4098 4099 4098 4098 4098 4098 4099 
1357 1293 6039 16383 1175 1282 1298 1240 1609 2166 4099 4098 4098 4098 4098 4099 
1317 1220 6037 16383 1175 1281 1298 1242 1608 4098 4099 4098 4098 4098 4098 4099 
1310 1223 6048 16383 1174 1283 1295 1241 1607 4098 4099 4098 4098 4098 4098 4099 
1318 1233 6037 16383 1174 1285 1299 1243 1609 4097 4098 4097 4097 4097 4097 4098 
1316 1214 6036 16383 1175 1281 1297 1238 1609 4097 4098 4097 4097 4097 4097 4098 
1326 1221 6031 16383 1175 1284 1299 1243 1607 4097 4098 4097 4097 4097 4097 4098 
1315 1231 6042 16383 1175 1281 1297 1241 1608 4097 4098 4097 4097 4097 4097 4098 
1314 1221 6035 16383 1174 1282 1298 1241 1609 4098 4099 4098 4098 4098 4098 4099 
1315 1219 6046 16383 1178 1285 1301 1243 1608 4097 4098 4097 4097 4097 4097 4098 
1363 1293 6036 16383 1174 1283 1299 1243 1607 2161 4098 4097 4097 4097 4097 4098 
1382 1410 6047 16383 1177 1284 1299 1241 1607 2134 4098 4097 4097 4097 4097 4098 
1305 1227 6035 16383 1173 1281 1297 1241 1607 4097 4098 4097 4097 4097 4097 4098 
1369 1225 6031 16383 1175 1282 1298 1242 1608 4097 4098 4097 4097 4097 4097 4098 
1375 1218 6041 16383 1175 1283 1299 1241 1608 4097 4098 4097 4097 4097 4097 4098 
1322 1225 6045 16383 1173 1283 1297 1241 1609 4097 4098 4097 4097 4097 4097 4098 
1311 1221 6030 16383 1174 1282 1297 1239 1608 4097 4098 4097 4097 4097 4097 4098 
1329 1223 6038 16383 1175 1283 1299 1241 1608 4097 4098 4097 4097 4097 4097 4098 
1325 1219 6037 16383 1175 1282 1295 1241 1607 4097 4098 4097 4097 4097 4097 4098 
1316 1223 6044 16383 1174 1283 1298 1243 1609 4097 4098 4097 4097 4097 4097 4098 
1343 1375 6037 16383 1177 1284 1298 1243 1609 2131 4098 4097 4097 4097 4097 4098 
1329 1230 6035 16383 1175 1283 1299 1243 1608 4096 4097 4096 4096 4096 4096 4097 
1316 1223 6031 16383 1174 1279 1298 1241 1608 4097 4098 4097 4097 4097 4097 4098 
1314 1229 6046 16383 1175 1281 1300 1243 1607 4097 4098 4097 4097 4097 4097 4098 
1321 1219 6031 16383 1175 1283 1299 1243 1608 4096 4097 4096 4096 4096 4096 4097 
1371 1230 6033 16383 1175 1283 1299 1243 1608 4097 4098 4097 4097 4097 4097 4098 
1342 1305 6031 16383 1174 1285 1299 1243 1608 2140 4098 4097 4097 4097 4097 4098 
1329 1229 6030 16383 1176 1283 1298 1241 1608 4097 4098 4097 4097 4097 4097 4098 
1323 1307 6031 16383 1171 1282 1295 1242 1608 2135 4098 4097 4097 4097 4097 4098 
1323 1227 6037 16383 1175 1283 1298 1243 1608 4097 4098 4097 4097 4097 4097 4098 
1321 1227 6035 16383 1177 1286 1301 1243 1609 4096 4097 4096 4096 4096 4096 4097 
1341 1234 6050 16383 1176 1283 1298 1242 1608 4097 4098 4097 4097 4097 4097 4098 
1359 1305 6051 16383 1173 1283 1299 1243 1608 2161 4098 4097 4097 4097 4097 4098 
1317 1217 6023 16383 1175 1282 1297 1239 1609 4096 4097 4096 4096 4096 4096 4097 
1363 1229 6030 16383 1175 1284 1297 1242 1608 4097 4098 4097 4097 4097 4097 4098 
1332 1229 6033 16383 1175 1281 1297 1242 1608 4098 4099 4098 4098 4098 4098 4099 
1317 1231 6043 16383 1173 1282 1298 1239 1609 4097 4098 4097 4097 4097 4097 4098 
1357 1287 6049 16383 1174 1282 1298 1241 1607 2175 4098 4097 4097 4097 4097 4098 
1321 1239 6033 16383 1177 1283 1299 1245 1609 4097 4098 4097 4097 4097 4097 4098 
1303 1217 6041 16383 1173 1283 1295 1239 1608 4097 4098 4097 4097 4097 4097 4098 
1318 1231 6038 16383 1174 1282 1298 1241 1608 4097 4098 4097 4097 4097 4097 4098 
1318 1228 6049 16383 1175 1284 1301 1241 1609 4097 4098 4097 4097 4097 4097 4098 
1339 1219 6048 16383 1175 1283 1299 1243 1609 4097 4098 4097 4097 4097 4097 4098 
1317 1237 6034 16383 1175 1284 1298 1243 1608 4097 4098 4097 4097 4097 4097 4098 
1333 1235 6051 16383 1175 1282 1298 1243 1607 4097 4098 4097 4097 4097 4097 4098 
1314 1219 6050 16383 1175 1283 1299 1241 1607 4097 4098 4097 4097 4097 4097 4098 
1325 1225 6030 16383 1174 1283 1299 1242 1608 4098 4099 4098 4098 4098 4098 4099 
1318 1229 6035 16383 1175 1285 1299 1243 1608 4097 4098 4097 4097 4097 4097 4098 
1318 1234 6049 16383 1175 1282 1299 1242 1608 4097 4098 4097 4097 4097 4097 4098 
1324 1234 6050 16383 1175 1281 1297 1242 1609 4097 4098 4097 4097 4097 4097 4098 
1370 1287 6041 16383 1175 1282 1298 1241 1607 2175 4098 4097 4097 4097 4097 4098 
1356 1235 6043 16383 1175 1285 1299 1242 1608 4097 4098 4097 4097 4097 4097 4098 
1343 1219 6045 16383 1175 1282 1297 1239 1608 4097 4098 4097 4097 4097 4097 4098 
1356 1230 6037 16383 1175 1283 1299 1243 1608 4097 4098 4097 4097 4097 4097 4098 
1316 1227 6048 16383 1177 1284 1300 1242 1608 4097 4098 4097 4097 4097 4097 4098 
1319 1222 6051 16383 1175 1281 1299 1242 1609 4097 4098 4097 4097 4097 4097 4098 
1325 1238 6047 16383 1175 1283 1297 1242 1609 4097 4098 4097 4097 4097 4097 4098 
1315 1219 6048 16383 1174 1283 1297 1242 1608 4097 4098 4097 4097 4097 4097 4098 
1346 1236 6044 16383 1175 1283 1299 1243 1609 4097 4098 4097 4097 4097 4097 4098 
1324 1218 6047 16383 1175 1282 1295 1239 1608 4097 4098 4097 4097 4097 4097 4098 
1326 1225 6048 16383 1175 1283 1299 1245 1608 4097 4098 4097 4097 4097 4097 4098 
1314 1230 6050 16383 1174 1283 1299 1241 1609 4097 4098 4097 4097 4097 4097 4098 
1333 1223 6037 16383 1175 1283 1298 1242 1609 4097 4098 4097 4097 4097 4097 4098 
1357 1299 6047 16383 1171 1281 1295 1241 1609 2160 4097 4096 4096 4096 4096 4097 
1319 1231 6053 16383 1175 1283 1297 1242 1608 4097 4098 4097 4097 4097 4097 4098 
1321 1219 6043 16383 1175 1284 1299 1242 1609 4097 4098 4097 4097 4097 4097 4098 
1316 1220 6037 16383 1175 1283 1299 1241 1608 4097 4098 4097 4097 4097 4097 4098 
1318 1229 6047 16383 1174 1282 1298 1239 1608 4097 4098 4097 4097 4097 4097 4098 
1321 1220 6038 16383 1174 1283 1299 1243 1609 4097 4098 4097 4097 4097 4097 4098 
1355 1221 6037 16383 1174 1281 1297 1239 1609 4097 4098 4097 4097 4097 4097 4098 
1317 1227 6046 16383 1174 1281 1295 1242 1609 4097 4098 4097 4097 4097 4097 4098 
1313 1223 6052 16383 1175 1285 1299 1241 1608 4097 4098 4097 4097 4097 4097 4098 
1317 1231 6042 16383 1175 1283 1298 1242 1607 4097 4098 4097 4097 4097 4097 4098 
1324 1229 6051 16383 1173 1283 1297 1241 1608 4097 4098 4097 4097 4097 4097 4098 
1366 1335 6047 16383 1174 1285 1298 1242 1608 2147 4098 4097 4097 4097 4097 4098 
1312 1218 6033 16383 1173 1280 1295 1239 1609 4097 4098 4097 4097 4097 4097 4098 
1343 1305 6045 16383 1174 1283 1300 1241 1608 2140 4098 4097 4097 4097 4097 4098 
1323 1231 6039 16383 1177 1282 1299 1241 1609 4096 4097 4096 4096 4096 4096 4097 
1339 1227 6051 16383 1175 1281 1295 1241 1608 4097 4098 4097 4097 4097 4097 4098 
1315 1218 6035 16383 1173 1281 1295 1239 1608 4097 4098 4097 4097 4097 4097 4098 
1317 1227 6041 16383 1175 1281 1297 1242 1607 4097 4098 4097 4097 4097 4097 4098 
1316 1227 6053 16383 1177 1283 1299 1242 1608 4097 4098 4097 4097 4097 4097 4098 
1321 1222 6052 16383 1174 1282 1298 1241 1608 4097 4098 4097 4097 4097 4097 4098 
1313 1220 6050 16383 1175 1283 1297 1241 1608 4097 4098 4097 4097 4097 4097 4098 
1331 1295 6047 16383 1174 1281 1299 1243 1608 2128 4098 4097 4097 4097 4097 4098 
1330 1229 6030 16383 1173 1283 1298 1239 1608 4097 4098 4097 4097 4097 4097 4098 
1321 1217 6035 16383 1173 1281 1297 1239 1608 4097 4098 4097 4097 4097 4097 4098 
1352 1326 6037 16383 1175 1280 1297 1239 1609 2153 4098 4097 4097 4097 4097 4098 
1353 1284 6046 16383 1177 1283 1298 1242 1608 2163 4098 4097 4097 4097 4097 4098 
1329 1221 6029 16383 1173 1281 1295 1239 1609 4097 4098 4097 4097 4097 4097 4098 
1318 1234 6047 16383 1177 1284 1301 1243 1608 4097 4098 4097 4097 4097 4097 4098 
1354 1311 6048 16383 1175 1282 1298 1243 1609 2159 4098 4097 4097 4097 4097 4098 
1321 1220 6035 16383 1175 1284 1298 1243 1607 4097 4098 4097 4097 4097 4097 4098 
1311 1219 6039 16383 1173 1282 1295 1241 1608 4097 4098 4097 4097 4097 4097 4098 
1322 1231 6053 16383 1175 1283 1298 1241 1608 4097 4098 4097 4097 4097 4097 4098 
1344 1239 6048 16383 1174 1282 1299 1242 1608 4097 4098 4097 4097 4097 4097 4098 
1364 1219 6049 16383 1175 1283 1299 1242 1609 4097 4098 4097 4097 4097 4097 4098 
1317 1219 6047 16383 1174 1285 1295 1243 1609 4097 4098 4097 4097 4097 4097 4098 
1332 1219 6041 16383 1175 1283 1298 1241 1608 4097 4098 4097 4097 4097 4097 4098 
1413 1234 6039 16383 1177 1282 1298 1242 1609 4097 4098 4097 4097 4097 4097 4098 
1322 1228 6047 16383 1175 1282 1299 1239 1609 4097 4098 4097 4097 4097 4097 4098 
1316 1219 6031 16383 1175 1283 1295 1241 1609 4097 4098 4097 4097 4097 4097 4098 
1344 1299 6033 16383 1174 1282 1297 1242 1609 2147 4098 4097 4097 4097 4097 4098 
1321 1226 6037 16383 1175 1281 1295 1241 1609 4097 4098 4097 4097 4097 4097 4098 
1335 1226 6039 16383 1174 1283 1299 1241 1608 4097 4098 4097 4097 4097 4097 4098 
1367 1335 6043 16383 1175 1282 1298 1243 1608 2139 4098 4097 4097 4097 4097 4098 
1316 1231 6050 16383 1177 1282 1298 1241 1608 4097 4098 4097 4097 4097 4097 4098 
1311 1225 6039 16383 1173 1281 1298 1241 1608 4097 4098 4097 4097 4097 4097 4098 
1314 1226 6048 16383 1175 1280 1297 1239 1609 4097 4098 4097 4097 4097 4097 4098 
1348 1331 6049 16383 1174 1285 1298 1242 1608 2133 4098 4097 4097 4097 4097 4098 
1304 1223 6046 16383 1175 1282 1298 1241 1608 4097 4098 4097 4097 4097 4097 4098 
1315 1217 6053 16383 1175 1284 1299 1242 1608 4097 4098 4097 4097 4097 4097 4098 
1316 1237 6039 16383 1177 1285 1300 1245 1609 4097 4098 4097 4097 4097 4097 4098 
1317 1219 6042 16383 1175 1283 1298 1241 1608 4097 4098 4097 4097 4097 4097 4098 
1322 1222 6036 16383 1173 1281 1295 1242 1609 4097 4098 4097 4097 4097 4097 4098 
1318 1221 6048 16383 1174 1281 1297 1242 1608 4097 4098 4097 4097 4097 4097 4098 
1326 1222 6041 16383 1175 1283 1298 1243 1608 4097 4098 4097 4097 4097 4097 4098 
1334 1229 6044 16383 1175 1283 1297 1239 1608 4097 4098 4097 4097 4097 4097 4098 
1370 1241 6048 16383 1175 1283 1299 1243 1608 4097 4098 4097 4097 4097 4097 4098 
1329 1233 6033 16383 1175 1283 1298 1241 1608 4097 4098 4097 4097 4097 4097 4098 
1318 1227 6051 16383 1174 1283 1298 1241 1608 4097 4098 4097 4097 4097 4097 4098 
1347 1308 6051 16383 1173 1281 1298 1241 1607 2146 4098 4097 4097 4097 4097 4098 
1321 1221 6042 16383 1175 1283 1299 1243 1609 4097 4098 4097 4097 4097 4097 4098 
1337 1231 6047 16383 1175 1281 1296 1241 1608 4097 4098 4097 4097 4097 4097 4098 
1317 1235 6050 16383 1177 1284 1298 1243 1608 4097 4098 4097 4097 4097 4097 4098 
1330 1231 6050 16383 1175 1283 1299 1243 1609 4097 4098 4097 4097 4097 4097 4098 
1355 1303 6041 16383 1177 1285 1299 1242 1609 2161 4098 4097 4097 4097 4097 4098 
1317 1231 6048 16383 1175 1283 1299 1242 1608 4097 4098 4097 4097 4097 4097 4098 
1329 1226 6050 16383 1175 1285 1298 1243 1609 4097 4098 4097 4097 4097 4097 4098 
1323 1219 6046 16383 1174 1283 1295 1242 1609 4097 4098 4097 4097 4097 4097 4098 
1318 1227 6042 16383 1175 1284 1298 1243 1608 4097 4098 4097 4097 4097 4097 4098 
1307 1231 6039 16383 1174 1282 1297 1242 1608 4097 4098 4097 4097 4097 4097 4098 
1329 1223 6035 16383 1176 1282 1297 1243 1609 4097 4098 4097 4097 4097 4097 4098 
1320 1213 6045 16383 1175 1283 1299 1241 1608 4097 4098 4097 4097 4097 4097 4098 
1350 1223 6050 16383 1176 1282 1298 1243 1608 4097 4098 4097 4097 4097 4097 4098 
1375 1292 6043 16383 1174 1282 1297 1241 1609 2176 4098 4097 4097 4097 4097 4098 
1311 1219 6049 16383 1174 1283 1299 1239 1609 4097 4098 4097 4097 4097 4097 4098 
1315 1219 6041 16383 1179 1285 1303 1245 1609 4097 4098 4097 4097 4097 4097 4098 
1326 1223 6043 16383 1177 1284 1299 1243 1609 4097 4098 4097 4097 4097 4097 4098 
1343 1341 6053 16383 1175 1280 1298 1241 1609 2142 4098 4097 4097 4097 4097 4098 
1322 1217 6039 16383 1173 1283 1298 1243 1608 4097 4098 4097 4097 4097 4097 4098 
1313 1217 6046 16383 1174 1281 1295 1239 1609 4097 4098 4097 4097 4097 4097 4098 
1350 1325 6039 16383 1175 1283 1298 1242 1609 2145 4098 4097 4097 4097 4097 4098 
1322 1228 6041 16383 1173 1282 1299 1242 1608 4097 4098 4097 4097 4097 4097 4098 
1422 1403 6038 16383 1175 1283 1297 1243 1608 2140 4098 4097 4097 4097 4097 4098 
1316 1215 6041 16383 1173 1283 1298 1242 1609 4097 4098 4097 4097 4097 4097 4098 
1377 1231 6042 16383 1175 1283 1297 1241 1608 4097 4098 4097 4097 4097 4097 4098 
1318 1231 6048 16383 1173 1280 1297 1241 1608 4097 4098 4097 4097 4097 4097 4098 
1328 1230 6035 16383 1175 1281 1297 1243 1608 4097 4098 4097 4097 4097 4097 4098 
1303 1295 6034 16383 1175 1283 1298 1243 1607 2209 4098 4097 4097 4097 4097 4098 
1323 1220 6034 16383 1175 1285 1300 1243 1608 4097 4098 4097 4097 4097 4097 4098 
1401 1351 6039 16383 1175 1283 1295 1241 1609 2148 4098 4097 4097 4097 4097 4098 
1318 1223 6043 16383 1174 1282 1297 1241 1608 4097 4098 4097 4097 4097 4097 4098 
1352 1356 6037 16383 1177 1285 1299 1242 1607 2128 4098 4097 4097 4097 4097 4098 
1311 1221 6042 16383 1173 1281 1297 1242 1608 4097 4098 4097 4097 4097 4097 4098 
1315 1223 6047 16383 1175 1282 1298 1241 1607 4097 4098 4097 4097 4097 4097 4098 
1313 1219 6043 16383 1172 1282 1297 1241 1608 4097 4098 4097 4097 4097 4097 4098 
1326 1223 6036 16383 1175 1284 1301 1243 1608 4097 4098 4097 4097 4097 4097 4098 
1416 1230 6051 16383 1175 1283 1297 1242 1608 4097 4098 4097 4097 4097 4097 4098 
1315 1221 6036 16383 1175 1283 1298 1242 1608 4097 4098 4097 4097 4097 4097 4098 
1317 1230 6051 16383 1175 1282 1295 1241 1608 4097 4098 4097 4097 4097 4097 4098 
1416 1261 6041 16383 1175 1283 1299 1243 1608 4097 4098 4097 4097 4097 4097 4098 
1327 1223 6039 16383 1175 1282 1297 1242 1609 4097 4098 4097 4097 4097 4097 4098 
1329 1233 6035 16383 1175 1283 1297 1243 1609 4097 4098 4097 4097 4097 4097 4098 
1327 1235 6047 16383 1174 1284 1298 1242 1609 4097 4098 4097 4097 4097 4097 4098 
1321 1222 6042 16383 1175 1282 1299 1243 1607 4097 4098 4097 4097 4097 4097 4098 
1315 1223 6052 16383 1175 1283 1298 1241 1608 4097 4098 4097 4097 4097 4097 4098 
1362 1226 6039 16383 1175 1283 1299 1244 1608 4097 4098 4097 4097 4097 4097 4098 
1314 1221 6049 16383 1175 1281 1297 1239 1609 4097 4098 4097 4097 4097 4097 4098 
1313 1218 6035 16383 1172 1279 1297 1239 1609 4097 4098 4097 4097 4097 4097 4098 
1355 1238 6039 16383 1177 1283 1299 1245 1608 4097 4098 4097 4097 4097 4097 4098 
1323 1228 6051 16383 1175 1283 1299 1243 1608 4097 4098 4097 4097 4097 4097 4098 
1387 1387 6034 16383 1173 1283 1297 1242 1609 2142 4098 4097 4097 4097 4097 4098 
1375 1222 6034 16383 1173 1282 1295 1239 1608 4097 4098 4097 4097 4097 4097 4098 
1327 1220 6036 16383 1175 1283 1298 1243 1608 4097 4098 4097 4097 4097 4097 4098 
1357 1236 6033 16383 1175 1283 1298 1242 1608 4097 4098 4097 4097 4097 4097 4098 
1325 1231 6037 16383 1177 1283 1298 1241 1608 4097 4098 4097 4097 4097 4097 4098 
1332 1216 6031 16383 1175 1283 1298 1241 1608 4097 4098 4097 4097 4097 4097 4098 
1307 1219 6047 16383 1174 1283 1298 1243 1608 4097 4098 4097 4097 4097 4097 4098 
1460 1274 6039 16383 1175 1284 1298 1242 1608 2210 4098 4097 4097 4097 4097 4098 
1343 1227 6042 16383 1175 1282 1297 1239 1609 4097 4098 4097 4097 4097 4097 4098 
1322 1220 6038 16383 1175 1283 1299 1245 1609 4097 4098 4097 4097 4097 4097 4098 
1319 1234 6050 16383 1175 1283 1297 1243 1609 4097 4098 4097 4097 4097 4097 4098 
1326 1231 6054 16383 1175 1281 1295 1239 1608 4097 4098 4097 4097 4097 4097 4098 
1317 1233 6046 16383 1174 1283 1295 1239 1608 4097 4098 4097 4097 4097 4097 4098 
1327 1227 6051 16383 1175 1285 1297 1243 1608 4097 4098 4097 4097 4097 4097 4098 
1361 1299 6044 16383 1174 1281 1298 1242 1607 2174 4098 4097 4097 4097 4097 4098 
1314 1220 6049 16383 1175 1285 1299 1243 1607 4097 4098 4097 4097 4097 4097 4098 
1361 1297 6037 16383 1175 1283 1300 1243 1608 2179 4098 4097 4097 4097 4097 4098 
1318 1227 6047 16383 1175 1282 1298 1241 1608 4097 4098 4097 4097 4097 4097 4098 
1323 1226 6049 16383 1175 1283 1297 1242 1608 4097 4098 4097 4097 4097 4097 4098 
1319 1231 6037 16383 1175 1283 1298 1243 1608 4097 4098 4097 4097 4097 4097 4098 
1349 1235 6037 16383 1173 1281 1295 1242 1608 4097 4098 4097 4097 4097 4097 4098 
1313 1234 6052 16383 1175 1282 1299 1243 1609 4097 4098 4097 4097 4097 4097 4098 
1319 1225 6041 16383 1175 1283 1300 1242 1607 4097 4098 4097 4097 4097 4097 4098 
1343 1231 6037 16383 1175 1284 1299 1244 1608 4097 4098 4097 4097 4097 4097 4098 
1311 1221 6041 16383 1175 1283 1299 1241 1609 4097 4098 4097 4097 4097 4097 4098 
1577 1765 6044 16383 1174 1283 1297 1242 1608 2128 4098 4097 4097 4097 4097 4098 
1352 1327 6047 16383 1175 1281 1295 1241 1608 2138 4098 4097 4097 4097 4097 4098 
1365 1223 6042 16383 1175 1283 1298 1241 1608 4097 4098 4097 4097 4097 4097 4098 
1344 1309 6038 16383 1175 1283 1301 1243 1608 2141 4098 4097 4097 4097 4097 4098 
1355 1219 6049 16383 1173 1281 1297 1241 1608 4097 4098 4097 4097 4097 4097 4098 
1323 1220 6050 16383 1174 1282 1297 1241 1608 4097 4098 4097 4097 4097 4097 4098 
1321 1223 6049 16383 1175 1285 1299 1242 1608 4097 4098 4097 4097 4097 4097 4098 
1318 1230 6051 16383 1174 1282 1295 1241 1608 4097 4098 4097 4097 4097 4097 4098 
1323 1227 6034 16383 1175 1282 1299 1239 1608 4097 4098 4097 4097 4097 4097 4098 
1312 1221 6039 16383 1175 1283 1295 1242 1608 4097 4098 4097 4097 4097 4097 4098 
1319 1223 6037 16383 1175 1283 1298 1242 1608 4097 4098 4097 4097 4097 4097 4098 
1369 1243 6052 16383 1171 1281 1297 1239 1609 4097 4098 4097 4097 4097 4097 4098 
1319 1225 6050 16383 1173 1281 1297 1241 1608 4097 4098 4097 4097 4097 4097 4098 
1367 1225 6039 16383 1175 1283 1299 1242 1608 4097 4098 4097 4097 4097 4097 4098 
1333 1233 6054 16383 1175 1281 1299 1243 1609 4097 4098 4097 4097 4097 4097 4098 
1317 1223 6037 16383 1175 1284 1298 1241 1609 4097 4098 4097 4097 4097 4097 4098 
1385 1331 6035 16383 1175 1281 1298 1239 1608 2152 4098 4097 4097 4097 4097 4098 
1325 1230 6048 16383 1174 1283 1297 1242 1608 4097 4098 4097 4097 4097 4097 4098 
1351 1220 6043 16383 1173 1281 1298 1239 1609 4097 4098 4097 4097 4097 4097 4098 
1334 1223 6037 16383 1175 1283 1301 1243 1608 4097 4098 4097 4097 4097 4097 4098 
1316 1226 6053 16383 1174 1280 1297 1242 1608 4097 4098 4097 4097 4097 4097 4098 
1326 1228 6057 16383 1174 1283 1298 1243 1609 4097 4098 4097 4097 4097 4097 4098 
1331 1223 6049 16383 1173 1283 1298 1242 1608 4097 4098 4097 4097 4097 4097 4098 
1319 1230 6043 16383 1173 1283 1297 1239 1608 4097 4098 4097 4097 4097 4097 4098 
1337 1282 6041 16383 1174 1281 1295 1242 1608 2157 4098 4097 4097 4097 4097 4098 
1317 1220 6043 16383 1174 1283 1299 1243 1607 4097 4098 4097 4097 4097 4097 4098 
1315 1227 6050 16383 1175 1282 1295 1241 1609 4097 4098 4097 4097 4097 4097 4098 
1337 1227 6039 16383 1175 1283 1298 1242 1608 4097 4098 4097 4097 4097 4097 4098 
1371 1226 6039 16383 1178 1286 1298 1243 1608 4097 4098 4097 4097 4097 4097 4098 
1322 1220 6037 16383 1174 1279 1295 1239 1607 4097 4098 4097 4097 4097 4097 4098 
1317 1229 6049 16383 1175 1283 1298 1243 1608 4097 4098 4097 4097 4097 4097 4098 
1314 1226 6035 16383 1173 1281 1297 1241 1608 4097 4098 4097 4098 4098 4098 4099 
1329 1222 6035 16383 1177 1284 1298 1242 1609 4096 4097 4096 4096 4096 4096 4097 
1323 1219 6031 16383 1175 1283 1297 1241 1609 4097 4098 4097 4097 4097 4097 4098 
1321 1225 6037 16383 1175 1285 1301 1245 1608 4097 4098 4097 4097 4097 4097 4098 
1350 1319 6035 16383 1173 1281 1298 1242 1607 2147 4098 4097 4097 4097 4097 4098 
1381 1215 6045 16383 1175 1283 1298 1243 1608 4097 4098 4097 4097 4097 4097 4098 
1390 1311 6050 16383 1174 1283 1297 1241 1608 2153 4098 4097 4097 4097 4097 4098 
1320 1223 6050 16383 1175 1283 1297 1239 1608 4097 4098 4097 4097 4097 4097 4098 
1319 1219 6051 16383 1175 1282 1295 1239 1608 4097 4098 4097 4097 4097 4097 4098 
1321 1223 6046 16383 1177 1285 1301 1243 1608 4097 4098 4097 4097 4097 4097 4098 
1318 1223 6043 16383 1175 1285 1302 1243 1608 4097 4098 4097 4097 4097 4097 4098 
1303 1225 6039 16383 1175 1282 1295 1242 1608 4097 4098 4097 4097 4097 4097 4098 
1378 1223 6053 16383 1176 1281 1299 1243 1608 4097 4098 4097 4097 4097 4097 4098 
1349 1307 6044 16383 1173 1281 1297 1240 1608 2139 4098 4097 4097 4097 4097 4098 
1323 1230 6039 16383 1175 1282 1295 1241 1609 4097 4098 4097 4097 4097 4097 4098 
1319 1227 6033 16383 1175 1284 1299 1239 1609 4097 4098 4097 4097 4097 4097 4098 
1341 1223 6054 16383 1175 1283 1299 1243 1608 4097 4098 4097 4097 4097 4097 4098 
1370 1375 6052 16383 1174 1281 1298 1241 1609 2143 4098 4097 4097 4097 4097 4098 
1312 1222 6037 16383 1175 1281 1295 1241 1608 4097 4098 4097 4097 4097 4097 4098 
1377 1359 6035 16383 1175 1285 1299 1243 1609 2139 4098 4097 4097 4097 4097 4098 
1357 1362 6048 16383 1175 1283 1300 1241 1608 2128 4098 4097 4097 4097 4097 4098 
1377 1223 6054 16383 1174 1281 1298 1240 1608 4097 4098 4097 4097 4097 4097 4098 
1315 1225 6043 16383 1175 1283 1299 1243 1608 4097 4098 4097 4097 4097 4097 4098 
1319 1223 6046 16383 1174 1285 1299 1243 1608 4097 4098 4097 4097 4097 4097 4098 
1327 1223 6033 16383 1175 1283 1298 1242 1610 4097 4098 4097 4097 4097 4097 4098 
1325 1223 6042 16383 1174 1283 1298 1242 1608 4097 4098 4097 4097 4097 4097 4098 
1309 1219 6050 16383 1175 1282 1299 1243 1608 4097 4098 4097 4097 4097 4097 4098 
1301 1223 6044 16383 1175 1285 1299 1243 1608 4097 4098 4097 4097 4097 4097 4098 
1363 1253 6045 16383 1175 1282 1297 1241 1608 4097 4098 4097 4097 4097 4097 4098 
1357 1221 6038 16383 1175 1283 1297 1242 1608 4097 4098 4097 4097 4097 4097 4098 
1323 1226 6054 16383 1177 1284 1299 1243 1608 4097 4098 4097 4097 4097 4097 4098 
1313 1221 6041 16383 1175 1285 1299 1243 1609 4097 4098 4097 4097 4097 4097 4098 
1309 1224 6037 16383 1174 1281 1295 1239 1608 4097 4098 4097 4097 4097 4097 4098 
1318 1227 6042 16383 1175 1283 1298 1241 1607 4097 4098 4097 4097 4097 4097 4098 
1324 1226 6050 16383 1174 1283 1299 1241 1609 4097 4098 4097 4097 4097 4097 4098 
1328 1226 6057 16383 1174 1283 1298 1241 1608 4097 4098 4097 4097 4097 4097 4098 
1338 1225 6034 16383 1174 1282 1297 1239 1608 4097 4098 4097 4097 4097 4097 4098 
1321 1236 6034 16383 1175 1283 1299 1243 1608 4097 4098 4097 4097 4097 4097 4098 
1317 1216 6048 16383 1174 1279 1294 1241 1608 4097 4098 4097 4097 4097 4097 4098 
1354 1227 6036 16383 1175 1282 1297 1242 1608 4098 4099 4098 4098 4098 4098 4099 
1312 1218 6039 16383 1175 1285 1299 1243 1609 4097 4098 4097 4097 4097 4097 4098 
1439 1338 6043 16383 1174 1282 1298 1242 1608 2160 4098 4097 4097 4097 4097 4098 
1345 1223 6048 16383 1174 1283 1299 1243 1609 4097 4098 4097 4097 4097 4097 4098 
1318 1221 6050 16383 1175 1283 1298 1243 1609 4097 4098 4097 4097 4097 4097 4098 
1321 1219 6052 16383 1175 1285 1299 1242 1609 4097 4098 4097 4097 4097 4097 4098 
1330 1225 6053 16383 1174 1283 1298 1241 1607 4097 4098 4097 4097 4097 4097 4098 
1314 1226 6035 16383 1175 1282 1298 1243 1608 4096 4097 4096 4096 4096 4096 4097 
1323 1230 6038 16383 1173 1282 1297 1239 1608 4097 4098 4097 4097 4097 4097 4098 
1332 1290 6042 16383 1175 1282 1299 1242 1609 2138 4098 4097 4097 4097 4097 4098 
1317 1221 6036 16383 1175 1283 1298 1243 1609 4097 4098 4097 4097 4097 4097 4098 
1320 1223 6041 16383 1175 1286 1298 1243 1608 4097 4098 4097 4097 4097 4097 4098 
1328 1231 6049 16383 1177 1284 1299 1244 1609 4097 4098 4097 4097 4097 4097 4098 
1321 1239 6038 16383 1174 1283 1298 1243 1608 4097 4098 4097 4097 4097 4097 4098 
1319 1230 6045 16383 1175 1285 1299 1243 1608 4097 4098 4097 4097 4097 4097 4098 
1359 1260 6041 16383 1175 1283 1297 1242 1608 2245 4098 4097 4097 4097 4097 4098 
1328 1237 6038 16383 1175 1284 1298 1243 1608 4098 4099 4098 4098 4098 4098 4099 
1332 1223 6039 16383 1173 1282 1298 1242 1607 4097 4098 4097 4097 4097 4097 4098 
1316 1234 6045 16383 1175 1284 1298 1243 1607 4097 4098 4097 4097 4097 4097 4098 
1329 1230 6055 16383 1175 1284 1299 1243 1608 4097 4098 4097 4097 4097 4097 4098 
1341 1222 6041 16383 1175 1281 1295 1241 1608 4097 4098 4097 4097 4097 4097 4098 
1321 1218 6038 16383 1175 1283 1299 1242 1608 4097 4098 4097 4097 4097 4097 4098 
1335 1228 6039 16383 1175 1284 1298 1243 1608 4097 4098 4097 4097 4097 4097 4098 
1347 1217 6035 16383 1175 1281 1297 1239 1608 4097 4098 4097 4097 4097 4097 4098 
1351 1229 6058 16383 1175 1283 1298 1243 1608 4097 4098 4097 4097 4097 4097 4098 
1312 1226 6035 16383 1175 1281 1295 1241 1607 4097 4098 4097 4097 4097 4097 4098 
1331 1222 6049 16383 1174 1285 1299 1243 1608 4097 4098 4097 4097 4097 4097 4098 
1311 1222 6037 16383 1173 1283 1299 1242 1609 4097 4098 4097 4097 4097 4097 4098 
1347 1302 6037 16383 1175 1283 1298 1241 1608 2161 4098 4097 4097 4097 4097 4098 
1329 1221 6049 16383 1174 1283 1297 1242 1608 4097 4098 4097 4097 4097 4097 4098 
1327 1227 6048 16383 1175 1284 1297 1241 1609 4097 4098 4097 4097 4097 4097 4098 
1319 1221 6053 16383 1176 1285 1299 1243 1608 4097 4098 4097 4097 4097 4097 4098 
1313 1227 6041 16383 1174 1282 1298 1241 1608 4097 4098 4097 4097 4097 4097 4098 
1328 1227 6038 16383 1175 1283 1297 1243 1608 4098 4099 4098 4098 4098 4098 4099 
1363 1221 6043 16383 1175 1283 1299 1243 1608 4097 4098 4097 4097 4097 4097 4098 
1314 1216 6035 16383 1174 1282 1295 1239 1608 4098 4099 4098 4098 4098 4098 4099 
1317 1217 6046 16383 1173 1281 1298 1241 1608 4097 4098 4097 4097 4097 4097 4098 
1315 1223 6047 16383 1174 1282 1297 1239 1608 4097 4098 4097 4097 4097 4097 4098 
1322 1222 6037 16383 1175 1283 1299 1242 1608 4097 4098 4097 4097 4097 4097 4098 
1330 1222 6041 16383 1175 1283 1299 1243 1608 4097 4098 4097 4097 4097 4097 4098 
1345 1314 6059 16383 1175 1284 1299 1243 1608 2127 4098 4097 4097 4097 4097 4098 
1315 1227 6054 16383 1175 1283 1297 1242 1609 4097 4098 4097 4097 4097 4097 4098 
1315 1222 6049 16383 1175 1283 1297 1242 1609 4097 4098 4097 4097 4097 4097 4098 
1317 1221 6053 16383 1173 1284 1299 1241 1608 4097 4098 4097 4097 4097 4097 4098 
1317 1223 6051 16383 1175 1282 1299 1243 1608 4097 4098 4097 4097 4097 4097 4098 
1315 1218 6053 16383 1173 1280 1295 1240 1608 4097 4098 4097 4097 4097 4097 4098 
1321 1220 6039 16383 1175 1284 1297 1244 1608 4097 4098 4097 4097 4097 4097 4098 
1362 1352 6052 16383 1175 1282 1298 1239 1608 2136 4098 4097 4097 4097 4097 4098 
1346 1303 6037 16383 1174 1281 1295 1242 1607 2153 4098 4097 4097 4097 4097 4098 
1317 1231 6039 16383 1174 1285 1299 1239 1609 4097 4098 4097 4097 4097 4097 4098 
1355 1217 6055 16383 1174 1283 1298 1242 1608 4097 4098 4097 4097 4097 4097 4098 
1317 1218 6041 16383 1175 1283 1299 1241 1609 4097 4098 4097 4097 4097 4097 4098 
1317 1222 6038 16383 1175 1282 1295 1243 1607 4097 4098 4097 4097 4097 4097 4098 
1323 1223 6041 16383 1175 1283 1298 1243 1608 4097 4098 4097 4097 4097 4097 4098 
1318 1233 6043 16383 1174 1283 1297 1242 1609 4097 4098 4097 4097 4097 4097 4098 
1313 1230 6046 16383 1173 1281 1295 1240 1607 4097 4098 4097 4097 4097 4097 4098 
1351 1227 6049 16383 1174 1283 1298 1242 1608 4097 4098 4097 4097 4097 4097 4098 
1315 1223 6041 16383 1175 1281 1295 1241 1608 4097 4098 4097 4097 4097 4097 4098 
1349 1302 6037 16383 1175 1282 1297 1241 1608 2158 4098 4097 4097 4097 4097 4098 
1362 1226 6059 16383 1174 1283 1298 1241 1607 4097 4098 4097 4097 4097 4097 4098 
1371 1285 6043 16383 1173 1281 1297 1241 1608 2183 4098 4097 4097 4097 4097 4098 
1325 1237 6045 16383 1173 1281 1295 1239 1608 4097 4098 4097 4097 4097 4097 4098 
1347 1305 6046 16383 1174 1283 1299 1241 1607 2143 4098 4097 4097 4097 4097 4098 
1331 1226 6047 16383 1178 1286 1301 1245 1608 4097 4098 4097 4097 4097 4097 4098 
1320 1223 6054 16383 1175 1282 1295 1241 1608 4097 4098 4097 4097 4097 4097 4098 
1315 1229 6058 16383 1175 1285 1299 1242 1608 4097 4098 4097 4097 4097 4097 4098 
1336 1325 6051 16383 1175 1283 1299 1244 1609 2123 4098 4097 4097 4097 4097 4098 
1329 1229 6053 16383 1175 1283 1299 1242 1608 4097 4098 4097 4097 4097 4097 4098 
1307 1222 6055 16383 1175 1283 1298 1241 1608 4097 4098 4097 4097 4097 4097 4098 
1389 1231 6055 16383 1175 1282 1298 1242 1608 4097 4098 4097 4097 4097 4097 4098 
1324 1223 6043 16383 1175 1283 1298 1242 1609 4097 4098 4097 4097 4097 4097 4098 
1413 1218 6042 16383 1173 1282 1298 1242 1608 4097 4098 4097 4097 4097 4097 4098 
1344 1302 6061 16383 1177 1285 1300 1243 1608 2151 4098 4097 4097 4097 4097 4098 
1370 1222 6050 16383 1173 1283 1295 1241 1608 4097 4098 4097 4097 4097 4097 4098 
1317 1230 6054 16383 1175 1281 1295 1241 1609 4097 4098 4097 4097 4097 4097 4098 
1323 1239 6039 16383 1173 1283 1297 1239 1608 4097 4098 4097 4097 4097 4097 4098 
1322 1231 6052 16383 1177 1283 1299 1243 1608 4097 4098 4097 4097 4097 4097 4098 
1317 1229 6051 16383 1174 1283 1298 1241 1608 4097 4098 4097 4097 4097 4097 4098 
1350 1233 6044 16383 1175 1284 1299 1243 1608 4097 4098 4097 4097 4097 4097 4098 
1319 1218 6041 16383 1175 1282 1295 1242 1609 4097 4098 4097 4097 4097 4097 4098 
1343 1339 6046 16383 1175 1283 1298 1243 1608 2132 4098 4097 4097 4097 4097 4098 
1351 1299 6039 16383 1176 1286 1301 1246 1608 2167 4098 4097 4097 4097 4097 4098 
1299 1217 6057 16383 1173 1282 1297 1241 1608 4097 4098 4097 4097 4097 4097 4098 
1363 1220 6044 16383 1175 1283 1299 1242 1608 4097 4098 4097 4097 4097 4097 4098 
1371 1322 6043 16383 1178 1283 1299 1243 1608 2155 4098 4097 4097 4097 4097 4098 
1327 1223 6047 16383 1173 1281 1295 1241 1609 4097 4098 4097 4097 4097 4097 4098 
1329 1231 6044 16383 1175 1283 1299 1243 1608 4097 4098 4097 4097 4097 4097 4098 
1314 1231 6036 16383 1175 1282 1298 1241 1609 4096 4097 4096 4096 4096 4096 4097 
1341 1217 6053 16383 1175 1283 1299 1242 1608 4097 4098 4097 4097 4097 4097 4098 
1351 1316 6043 16383 1174 1282 1297 1239 1608 2155 4098 4097 4097 4097 4097 4098 
1319 1231 6058 16383 1175 1283 1297 1241 1608 4097 4098 4097 4097 4097 4097 4098 
1310 1213 6041 16383 1175 1283 1299 1241 1609 4097 4098 4097 4097 4097 4097 4098 
1333 1407 6038 16383 1174 1283 1298 1241 1608 2113 4098 4097 4097 4097 4097 4098 
1314 1367 6057 16383 1175 1282 1299 1242 1608 2103 4097 4096 4096 4096 4096 4097 
1330 1221 6047 16383 1175 1283 1299 1244 1608 4097 4098 4097 4097 4097 4097 4098 
1313 1219 6057 16383 1174 1282 1298 1242 1607 4097 4098 4097 4097 4097 4097 4098 
1316 1223 6049 16383 1178 1284 1299 1245 1608 4097 4098 4097 4097 4097 4097 4098 
1319 1226 6049 16383 1175 1282 1295 1241 1609 4097 4098 4097 4097 4097 4097 4098 
1371 1376 6041 16383 1175 1284 1299 1243 1609 2137 4098 4097 4097 4097 4097 4098 
1308 1219 6060 16383 1175 1282 1299 1242 1608 4097 4098 4097 4097 4097 4097 4098 
1360 1229 6052 16383 1175 1283 1299 1243 1609 4097 4098 4097 4097 4097 4097 4098 
1333 1219 6049 16383 1175 1281 1297 1243 1608 4098 4099 4098 4098 4098 4098 4099 
1317 1220 6050 16383 1175 1282 1298 1242 1608 4097 4098 4097 4097 4097 4097 4098 
1375 1367 6039 16383 1177 1286 1299 1243 1607 2148 4098 4097 4097 4097 4097 4098 
1319 1231 6039 16383 1173 1283 1298 1242 1608 4097 4098 4097 4097 4097 4097 4098 
1335 1234 6057 16383 1175 1284 1298 1241 1609 4097 4098 4097 4097 4097 4097 4098 
1349 1303 6048 16383 1173 1281 1298 1242 1608 2164 4098 4097 4097 4097 4097 4098 
1350 1300 6059 16383 1175 1283 1299 1241 1608 2156 4098 4097 4097 4097 4097 4098 
1351 1227 6055 16383 1177 1283 1299 1242 1608 4097 4098 4097 4097 4097 4097 4098 
1319 1235 6054 16383 1175 1282 1297 1241 1608 4097 4098 4097 4097 4097 4097 4098 
1347 1317 6039 16383 1171 1282 1298 1239 1607 2145 4098 4097 4097 4097 4097 4098 
1317 1241 6041 16383 1175 1282 1298 1241 1608 4097 4098 4097 4097 4097 4097 4098 
1314 1229 6045 16383 1175 1285 1299 1243 1608 4097 4098 4097 4097 4097 4097 4098 
1346 1223 6043 16383 1175 1283 1297 1243 1608 4097 4098 4097 4097 4097 4097 4098 
1318 1231 6043 16383 1174 1280 1295 1241 1609 4097 4098 4097 4097 4097 4097 4098 
1322 1218 6053 16383 1175 1285 1298 1242 1608 4097 4098 4097 4097 4097 4097 4098 
1315 1219 6042 16383 1175 1281 1298 1242 1608 4097 4098 4097 4097 4097 4097 4098 
1339 1466 6049 16383 1175 1282 1298 1242 1608 2117 4098 4097 4097 4097 4097 4098 
1332 1219 6039 16383 1174 1282 1295 1239 1609 4097 4098 4097 4097 4097 4097 4098 
1323 1223 6041 16383 1174 1282 1298 1242 1608 4097 4098 4097 4097 4097 4097 4098 
1338 1221 6042 16383 1173 1282 1295 1242 1609 4097 4098 4097 4097 4097 4097 4098 
1331 1227 6056 16383 1175 1281 1298 1241 1608 4097 4098 4097 4097 4097 4097 4098 
1350 1354 6039 16383 1175 1281 1295 1241 1608 2129 4098 4097 4097 4097 4097 4098 
1323 1218 6038 16383 1175 1284 1298 1241 1609 4097 4098 4097 4097 4097 4097 4098 
1325 1225 6053 16383 1174 1283 1295 1241 1607 4097 4098 4097 4097 4097 4097 4098 
1313 1222 6047 16383 1174 1281 1298 1242 1609 4096 4097 4096 4096 4096 4096 4097 
1314 1223 6055 16383 1175 1281 1298 1241 1608 4097 4098 4097 4097 4097 4097 4098 
1425 1323 6039 16383 1175 1283 1298 1239 1609 2169 4097 4096 4096 4096 4096 4097 
1323 1229 6039 16383 1173 1282 1297 1239 1608 4097 4098 4097 4097 4097 4097 4098 
1318 1227 6048 16383 1175 1283 1299 1242 1609 4097 4098 4097 4097 4097 4097 4098 
1320 1228 6045 16383 1173 1283 1297 1241 1609 4097 4098 4097 4097 4097 4097 4098 
1349 1222 6041 16383 1175 1282 1295 1240 1607 4097 4098 4097 4097 4097 4097 4098 
1317 1220 6037 16383 1174 1282 1298 1239 1609 4097 4098 4097 4097 4097 4097 4098 
1314 1219 6042 16383 1175 1285 1300 1242 1607 4096 4097 4096 4096 4096 4096 4097 
1345 1218 6054 16383 1174 1282 1297 1241 1609 4097 4098 4097 4097 4097 4097 4098 
1315 1223 6039 16383 1173 1282 1297 1242 1607 4097 4098 4097 4097 4097 4097 4098 
1321 1220 6055 16383 1175 1283 1299 1242 1609 4097 4098 4097 4097 4097 4097 4098 
1312 1223 6057 16383 1175 1281 1297 1241 1608 4097 4098 4097 4097 4097 4097 4098 
1322 1223 6057 16383 1175 1283 1299 1244 1609 4097 4098 4097 4097 4097 4097 4098 
1312 1222 6053 16383 1175 1283 1298 1243 1608 4097 4098 4097 4097 4097 4097 4098 
1393 1283 6050 16383 1175 1283 1299 1241 1608 2176 4099 4098 4098 4098 4098 4099 
1319 1223 6053 16383 1174 1282 1297 1239 1608 4097 4098 4097 4097 4097 4097 4098 
1315 1222 6035 16383 1175 1282 1295 1240 1608 4097 4098 4097 4097 4097 4097 4098 
1401 1497 6050 16383 1173 1281 1295 1240 1608 2134 4098 4097 4097 4097 4097 4098 
1328 1231 6046 16383 1176 1285 1299 1243 1609 4097 4098 4097 4097 4097 4097 4098 
1322 1222 6041 16383 1172 1281 1295 1239 1608 4097 4098 4097 4097 4097 4097 4098 
1358 1337 6039 16383 1174 1282 1299 1243 1609 2140 4098 4097 4097 4097 4097 4098 
1412 1277 6039 16383 1175 1282 1299 1239 1608 2194 4098 4097 4097 4097 4097 4098 
1365 1236 6058 16383 1177 1283 1299 1243 1608 4097 4098 4097 4097 4097 4097 4098 
1330 1231 6052 16383 1171 1281 1298 1240 1609 4097 4098 4097 4097 4097 4097 4098 
1313 1221 6055 16383 1174 1281 1298 1243 1609 4097 4098 4097 4097 4097 4097 4098 
1411 1324 6050 16383 1173 1283 1299 1241 1608 2169 4098 4097 4097 4097 4097 4098 
1341 1226 6045 16383 1173 1281 1295 1241 1609 4096 4097 4096 4097 4096 4097 4098 
1321 1231 6038 16383 1173 1281 1295 1239 1608 4097 4098 4097 4097 4097 4097 4098 
1321 1219 6052 16383 1175 1282 1299 1241 1609 4097 4098 4097 4097 4097 4097 4098 
1318 1222 6045 16383 1175 1284 1295 1242 1608 4096 4097 4096 4096 4096 4096 4097 
1360 1229 6036 16383 1174 1282 1295 1241 1608 4097 4098 4097 4097 4097 4097 4098 
1318 1223 6038 16383 1174 1282 1295 1243 1607 4097 4098 4097 4097 4097 4097 4098 
1323 1219 6055 16383 1173 1283 1299 1239 1608 4097 4098 4097 4097 4097 4097 4098 
1412 1221 6051 16383 1175 1283 1297 1242 1608 4097 4098 4097 4097 4097 4097 4098 
1320 1218 6051 16383 1175 1281 1299 1241 1608 4098 4099 4098 4098 4098 4098 4099 
1323 1227 6043 16383 1178 1283 1299 1243 1608 4097 4098 4097 4097 4097 4097 4098 
1375 1311 6054 16383 1174 1283 1299 1243 1607 2169 4098 4097 4097 4097 4097 4098 
1317 1221 6043 16383 1175 1283 1295 1241 1607 4097 4098 4097 4097 4097 4097 4098 
1314 1221 6051 16383 1174 1283 1295 1241 1609 4097 4098 4097 4097 4097 4097 4098 
1319 1237 6046 16383 1177 1283 1299 1243 1607 4098 4099 4098 4098 4098 4098 4099 
1361 1303 6050 16383 1174 1282 1297 1242 1608 2145 4098 4097 4097 4097 4097 4098 
1327 1219 6051 16383 1173 1283 1295 1242 1609 4097 4098 4097 4097 4097 4097 4098 
1318 1229 6039 16383 1175 1283 1298 1242 1608 4097 4098 4097 4097 4097 4097 4098 
1311 1224 6042 16383 1175 1282 1297 1243 1608 4097 4098 4097 4097 4097 4097 4098 
1354 1308 6047 16383 1174 1282 1298 1242 1609 2169 4098 4097 4097 4097 4097 4098 
1322 1236 6052 16383 1174 1283 1298 1241 1609 4097 4098 4097 4097 4097 4097 4098 
1318 1226 6054 16383 1175 1283 1299 1242 1609 4097 4098 4097 4097 4097 4097 4098 
1323 1231 6047 16383 1175 1283 1297 1242 1608 4097 4098 4097 4097 4097 4097 4098 
1321 1231 6042 16383 1175 1283 1299 1242 1609 4097 4098 4097 4097 4097 4097 4098 
1311 1229 6040 16383 1175 1283 1298 1243 1607 4098 4099 4098 4098 4098 4098 4099 
1323 1219 6047 16383 1175 1282 1295 1239 1608 4097 4098 4097 4097 4097 4097 4098 
1342 1231 6047 16383 1173 1281 1295 1241 1608 4097 4098 4097 4097 4097 4097 4098 
1323 1223 6051 16383 1175 1283 1298 1243 1608 4097 4098 4097 4097 4097 4097 4098 
1375 1361 6050 16383 1174 1284 1298 1242 1608 2144 4098 4097 4097 4097 4097 4098 
1330 1229 6049 16383 1175 1283 1298 1241 1609 4097 4098 4097 4097 4097 4097 4098 
1313 1219 6059 16383 1175 1283 1299 1242 1608 4097 4098 4097 4097 4097 4097 4098 
1316 1225 6042 16383 1173 1281 1297 1239 1609 4097 4098 4097 4097 4097 4097 4098 
1316 1226 6055 16383 1175 1283 1299 1243 1609 4097 4098 4097 4097 4097 4097 4098 
1315 1223 6049 16383 1175 1282 1299 1243 1608 4097 4098 4097 4097 4097 4097 4098 
1368 1303 6045 16383 1175 1283 1299 1243 1607 2154 4098 4097 4097 4097 4097 4098 
1327 1233 6043 16383 1175 1283 1297 1242 1608 4097 4098 4097 4097 4097 4097 4098 
1376 1438 6055 16383 1174 1283 1298 1241 1607 2135 4098 4097 4097 4097 4097 4098 
1354 1231 6047 16383 1175 1282 1298 1243 1608 4097 4098 4097 4097 4097 4097 4098 
1318 1231 6057 16383 1177 1282 1299 1243 1608 4098 4099 4098 4098 4098 4098 4099 
1319 1219 6047 16383 1175 1284 1297 1243 1608 4097 4098 4097 4097 4097 4097 4098 
1352 1342 6060 16383 1173 1282 1297 1241 1609 2139 4098 4097 4097 4097 4097 4098 
1322 1222 6042 16383 1175 1283 1298 1241 1609 4096 4097 4096 4096 4096 4096 4097 
1317 1217 6054 16383 1177 1282 1299 1242 1609 4097 4098 4097 4097 4097 4097 4098 
1361 1387 6054 16383 1175 1281 1295 1241 1608 2118 4098 4097 4097 4097 4097 4098 
1318 1237 6039 16383 1175 1284 1301 1242 1608 4097 4098 4097 4097 4097 4097 4098 
1362 1225 6059 16383 1174 1283 1299 1243 1609 4097 4098 4097 4097 4097 4097 4098 
1319 1222 6047 16383 1175 1281 1295 1240 1608 4098 4099 4098 4098 4098 4098 4099 
1315 1227 6057 16383 1173 1281 1298 1239 1607 4097 4098 4097 4097 4097 4097 4098 
1585 1226 6055 16383 1178 1286 1301 1243 1609 4097 4098 4097 4097 4097 4097 4098 
1316 1228 6057 16383 1174 1282 1298 1241 1607 4097 4098 4097 4097 4097 4097 4098 
1315 1221 6045 16383 1175 1283 1299 1243 1608 4097 4098 4097 4097 4097 4097 4098 
1323 1225 6045 16383 1175 1282 1298 1239 1607 4097 4098 4097 4097 4097 4097 4098 
1372 1338 6059 16383 1175 1281 1295 1242 1607 2143 4098 4097 4097 4097 4097 4098 
1464 1580 6035 16383 1173 1281 1295 1238 1609 2136 4098 4097 4097 4097 4097 4098 
1344 1220 6052 16383 1174 1282 1297 1239 1609 4097 4098 4097 4097 4097 4097 4098 
1325 1233 6043 16383 1175 1284 1298 1242 1609 4097 4098 4097 4097 4097 4097 4098 
1313 1238 6038 16383 1177 1286 1299 1243 1608 4097 4098 4097 4097 4097 4097 4098 
1322 1225 6051 16383 1177 1285 1299 1243 1608 4096 4097 4096 4096 4096 4096 4097 
1317 1218 6045 16383 1174 1280 1298 1239 1609 4097 4098 4097 4097 4097 4097 4098 
1354 1223 6045 16383 1175 1282 1297 1241 1608 4097 4098 4097 4097 4097 4097 4098 
1335 1222 6045 16383 1177 1283 1300 1242 1607 4097 4098 4097 4097 4097 4097 4098 
1365 1313 6045 16383 1175 1283 1299 1243 1607 2148 4098 4097 4097 4097 4097 4098 
1377 1218 6045 16383 1174 1282 1295 1239 1608 4096 4097 4096 4096 4096 4096 4097 
1313 1218 6058 16383 1174 1283 1299 1243 1608 4097 4098 4097 4097 4097 4097 4098 
1319 1215 6052 16383 1173 1282 1297 1242 1608 4097 4098 4097 4097 4097 4097 4098 
1313 1227 6039 16383 1175 1282 1298 1242 1609 4097 4098 4097 4097 4097 4097 4098 
1323 1231 6047 16383 1175 1282 1297 1242 1608 4098 4099 4098 4098 4098 4098 4099 
1329 1226 6050 16383 1175 1282 1295 1241 1609 4097 4098 4097 4097 4097 4097 4098 
1360 1298 6061 16383 1175 1281 1295 1241 1608 2156 4098 4097 4097 4097 4097 4098 
1357 1318 6037 16383 1175 1283 1299 1242 1609 2136 4098 4097 4097 4097 4097 4098 
1319 1225 6047 16383 1171 1281 1298 1241 1608 4097 4098 4097 4097 4097 4097 4098 
1350 1231 6057 16383 1174 1281 1297 1241 1608 4097 4098 4097 4097 4097 4097 4098 
1330 1231 6054 16383 1175 1284 1295 1241 1608 4097 4098 4097 4097 4097 4097 4098 
1314 1222 6039 16383 1175 1282 1297 1243 1608 4097 4098 4097 4097 4097 4097 4098 
1321 1227 6046 16383 1176 1285 1299 1242 1608 4097 4098 4097 4097 4097 4097 4098 
1336 1218 6057 16383 1174 1281 1295 1241 1608 4097 4098 4097 4097 4097 4097 4098 
1383 1222 6036 16383 1174 1283 1295 1241 1609 4098 4099 4098 4098 4098 4098 4099 
1342 1470 6039 16383 1174 1282 1299 1242 1609 2113 4098 4097 4097 4097 4097 4098 
1333 1225 6043 16383 1175 1283 1299 1243 1608 4097 4098 4097 4097 4097 4097 4098 
1349 1229 6040 16383 1175 1283 1298 1242 1609 4097 4098 4097 4097 4097 4097 4098 
1317 1235 6045 16383 1176 1283 1300 1243 1608 4097 4098 4097 4097 4097 4097 4098 
1344 1233 6048 16383 1174 1283 1299 1242 1609 4097 4098 4097 4097 4097 4097 4098 
1379 1351 6046 16383 1177 1283 1299 1243 1608 2136 4098 4097 4097 4097 4097 4098 
1322 1223 6035 16383 1175 1283 1299 1243 1608 4096 4097 4096 4096 4096 4096 4097 
1325 1315 6043 16383 1173 1282 1297 1239 1609 2118 4098 4097 4097 4097 4097 4098 
1351 1322 6037 16383 1175 1281 1297 1239 1607 2124 4099 4098 4098 4098 4098 4099 
1334 1228 6043 16383 1175 1282 1298 1242 1607 4097 4098 4097 4097 4097 4097 4098 
1318 1225 6047 16383 1178 1286 1301 1245 1608 4097 4098 4097 4097 4097 4097 4098 
1301 1223 6047 16383 1175 1282 1295 1243 1608 4097 4098 4097 4097 4097 4097 4098 
1536 1217 6040 16383 1174 1282 1299 1242 1608 4096 4097 4096 4096 4096 4096 4097 
1353 1312 6045 16383 1175 1283 1295 1241 1607 2154 4098 4097 4097 4097 4097 4098 
1346 1223 6050 16383 1173 1283 1298 1239 1608 4097 4098 4097 4097 4097 4097 4098 
1348 1220 6039 16383 1175 1282 1297 1243 1608 4097 4098 4097 4097 4097 4097 4098 
1317 1231 6049 16383 1175 1283 1299 1242 1607 4097 4098 4097 4097 4097 4097 4098 
1322 1227 6051 16383 1174 1283 1299 1242 1608 4097 4098 4097 4097 4097 4097 4098 
1314 1223 6035 16383 1171 1281 1295 1239 1609 4097 4098 4097 4097 4097 4097 4098 
1369 1307 6054 16383 1174 1283 1295 1239 1608 2147 4098 4097 4097 4097 4097 4098 
1317 1234 6042 16383 1175 1284 1301 1243 1608 4097 4098 4097 4097 4097 4097 4098 
1318 1231 6053 16383 1175 1283 1297 1242 1608 4097 4098 4097 4097 4097 4097 4098 
1354 1227 6039 16383 1175 1283 1297 1242 1607 4097 4098 4097 4097 4097 4097 4098 
1400 1316 6041 16383 1175 1285 1299 1242 1609 2164 4098 4097 4097 4097 4097 4098 
1321 1219 6041 16383 1174 1283 1297 1243 1607 4097 4098 4097 4097 4097 4097 4098 
1343 1314 6038 16383 1174 1281 1295 1239 1608 2145 4098 4097 4097 4097 4097 4098 
1331 1219 6045 16383 1175 1283 1298 1241 1608 4097 4098 4097 4097 4097 4097 4098 
1358 1295 6058 16383 1175 1283 1298 1241 1609 2157 4098 4097 4097 4097 4097 4098 
1321 1220 6055 16383 1175 1283 1297 1242 1608 4097 4098 4097 4097 4097 4097 4098 
1325 1221 6054 16383 1175 1282 1297 1242 1608 4097 4098 4097 4097 4097 4097 4098 
1341 1229 6039 16383 1175 1283 1299 1242 1609 4097 4098 4097 4097 4097 4097 4098 
1353 1222 6037 16383 1175 1283 1298 1242 1608 4096 4097 4096 4096 4096 4096 4097 
1323 1226 6037 16383 1175 1283 1298 1241 1608 4097 4098 4097 4097 4097 4097 4098 
1319 1226 6053 16383 1173 1282 1298 1239 1607 4097 4098 4097 4097 4097 4097 4098 
1323 1228 6043 16383 1175 1284 1298 1242 1608 4097 4098 4097 4097 4097 4097 4098 
1339 1220 6039 16383 1174 1279 1298 1241 1609 4097 4098 4097 4097 4097 4097 4098 
1354 1317 6038 16383 1175 1280 1297 1241 1608 2136 4098 4097 4098 4098 4098 4099 
1373 1225 6051 16383 1174 1281 1298 1241 1609 4097 4098 4097 4097 4097 4097 4098 
1315 1219 6043 16383 1175 1285 1298 1243 1608 4097 4098 4097 4097 4097 4097 4098 
1329 1223 6055 16383 1174 1283 1299 1241 1607 4097 4098 4097 4097 4097 4097 4098 
1355 1230 6043 16383 1173 1284 1299 1242 1608 4097 4098 4097 4097 4097 4097 4098 
1319 1225 6057 16383 1175 1282 1297 1241 1609 4097 4098 4097 4097 4097 4097 4098 
1311 1221 6049 16383 1175 1283 1298 1242 1608 4097 4098 4097 4097 4097 4097 4098 
1353 1318 6054 16383 1177 1283 1298 1243 1609 2145 4098 4097 4097 4097 4097 4098 
1310 1225 6049 16383 1175 1283 1299 1242 1609 4097 4098 4097 4097 4097 4097 4098 
1323 1223 6044 16383 1173 1283 1295 1239 1608 4097 4098 4097 4097 4097 4097 4098 
1313 1225 6052 16383 1175 1282 1297 1242 1608 4097 4098 4097 4097 4097 4097 4098 
1331 1227 6054 16383 1174 1281 1297 1239 1608 4097 4098 4097 4097 4097 4097 4098 
1312 1229 6055 16383 1175 1283 1299 1241 1608 4097 4098 4097 4097 4097 4097 4098 
1336 1223 6054 16383 1175 1283 1300 1243 1608 4097 4098 4097 4097 4097 4097 4098 
1341 1222 6039 16383 1175 1279 1295 1239 1609 4097 4098 4097 4097 4097 4097 4098 
1324 1233 6053 16383 1175 1282 1299 1239 1609 4097 4098 4097 4097 4097 4097 4098 
1365 1227 6048 16383 1173 1282 1299 1239 1608 4097 4098 4097 4097 4097 4097 4098 
1337 1227 6039 16383 1175 1283 1299 1241 1608 4097 4098 4097 4097 4097 4097 4098 
1381 1356 6054 16383 1175 1282 1299 1243 1608 2158 4098 4097 4097 4097 4097 4098 
1326 1227 6042 16383 1174 1281 1295 1239 1608 4097 4098 4097 4097 4097 4097 4098 
1317 1225 6039 16383 1175 1282 1297 1241 1607 4097 4098 4097 4097 4097 4097 4098 
1319 1229 6043 16383 1174 1282 1299 1242 1607 4097 4098 4097 4097 4097 4097 4098 
1315 1219 6052 16383 1177 1285 1297 1241 1608 4097 4098 4097 4097 4097 4097 4098 
1317 1229 6043 16383 1175 1282 1298 1243 1608 4097 4098 4097 4097 4097 4097 4098 
1323 1225 6059 16383 1175 1284 1298 1243 1607 4097 4098 4097 4097 4097 4097 4098 
1323 1218 6043 16383 1175 1285 1298 1242 1607 4098 4099 4098 4098 4098 4098 4099 
1357 1226 6053 16383 1175 1283 1298 1241 1609 4097 4098 4097 4097 4097 4097 4098 
1317 1223 6039 16383 1172 1283 1297 1241 1609 4097 4098 4097 4097 4097 4097 4098 
1338 1306 6046 16383 1175 1283 1295 1241 1608 2150 4098 4097 4097 4097 4097 4098 
1317 1233 6055 16383 1177 1286 1301 1244 1608 4098 4099 4098 4098 4098 4098 4099 
1313 1217 6037 16383 1173 1281 1295 1241 1608 4097 4098 4097 4097 4097 4097 4098 
1315 1219 6055 16383 1172 1281 1297 1241 1608 4097 4098 4097 4097 4097 4097 4098 
1372 1219 6043 16383 1175 1283 1298 1242 1608 4097 4098 4097 4097 4097 4097 4098 
1331 1217 6045 16383 1173 1282 1295 1242 1609 4096 4097 4096 4096 4096 4096 4097 
1366 1319 6057 16383 1173 1282 1297 1241 1607 2163 4098 4097 4097 4097 4097 4098 
1318 1221 6043 16383 1174 1283 1300 1241 1609 4097 4098 4097 4097 4097 4097 4098 
1321 1226 6043 16383 1173 1282 1297 1241 1609 4097 4098 4097 4097 4097 4097 4098 
1311 1233 6058 16383 1175 1282 1298 1242 1608 4097 4098 4097 4097 4097 4097 4098 
1344 1295 6050 16383 1179 1283 1301 1243 1607 2158 4098 4097 4097 4097 4097 4098 
1315 1223 6058 16383 1175 1283 1299 1241 1608 4096 4097 4096 4096 4096 4096 4097 
1338 1224 6050 16383 1177 1283 1298 1241 1609 4097 4098 4097 4097 4097 4097 4098 
1330 1230 6050 16383 1175 1283 1299 1241 1609 4097 4098 4097 4097 4097 4097 4098 
1322 1220 6039 16383 1175 1283 1297 1243 1609 4097 4098 4097 4097 4097 4097 4098 
1333 1231 6057 16383 1175 1281 1299 1241 1608 4097 4098 4097 4097 4097 4097 4098 
1315 1216 6055 16383 1175 1282 1297 1239 1607 4097 4098 4097 4097 4097 4097 4098 
1309 1233 6055 16383 1175 1283 1299 1243 1607 4097 4098 4097 4097 4097 4097 4098 
1319 1235 6043 16383 1175 1283 1299 1241 1608 4097 4098 4097 4097 4097 4097 4098 
1473 1215 6042 16383 1175 1283 1298 1241 1608 4097 4098 4097 4097 4097 4097 4098 
1317 1219 6036 16383 1175 1281 1299 1243 1608 4097 4098 4097 4097 4097 4097 4098 
1317 1221 6042 16383 1177 1283 1299 1242 1609 4097 4098 4097 4097 4097 4097 4098 
1363 1341 6054 16383 1175 1282 1299 1241 1608 2151 4098 4097 4097 4097 4097 4098 
1317 1228 6039 16383 1177 1284 1298 1241 1608 4097 4098 4097 4097 4097 4097 4098 
1330 1218 6059 16383 1176 1284 1299 1243 1609 4097 4098 4097 4097 4097 4097 4098 
1323 1235 6053 16383 1174 1283 1298 1242 1608 4097 4098 4097 4097 4097 4097 4098 
1314 1223 6050 16383 1174 1281 1298 1242 1608 4097 4098 4097 4097 4097 4097 4098 
1326 1219 6050 16383 1175 1283 1295 1242 1608 4097 4098 4097 4097 4097 4097 4098 
1313 1219 6051 16383 1177 1285 1298 1241 1608 4097 4098 4097 4097 4097 4097 4098 
1341 1335 6044 16383 1173 1282 1295 1242 1608 2134 4098 4097 4097 4097 4097 4098 
1321 1241 6053 16383 1174 1282 1295 1239 1608 4097 4098 4097 4097 4097 4097 4098 
1366 1309 6039 16383 1175 1282 1299 1242 1608 2155 4098 4097 4097 4097 4097 4098 
1331 1222 6042 16383 1174 1281 1295 1241 1607 4097 4098 4097 4097 4097 4097 4098 
1333 1231 6051 16383 1175 1283 1298 1243 1608 4097 4098 4097 4097 4097 4097 4098 
1323 1230 6047 16383 1175 1282 1295 1240 1609 4097 4098 4097 4097 4097 4097 4098 
1321 1226 6048 16383 1175 1285 1299 1243 1608 4097 4098 4097 4097 4097 4097 4098 
1356 1309 6049 16383 1175 1282 1297 1239 1609 2150 4098 4097 4097 4097 4097 4098 
1317 1235 6054 16383 1175 1283 1300 1243 1608 4097 4098 4097 4097 4097 4097 4098 
1367 1227 6037 16383 1175 1283 1297 1241 1608 4098 4099 4098 4098 4098 4098 4099 
1313 1218 6042 16383 1175 1285 1300 1243 1609 4097 4098 4097 4097 4097 4097 4098 
1369 1300 6038 16383 1175 1281 1295 1241 1607 2151 4097 4096 4096 4096 4096 4097 
1323 1219 6051 16383 1174 1283 1298 1243 1608 4097 4098 4097 4097 4097 4097 4098 
1330 1231 6047 16383 1175 1283 1298 1242 1608 4096 4097 4096 4096 4096 4096 4097 
1313 1224 6037 16383 1174 1281 1295 1241 1608 4097 4098 4097 4097 4097 4097 4098 
1318 1223 6036 16383 1175 1283 1299 1241 1609 4097 4098 4097 4097 4097 4097 4098 
1315 1231 6047 16383 1174 1283 1298 1241 1607 4096 4098 4096 4097 4097 4097 4098 
1329 1221 6059 16383 1175 1282 1299 1242 1609 4097 4098 4097 4097 4097 4097 4098 
1321 1217 6048 16383 1174 1283 1298 1243 1608 4097 4098 4097 4097 4097 4097 4098 
1321 1227 6051 16383 1174 1282 1299 1242 1609 4097 4098 4097 4097 4097 4097 4098 
1353 1323 6050 16383 1175 1283 1298 1241 1609 2151 4098 4097 4097 4097 4097 4098 
1359 1298 6055 16383 1175 1283 1295 1243 1608 2158 4098 4097 4097 4097 4097 4098 
1332 1222 6049 16383 1175 1282 1297 1241 1608 4097 4098 4097 4097 4097 4097 4098 
1321 1219 6057 16383 1175 1285 1300 1243 1608 4098 4099 4098 4098 4098 4098 4099 
1347 1315 6045 16383 1175 1283 1299 1243 1608 2156 4098 4097 4097 4097 4097 4098 
1319 1223 6047 16383 1177 1283 1299 1243 1608 4097 4098 4097 4097 4097 4097 4098 
1311 1226 6055 16383 1175 1283 1298 1241 1609 4097 4098 4097 4097 4097 4097 4098 
1314 1223 6055 16383 1175 1281 1295 1239 1608 4097 4098 4097 4097 4097 4097 4098 
1343 1231 6041 16383 1177 1285 1298 1243 1608 4097 4098 4097 4097 4097 4097 4098 
1310 1217 6049 16383 1172 1281 1297 1240 1607 4097 4098 4097 4097 4097 4097 4098 
1322 1225 6055 16383 1174 1281 1297 1239 1608 4097 4098 4097 4097 4097 4097 4098 
1312 1231 6057 16383 1174 1283 1298 1239 1608 4097 4098 4097 4097 4097 4097 4098 
1325 1223 6056 16383 1175 1282 1295 1241 1608 4097 4098 4097 4097 4097 4097 4098 
1322 1225 6039 16383 1175 1284 1295 1241 1609 4097 4098 4097 4097 4097 4097 4098 
1323 1321 6048 16383 1174 1283 1297 1242 1608 2119 4098 4097 4097 4097 4097 4098 
1325 1221 6053 16383 1171 1281 1297 1241 1609 4098 4099 4098 4098 4098 4098 4099 
1320 1223 6052 16383 1175 1285 1298 1242 1609 4096 4097 4096 4096 4096 4096 4097 
1349 1327 6039 16383 1175 1281 1298 1242 1608 2149 4098 4097 4097 4097 4097 4098 
1326 1221 6045 16383 1172 1282 1295 1241 1608 4097 4098 4097 4097 4097 4097 4098 
1323 1223 6044 16383 1175 1283 1298 1245 1608 4097 4098 4097 4097 4097 4097 4098 
1307 1223 6048 16383 1173 1283 1295 1239 1609 4097 4098 4097 4097 4097 4097 4098 
1321 1231 6049 16383 1175 1284 1297 1243 1609 4097 4098 4097 4097 4097 4097 4098 
1347 1219 6051 16383 1175 1283 1297 1241 1609 4096 4097 4096 4096 4096 4096 4097 
1321 1219 6046 16383 1175 1283 1298 1242 1608 4097 4098 4097 4097 4097 4097 4098 
1318 1226 6051 16383 1175 1283 1298 1241 1608 4097 4098 4097 4097 4097 4097 4098 
1317 1217 6051 16383 1174 1281 1299 1241 1608 4097 4098 4097 4097 4097 4097 4098 
1311 1226 6037 16383 1175 1283 1298 1242 1608 4097 4098 4097 4097 4097 4097 4098 
1315 1229 6043 16383 1177 1285 1298 1245 1609 4097 4098 4097 4097 4097 4097 4098 
1322 1222 6050 16383 1174 1283 1295 1242 1608 4097 4098 4097 4097 4097 4097 4098 
1322 1235 6048 16383 1175 1283 1298 1243 1609 4097 4098 4097 4097 4097 4097 4098 
1334 1222 6050 16383 1177 1285 1299 1243 1609 4097 4098 4097 4097 4097 4097 4098 
1334 1302 6043 16383 1174 1285 1299 1242 1608 2141 4098 4097 4097 4097 4097 4098 
1321 1221 6046 16383 1175 1283 1297 1242 1609 4097 4098 4097 4097 4097 4097 4098 
1317 1227 6055 16383 1175 1282 1298 1242 1609 4096 4097 4096 4096 4096 4096 4097 
1367 1355 6043 16383 1176 1282 1298 1242 1609 2147 4098 4097 4097 4097 4097 4098 
1321 1226 6058 16383 1174 1283 1299 1242 1607 4097 4098 4097 4097 4097 4097 4098 
1348 1319 6056 16383 1175 1282 1298 1239 1609 2166 4098 4097 4097 4097 4097 4098 
1320 1227 6040 16383 1178 1285 1301 1244 1608 4097 4098 4097 4097 4097 4097 4098 
1350 1350 6055 16383 1174 1282 1295 1241 1608 2132 4098 4097 4097 4097 4097 4098 
1316 1219 6054 16383 1174 1282 1297 1242 1608 4097 4098 4097 4097 4097 4097 4098 
1318 1217 6037 16383 1174 1279 1295 1239 1609 4097 4098 4097 4097 4097 4097 4098 
1305 1228 6055 16383 1175 1283 1298 1241 1608 4097 4098 4097 4097 4097 4097 4098 
1399 1345 6049 16383 1175 1283 1299 1241 1608 2158 4098 4097 4097 4097 4097 4098 
1310 1220 6041 16383 1174 1282 1298 1239 1608 4097 4098 4097 4097 4097 4097 4098 
1346 1220 6053 16383 1174 1283 1297 1242 1608 4097 4098 4097 4097 4097 4097 4098 
1320 1231 6044 16383 1175 1282 1297 1243 1609 4097 4098 4097 4097 4097 4097 4098 
1310 1218 6042 16383 1175 1282 1297 1241 1609 4097 4098 4097 4097 4097 4097 4098 
1311 1220 6035 16383 1174 1281 1297 1241 1608 4096 4097 4096 4096 4096 4096 4097 
1366 1327 6041 16383 1175 1282 1297 1241 1608 2116 4098 4097 4097 4097 4097 4098 
1320 1221 6053 16383 1174 1283 1298 1242 1608 4097 4098 4097 4097 4097 4097 4098 
1324 1225 6055 16383 1175 1283 1298 1242 1608 4097 4098 4097 4097 4097 4097 4098 
1317 1217 6034 16383 1174 1281 1295 1241 1607 4097 4098 4097 4097 4097 4097 4098 
1319 1230 6037 16383 1175 1283 1299 1242 1609 4097 4098 4097 4097 4097 4097 4098 
1319 1234 6049 16383 1174 1285 1298 1243 1608 4097 4098 4097 4097 4097 4097 4098 
1345 1230 6038 16383 1175 1283 1298 1243 1608 4097 4098 4097 4097 4097 4097 4098 
1335 1231 6043 16383 1174 1282 1297 1243 1609 4097 4098 4097 4097 4097 4097 4098 
1330 1221 6041 16383 1173 1280 1297 1241 1608 4097 4098 4097 4097 4097 4097 4098 
1299 1223 6053 16383 1175 1283 1298 1243 1607 4097 4098 4097 4097 4097 4097 4098 
1318 1222 6051 16383 1173 1282 1298 1241 1608 4097 4098 4097 4097 4097 4097 4098 
1361 1314 6051 16383 1175 1283 1299 1242 1608 2147 4097 4096 4096 4096 4096 4097 
1330 1223 6037 16383 1175 1283 1298 1242 1608 4097 4098 4097 4097 4097 4097 4098 
1321 1221 6049 16383 1174 1282 1295 1241 1608 4097 4098 4097 4097 4097 4097 4098 
1316 1227 6039 16383 1175 1283 1299 1243 1608 4097 4098 4097 4097 4097 4097 4098 
1318 1223 6049 16383 1173 1282 1295 1239 1607 4096 4097 4096 4096 4096 4096 4097 
1321 1220 6039 16383 1173 1282 1298 1241 1609 4097 4098 4097 4097 4097 4097 4098 
1319 1227 6046 16383 1175 1283 1299 1243 1608 4097 4098 4097 4097 4097 4097 4098 
1317 1218 6037 16383 1175 1282 1297 1241 1608 4097 4098 4097 4097 4097 4097 4098 
1315 1225 6034 16383 1175 1283 1297 1241 1608 4097 4098 4097 4097 4097 4097 4098 
1304 1230 6039 16383 1174 1283 1299 1241 1609 4096 4097 4096 4096 4096 4096 4097 
1321 1219 6053 16383 1175 1284 1299 1243 1608 4097 4098 4097 4097 4097 4097 4098 
1298 1227 6053 16383 1173 1281 1295 1239 1609 4097 4098 4097 4097 4097 4097 4098 
1317 1223 6051 16383 1175 1283 1298 1241 1608 4097 4098 4097 4097 4097 4097 4098 
1316 1229 6038 16383 1175 1282 1297 1241 1608 4096 4097 4096 4096 4096 4096 4097 
1326 1229 6047 16383 1175 1283 1298 1241 1608 4097 4098 4097 4097 4097 4097 4098 
1323 1225 6045 16383 1173 1283 1297 1242 1608 4097 4098 4097 4097 4097 4097 4098 
1313 1230 6051 16383 1175 1280 1298 1241 1608 4097 4098 4097 4097 4097 4097 4098 
1371 1378 6042 16383 1175 1283 1299 1242 1608 2141 4098 4097 4097 4097 4097 4098 
1325 1223 6042 16383 1175 1283 1298 1241 1608 4097 4098 4097 4097 4097 4097 4098 
1318 1227 6043 16383 1175 1283 1299 1243 1608 4097 4098 4097 4097 4097 4097 4098 
1350 1227 6050 16383 1173 1282 1295 1242 1607 4097 4098 4097 4097 4097 4097 4098 
1353 1295 6035 16383 1171 1281 1297 1240 1609 2144 4098 4097 4097 4097 4097 4098 
1344 1303 6051 16383 1175 1283 1299 1240 1608 2152 4098 4097 4097 4097 4097 4098 
1385 1357 6042 16383 1175 1284 1299 1243 1608 2149 4098 4097 4097 4097 4097 4098 
1313 1225 6051 16383 1174 1283 1298 1243 1607 4097 4098 4097 4097 4097 4097 4098 
1323 1223 6046 16383 1177 1285 1298 1243 1609 4097 4098 4097 4097 4097 4097 4098 
1309 1218 6043 16383 1175 1283 1298 1242 1608 4097 4098 4097 4097 4097 4097 4098 
1318 1221 6039 16383 1175 1283 1297 1242 1608 4098 4099 4098 4098 4098 4098 4099 
1313 1219 6047 16383 1175 1283 1299 1242 1608 4097 4098 4097 4097 4097 4097 4098 
1345 1217 6049 16383 1175 1282 1295 1241 1607 4097 4098 4097 4097 4097 4097 4098 
1315 1231 6038 16383 1173 1282 1295 1242 1608 4097 4098 4097 4097 4097 4097 4098 
1317 1234 6043 16383 1175 1283 1298 1241 1608 4097 4098 4097 4097 4097 4097 4098 
1314 1226 6050 16383 1175 1281 1299 1241 1609 4096 4097 4096 4096 4096 4096 4097 
1365 1303 6054 16383 1175 1283 1298 1243 1608 2161 4098 4097 4097 4097 4097 4098 
1314 1225 6054 16383 1177 1281 1295 1241 1608 4097 4098 4097 4097 4097 4097 4098 
1415 1223 6043 16383 1175 1283 1298 1243 1608 4097 4098 4097 4097 4097 4097 4098 
1331 1234 6035 16383 1175 1285 1299 1239 1608 4097 4098 4097 4097 4097 4097 4098 
1323 1228 6046 16383 1175 1283 1297 1242 1608 4097 4098 4097 4097 4097 4097 4098 
1316 1233 6049 16383 1175 1282 1298 1242 1609 4097 4098 4097 4097 4097 4097 4098 
1333 1227 6047 16383 1175 1283 1298 1241 1608 4098 4099 4098 4098 4098 4098 4099 
1335 1250 6049 16383 1173 1283 1299 1241 1608 2093 4098 4097 4097 4097 4097 4098 
1319 1216 6050 16383 1175 1283 1300 1243 1608 4097 4098 4097 4097 4097 4097 4098 
1314 1220 6052 16383 1175 1281 1295 1242 1608 4097 4098 4097 4097 4097 4097 4098 
1326 1223 6047 16383 1174 1284 1298 1242 1607 4097 4098 4097 4097 4097 4097 4098 
1359 1220 6046 16383 1173 1282 1295 1239 1608 4097 4098 4097 4097 4097 4097 4098 
1311 1228 6047 16383 1173 1279 1295 1239 1608 4097 4098 4097 4097 4097 4097 4098 
1343 1333 6055 16383 1177 1283 1297 1241 1608 2133 4098 4097 4097 4097 4097 4098 
1313 1233 6050 16383 1174 1281 1299 1241 1608 4097 4098 4097 4097 4097 4097 4098 
1353 1223 6054 16383 1175 1283 1298 1241 1608 4097 4098 4097 4097 4097 4097 4098 
1350 1297 6053 16383 1175 1282 1295 1243 1608 2154 4098 4097 4097 4097 4097 4098 
1344 1229 6043 16383 1175 1283 1299 1243 1609 4097 4098 4097 4097 4097 4097 4098 
1342 1223 6043 16383 1175 1282 1298 1241 1608 4097 4098 4097 4097 4097 4097 4098 
1316 1219 6037 16383 1174 1281 1297 1239 1609 4097 4098 4097 4097 4097 4097 4098 
1321 1230 6055 16383 1175 1285 1301 1243 1608 4097 4098 4097 4097 4097 4097 4098 
1339 1287 6053 16383 1175 1285 1299 1241 1607 2144 4098 4097 4097 4097 4097 4098 
1299 1228 6031 16383 1174 1280 1295 1239 1608 4097 4098 4097 4097 4097 4097 4098 
1387 1222 6055 16383 1175 1281 1299 1243 1608 4097 4098 4097 4097 4097 4097 4098 
1321 1224 6036 16383 1177 1283 1299 1245 1607 4096 4097 4096 4096 4096 4096 4097 
1363 1275 6050 16383 1175 1283 1298 1239 1608 2190 4099 4098 4098 4098 4098 4099 
1327 1221 6044 16383 1175 1283 1298 1243 1607 4097 4098 4097 4097 4097 4097 4098 
1310 1219 6041 16383 1172 1281 1298 1240 1609 4097 4098 4097 4097 4097 4097 4098 
1437 1225 6043 16383 1173 1281 1295 1241 1608 4097 4098 4097 4097 4097 4097 4098 
1343 1363 6050 16383 1175 1283 1298 1243 1607 2137 4097 4096 4096 4096 4096 4097 
1320 1219 6047 16383 1175 1283 1299 1242 1607 4097 4098 4097 4097 4097 4097 4098 
1318 1218 6042 16383 1174 1282 1295 1241 1608 4097 4098 4097 4097 4097 4097 4098 
1337 1228 6043 16383 1175 1283 1299 1242 1607 4097 4098 4097 4097 4097 4097 4098 
1316 1230 6053 16383 1175 1282 1298 1239 1608 4097 4098 4097 4097 4097 4097 4098 
1365 1227 6044 16383 1175 1283 1299 1243 1608 4097 4098 4097 4097 4097 4097 4098 
1319 1236 6049 16383 1175 1285 1299 1242 1609 4097 4098 4097 4097 4097 4097 4098 
1335 1227 6035 16383 1175 1283 1299 1242 1608 4097 4098 4097 4097 4097 4097 4098 
1322 1231 6055 16383 1175 1283 1298 1241 1608 4097 4098 4097 4097 4097 4097 4098 
1327 1223 6035 16383 1175 1283 1298 1241 1609 4097 4098 4097 4097 4097 4097 4098 
1315 1229 6041 16383 1175 1283 1299 1243 1609 4097 4098 4097 4097 4097 4097 4098 
1319 1227 6041 16383 1180 1286 1300 1243 1609 4097 4098 4097 4097 4097 4097 4098 
1364 1319 6055 16383 1175 1282 1298 1241 1608 2146 4098 4097 4097 4097 4097 4098 
1311 1226 6054 16383 1175 1282 1299 1243 1608 4097 4098 4097 4097 4097 4097 4098 
1317 1217 6049 16383 1175 1281 1297 1239 1609 4097 4098 4097 4097 4097 4097 4098 
1310 1218 6041 16383 1171 1280 1295 1239 1607 4097 4098 4097 4097 4097 4097 4098 
1375 1223 6046 16383 1175 1282 1299 1241 1608 4097 4098 4097 4097 4097 4097 4098 
1324 1226 6050 16383 1175 1283 1298 1241 1608 4097 4098 4097 4097 4097 4097 4098 
1317 1222 6037 16383 1174 1281 1295 1239 1608 4097 4098 4097 4097 4097 4097 4098 
1317 1221 6050 16383 1175 1283 1297 1243 1608 4097 4098 4097 4097 4097 4097 4098 
1321 1235 6046 16383 1175 1283 1299 1242 1607 4097 4098 4097 4097 4097 4097 4098 
1323 1226 6039 16383 1177 1283 1299 1243 1608 4097 4098 4097 4097 4097 4097 4098 
1323 1233 6045 16383 1175 1283 1298 1241 1608 4097 4098 4097 4097 4097 4097 4098 
1352 1313 6038 16383 1174 1281 1297 1239 1607 2138 4098 4097 4097 4097 4097 4098 
1319 1217 6046 16383 1173 1282 1297 1239 1608 4098 4099 4098 4098 4098 4098 4099 
1319 1220 6049 16383 1175 1283 1298 1241 1608 4097 4098 4097 4097 4097 4097 4098 
1347 1294 6036 16383 1173 1280 1295 1239 1608 2157 4097 4096 4096 4096 4096 4097 
1374 1319 6047 16383 1175 1283 1299 1243 1608 2157 4098 4097 4097 4097 4097 4098 
1349 1217 6037 16383 1175 1283 1299 1242 1608 4097 4098 4097 4097 4097 4097 4098 
1315 1222 6051 16383 1175 1283 1299 1239 1608 4097 4098 4097 4097 4097 4097 4098 
1328 1226 6047 16383 1175 1283 1297 1243 1608 4097 4098 4097 4097 4097 4097 4098 
1328 1230 6037 16383 1175 1283 1300 1243 1607 4097 4098 4097 4097 4097 4097 4098 
1323 1222 6037 16383 1175 1283 1300 1242 1607 4097 4098 4097 4097 4097 4097 4098 
1318 1223 6050 16383 1175 1284 1299 1243 1608 4097 4098 4097 4097 4097 4097 4098 
1331 1229 6053 16383 1175 1282 1299 1241 1608 4097 4098 4097 4097 4097 4097 4098 
1302 1223 6043 16383 1175 1283 1298 1243 1608 4097 4098 4097 4097 4097 4097 4098 
1318 1231 6047 16383 1174 1283 1297 1242 1608 4097 4098 4097 4097 4097 4097 4098 
1325 1231 6044 16383 1173 1282 1297 1241 1608 4097 4098 4097 4097 4097 4097 4098 
1311 1226 6035 16383 1173 1282 1297 1242 1607 4097 4098 4097 4097 4097 4097 4098 
1314 1216 6035 16383 1173 1283 1295 1241 1607 4097 4098 4097 4097 4097 4097 4098 
1324 1225 6039 16383 1177 1283 1298 1242 1608 4097 4098 4097 4097 4097 4097 4098 
1341 1221 6036 16383 1175 1283 1299 1239 1608 4097 4098 4097 4097 4097 4097 4098 
1360 1347 6035 16383 1174 1283 1299 1242 1608 2146 4098 4097 4097 4097 4097 4098 
1331 1236 6035 16383 1177 1284 1299 1243 1608 4098 4099 4098 4098 4098 4098 4099 
1323 1216 6039 16383 1173 1282 1298 1239 1607 4097 4098 4097 4097 4097 4097 4098 
1330 1220 6037 16383 1174 1279 1298 1239 1607 4097 4098 4097 4097 4097 4097 4098 
1317 1227 6039 16383 1177 1284 1299 1243 1607 4097 4098 4097 4097 4097 4097 4098 
1327 1289 6057 16383 1174 1283 1298 1243 1608 2123 4098 4097 4097 4097 4097 4098 
1343 1311 6051 16383 1178 1283 1295 1243 1608 2128 4098 4097 4097 4097 4097 4098 
1319 1221 6036 16383 1173 1283 1299 1241 1608 4097 4098 4097 4097 4097 4097 4098 
1359 1415 6045 16383 1174 1281 1298 1240 1609 2118 4098 4097 4097 4097 4097 4098 
1312 1220 6047 16383 1173 1282 1295 1239 1607 4096 4097 4096 4096 4096 4096 4097 
1348 1293 6047 16383 1173 1281 1295 1240 1609 2172 4098 4097 4097 4097 4097 4098 
1323 1230 6038 16383 1175 1282 1294 1242 1609 4097 4098 4097 4097 4097 4097 4098 
1333 1221 6049 16383 1176 1283 1297 1241 1609 4096 4097 4096 4096 4096 4096 4097 
1344 1231 6036 16383 1175 1281 1298 1241 1607 4097 4098 4097 4097 4097 4097 4098 
1361 1311 6050 16383 1175 1283 1299 1241 1608 2149 4098 4097 4097 4097 4097 4098 
1493 1218 6034 16383 1173 1281 1295 1241 1608 4097 4098 4097 4097 4097 4097 4098 
1317 1220 6034 16383 1175 1285 1298 1241 1608 4097 4098 4097 4097 4097 4097 4098 
1322 1225 6043 16383 1175 1282 1298 1241 1607 4097 4098 4097 4097 4097 4097 4098 
1385 1217 6050 16383 1173 1281 1297 1239 1607 4097 4098 4097 4097 4097 4097 4098 
1334 1231 6044 16383 1174 1285 1299 1241 1608 4096 4097 4096 4096 4096 4096 4097 
1321 1221 6047 16383 1175 1283 1297 1242 1609 4098 4099 4098 4098 4098 4098 4099 
1322 1218 6038 16383 1175 1283 1299 1243 1607 4097 4098 4097 4097 4097 4097 4098 
1354 1335 6049 16383 1174 1283 1300 1243 1607 2130 4098 4097 4097 4097 4097 4098 
1315 1218 6034 16383 1175 1283 1299 1242 1608 4097 4098 4097 4097 4097 4097 4098 
1363 1319 6035 16383 1175 1282 1299 1242 1609 2148 4098 4097 4097 4097 4097 4098 
1407 1326 6045 16383 1175 1285 1299 1241 1608 2148 4098 4097 4097 4097 4097 4098 
1354 1348 6048 16383 1175 1281 1298 1240 1609 2140 4098 4097 4097 4097 4097 4098 
1321 1225 6043 16383 1175 1283 1299 1243 1608 4097 4098 4097 4097 4097 4097 4098 
1354 1343 6037 16383 1175 1283 1299 1243 1609 2149 4098 4097 4097 4097 4097 4098 
1314 1221 6046 16383 1174 1281 1299 1241 1607 4097 4098 4097 4097 4097 4097 4098 
1323 1222 6042 16383 1175 1285 1299 1243 1608 4098 4099 4098 4098 4098 4098 4099 
1321 1220 6045 16383 1174 1283 1297 1242 1608 4097 4098 4097 4097 4097 4097 4098 
1386 1223 6040 16383 1173 1282 1295 1241 1608 4097 4098 4097 4097 4097 4097 4098 
1325 1223 6051 16383 1174 1283 1298 1242 1609 4097 4098 4097 4097 4097 4097 4098 
1335 1218 6048 16383 1175 1283 1298 1242 1608 4097 4098 4097 4097 4097 4097 4098 
1318 1217 6036 16383 1175 1283 1297 1241 1609 4097 4098 4097 4097 4097 4097 4098 
1317 1229 6034 16383 1175 1284 1299 1242 1609 4097 4098 4097 4097 4097 4097 4098 
1317 1227 6045 16383 1174 1283 1295 1241 1608 4097 4098 4097 4097 4097 4097 4098 
1313 1217 6035 16383 1174 1282 1295 1241 1609 4097 4098 4097 4097 4097 4097 4098 
1319 1225 6038 16383 1174 1283 1299 1243 1607 4097 4098 4097 4097 4097 4097 4098 
1327 1221 6041 16383 1173 1282 1295 1242 1608 4097 4098 4097 4097 4097 4097 4098 
1347 1231 6035 16383 1173 1283 1298 1241 1608 4098 4099 4098 4098 4098 4098 4099 
1349 1227 6045 16383 1175 1283 1297 1241 1608 4097 4098 4097 4097 4097 4097 4098 
1322 1219 6030 16383 1177 1283 1298 1243 1608 4097 4098 4097 4097 4097 4097 4098 
1314 1224 6038 16383 1175 1283 1297 1241 1608 4097 4098 4097 4097 4097 4097 4098 
1317 1227 6035 16383 1175 1284 1298 1243 1608 4097 4098 4097 4097 4097 4097 4098 
1322 1219 6039 16383 1175 1282 1298 1241 1608 4097 4098 4097 4097 4097 4097 4098 
1370 1225 6031 16383 1173 1281 1297 1241 1608 4097 4098 4097 4097 4097 4097 4098 
1329 1221 6034 16383 1173 1283 1297 1241 1608 4098 4099 4098 4098 4098 4098 4099 
1329 1219 6038 16383 1173 1283 1297 1241 1609 4097 4098 4097 4097 4097 4097 4098 
1334 1231 6044 16383 1175 1282 1298 1243 1609 4097 4098 4097 4097 4097 4097 4098 
1317 1218 6049 16383 1175 1283 1298 1241 1608 4097 4098 4097 4097 4097 4097 4098 
1362 1220 6045 16383 1175 1283 1299 1241 1608 4097 4098 4097 4097 4097 4097 4098 
1345 1302 6047 16383 1175 1283 1299 1243 1609 2150 4097 4096 4096 4096 4096 4097 
1317 1234 6043 16383 1175 1285 1301 1242 1608 4096 4097 4096 4096 4096 4096 4097 
1311 1222 6046 16383 1175 1281 1297 1242 1608 4097 4098 4097 4097 4097 4097 4098 
1321 1221 6051 16383 1173 1283 1299 1243 1609 4097 4098 4097 4097 4097 4097 4098 
1311 1226 6051 16383 1175 1283 1297 1239 1608 4097 4098 4097 4097 4097 4097 4098 
1319 1218 6051 16383 1175 1283 1298 1242 1608 4097 4098 4097 4097 4097 4097 4098 
1320 1233 6046 16383 1173 1283 1295 1242 1608 4097 4098 4097 4097 4097 4097 4098 
1323 1222 6045 16383 1175 1282 1298 1243 1609 4097 4098 4097 4097 4097 4097 4098 
1319 1223 6037 16383 1175 1283 1295 1241 1608 4097 4098 4097 4097 4097 4097 4098 
1317 1229 6037 16383 1177 1283 1299 1242 1607 4097 4098 4097 4097 4097 4097 4098 
1324 1233 6033 16383 1174 1285 1297 1243 1608 4097 4098 4097 4097 4097 4097 4098 
1355 1219 6037 16383 1175 1283 1299 1243 1609 4097 4098 4097 4097 4097 4097 4098 
1394 1383 6045 16383 1175 1283 1297 1241 1609 2142 4098 4097 4097 4097 4097 4098 
1315 1217 6037 16383 1175 1284 1301 1243 1607 4097 4098 4097 4097 4097 4097 4098 
1314 1234 6051 16383 1175 1281 1295 1241 1609 4097 4098 4097 4097 4097 4097 4098 
1320 1224 6040 16383 1175 1283 1299 1243 1607 4097 4098 4097 4097 4097 4097 4098 
1343 1295 6041 16383 1177 1283 1299 1243 1607 2144 4097 4096 4096 4096 4096 4097 
1323 1227 6049 16383 1177 1283 1298 1242 1608 4097 4098 4097 4097 4097 4097 4098 
1354 1307 6047 16383 1175 1282 1298 1239 1609 2171 4098 4097 4097 4097 4097 4098 
1324 1225 6051 16383 1175 1284 1298 1243 1608 4097 4098 4097 4097 4097 4097 4098 
1350 1219 6035 16383 1173 1283 1295 1241 1608 4097 4098 4097 4097 4097 4097 4098 
1313 1219 6035 16383 1173 1282 1295 1239 1608 4097 4098 4097 4097 4097 4097 4098 
1315 1221 6051 16383 1174 1281 1297 1241 1608 4097 4098 4097 4097 4097 4097 4098 
1337 1227 6050 16383 1174 1282 1297 1239 1608 4097 4098 4097 4097 4097 4097 4098 
1330 1221 6046 16383 1175 1282 1298 1239 1608 4097 4098 4097 4097 4097 4097 4098 
1314 1237 6041 16383 1175 1283 1295 1241 1608 4097 4098 4097 4097 4097 4097 4098 
1311 1227 6037 16383 1175 1283 1300 1243 1609 4097 4098 4097 4097 4097 4097 4098 
1317 1223 6030 16383 1174 1282 1297 1241 1607 4097 4098 4097 4097 4097 4097 4098 
1319 1227 6051 16383 1174 1283 1298 1243 1609 4096 4097 4096 4096 4096 4096 4097 
1311 1230 6055 16383 1174 1281 1298 1241 1608 4097 4098 4097 4097 4097 4097 4098 
1311 1221 6041 16383 1175 1283 1298 1239 1608 4097 4098 4097 4097 4097 4097 4098 
1354 1322 6049 16383 1175 1281 1299 1242 1609 2160 4098 4097 4097 4097 4097 4098 
1333 1225 6044 16383 1175 1284 1299 1244 1608 4097 4098 4097 4097 4097 4097 4098 
1319 1227 6042 16383 1175 1286 1299 1243 1609 4097 4098 4097 4097 4097 4097 4098 
1354 1217 6052 16383 1173 1283 1298 1242 1608 4097 4098 4097 4097 4097 4097 4098 
1323 1225 6049 16383 1175 1283 1299 1239 1609 4097 4098 4097 4097 4097 4097 4098 
1325 1220 6051 16383 1175 1285 1299 1245 1609 4097 4098 4097 4097 4097 4097 4098 
1321 1228 6050 16383 1175 1284 1300 1239 1608 4097 4098 4097 4097 4097 4097 4098 
1346 1319 6041 16383 1174 1284 1299 1243 1608 2130 4098 4097 4097 4097 4097 4098 
1342 1291 6034 16383 1175 1283 1299 1241 1608 2151 4098 4097 4097 4097 4097 4098 
1320 1234 6051 16383 1175 1284 1299 1241 1608 4097 4098 4097 4097 4097 4097 4098 
1330 1229 6041 16383 1177 1284 1300 1243 1608 4097 4098 4097 4097 4097 4097 4098 
1322 1227 6051 16383 1175 1283 1299 1242 1607 4097 4098 4097 4097 4097 4097 4098 
1374 1223 6034 16383 1175 1283 1298 1242 1607 4098 4099 4098 4098 4098 4098 4099 
1310 1222 6048 16383 1174 1284 1299 1243 1608 4098 4099 4098 4098 4098 4098 4099 
1369 1219 6033 16383 1175 1284 1299 1239 1609 4098 4099 4098 4098 4098 4098 4099 
1319 1223 6031 16383 1175 1283 1299 1241 1609 4097 4098 4097 4097 4097 4097 4098 
1415 1223 6046 16383 1175 1283 1299 1241 1608 4097 4098 4097 4097 4097 4097 4098 
1325 1217 6051 16383 1173 1283 1298 1241 1609 4097 4098 4097 4097 4097 4097 4098 
1313 1218 6055 16383 1175 1283 1298 1242 1608 4097 4098 4097 4097 4097 4097 4098 
1394 1292 6047 16383 1175 1283 1299 1243 1609 2182 4098 4097 4097 4097 4097 4098 
1315 1233 6046 16383 1175 1283 1297 1242 1609 4097 4098 4097 4097 4097 4097 4098 
1421 1219 6037 16383 1174 1283 1297 1242 1608 4097 4098 4097 4097 4097 4097 4098 
1321 1219 6037 16383 1174 1281 1297 1241 1608 4097 4098 4097 4098 4098 4098 4099 
1341 1231 6053 16383 1173 1281 1295 1239 1608 4097 4098 4097 4097 4097 4097 4098 
1311 1220 6033 16383 1173 1281 1297 1243 1608 4097 4098 4097 4097 4097 4097 4098 
1451 1223 6053 16383 1177 1283 1299 1244 1608 4097 4098 4097 4097 4097 4097 4098 
1385 1220 6041 16383 1175 1283 1299 1242 1608 4097 4098 4097 4097 4097 4097 4098 
1317 1225 6041 16383 1175 1283 1297 1243 1608 4097 4098 4097 4097 4097 4097 4098 
1343 1347 6039 16383 1175 1283 1298 1243 1609 2137 4098 4097 4097 4097 4097 4098 
1393 1327 6049 16383 1177 1283 1299 1241 1609 2153 4098 4097 4097 4097 4097 4098 
1317 1219 6049 16383 1175 1283 1297 1241 1608 4097 4098 4097 4097 4097 4097 4098 
1319 1226 6035 16383 1175 1281 1297 1241 1607 4097 4098 4097 4097 4097 4097 4098 
1315 1231 6038 16383 1175 1282 1295 1241 1609 4097 4098 4097 4097 4097 4097 4098 
1365 1221 6046 16383 1175 1284 1299 1243 1608 4097 4098 4097 4097 4097 4097 4098 
1361 1218 6042 16383 1172 1282 1297 1239 1607 4096 4097 4096 4096 4096 4096 4097 
1338 1223 6052 16383 1173 1282 1297 1242 1608 4097 4098 4097 4097 4097 4097 4098 
1321 1222 6037 16383 1177 1284 1299 1242 1608 4097 4098 4097 4097 4097 4097 4098 
1370 1327 6037 16383 1174 1281 1298 1241 1607 2149 4098 4097 4097 4097 4097 4098 
1340 1302 6035 16383 1175 1283 1297 1243 1607 2156 4098 4097 4097 4097 4097 4098 
1317 1220 6047 16383 1175 1284 1295 1242 1608 4097 4098 4097 4097 4097 4097 4098 
1334 1227 6049 16383 1175 1283 1299 1242 1607 4096 4097 4096 4096 4096 4096 4097 
1319 1221 6046 16383 1175 1283 1299 1243 1608 4097 4098 4097 4097 4097 4097 4098 
1319 1225 6053 16383 1175 1282 1297 1241 1608 4097 4098 4097 4097 4097 4097 4098 
1321 1227 6045 16383 1175 1283 1299 1243 1608 4097 4098 4097 4097 4097 4097 4098 
1320 1223 6051 16383 1175 1283 1299 1242 1608 4097 4098 4097 4097 4097 4097 4098 
1335 1295 6031 16383 1173 1282 1295 1239 1607 2153 4098 4097 4097 4097 4097 4098 
1365 1227 6034 16383 1174 1281 1295 1241 1608 4097 4098 4097 4097 4097 4097 4098 
1347 1311 6043 16383 1173 1283 1298 1243 1608 2152 4097 4096 4096 4096 4096 4098 
1373 1305 6048 16383 1174 1281 1297 1239 1607 2168 4098 4097 4097 4097 4097 4098 
1322 1227 6038 16383 1175 1281 1298 1242 1608 4097 4098 4097 4097 4097 4097 4098 
1319 1223 6053 16383 1175 1283 1299 1243 1607 4097 4098 4097 4097 4097 4097 4098 
1338 1218 6037 16383 1175 1285 1299 1243 1609 4097 4098 4097 4097 4097 4097 4098 
1325 1223 6037 16383 1177 1283 1298 1239 1607 4097 4098 4097 4097 4097 4097 4098 
1329 1225 6045 16383 1174 1280 1295 1241 1609 4097 4098 4097 4097 4097 4097 4098 
1318 1219 6033 16383 1173 1282 1297 1239 1608 4097 4098 4097 4097 4097 4097 4098 
1355 1225 6048 16383 1174 1281 1295 1239 1608 4097 4098 4097 4097 4097 4097 4098 
1319 1227 6049 16383 1175 1281 1295 1241 1608 8191 4096 8191 8191 8191 8191 4096 
1308 1231 6030 16383 1172 1280 1295 1239 1607 4097 4098 4097 4097 4097 4097 4098 
1384 1314 6048 16383 1174 1283 1295 1241 1608 2152 4098 4097 4097 4097 4097 4098 
1319 1379 6050 16383 1175 1285 1298 1241 1608 2105 4098 4097 4097 4097 4097 4098 
1319 1231 6049 16383 1174 1281 1295 1242 1608 4096 4097 4096 4096 4096 4096 4097 
1327 1235 6033 16383 1175 1283 1299 1242 1608 4096 4097 4096 4096 4096 4096 4097 
1313 1215 6037 16383 1173 1281 1297 1239 1609 4097 4098 4097 4097 4097 4097 4098 
1321 1231 6031 16383 1173 1281 1297 1241 1609 4097 4098 4097 4097 4097 4097 4098 
1347 1287 6047 16383 1175 1281 1297 1241 1608 2146 4097 4096 4096 4096 4096 4097 
1341 1217 6030 16383 1175 1283 1299 1242 1608 4097 4098 4097 4097 4097 4097 4098 
1354 1222 6042 16383 1175 1282 1298 1239 1608 4097 4098 4097 4097 4097 4097 4098 
1330 1225 6046 16383 1175 1283 1299 1243 1609 4097 4098 4097 4097 4097 4097 4098 
1357 1311 6033 16383 1175 1285 1299 1241 1608 2149 4098 4097 4097 4097 4097 4098 
1322 1223 6037 16383 1174 1281 1298 1239 1608 4096 4097 4096 4096 4096 4096 4097 
1325 1220 6042 16383 1174 1283 1299 1243 1608 4097 4098 4097 4097 4097 4097 4098 
1348 1321 6031 16383 1175 1283 1298 1242 1607 2143 4098 4097 4097 4097 4097 4098 
1308 1218 6037 16383 1175 1283 1295 1239 1609 4098 4099 4098 4098 4098 4098 4099 
1319 1219 6033 16383 1174 1281 1295 1239 1608 4097 4098 4097 4097 4097 4097 4098 
1331 1218 6034 16383 1175 1284 1299 1245 1608 4097 4098 4097 4097 4097 4097 4098 
1355 1305 6031 16383 1177 1283 1301 1243 1607 2156 4098 4097 4097 4097 4097 4098 
1310 1219 6043 16383 1175 1283 1297 1242 1608 4097 4098 4097 4097 4097 4097 4098 
1321 1228 6041 16383 1175 1283 1298 1243 1608 4096 4097 4096 4096 4096 4096 4097 
1318 1223 6033 16383 1175 1283 1298 1242 1608 4097 4098 4097 4097 4097 4097 4098 
1320 1224 6031 16383 1177 1286 1300 1243 1609 4097 4098 4097 4097 4097 4097 4098 
1333 1225 6037 16383 1177 1283 1299 1243 1609 4097 4098 4097 4097 4097 4097 4098 
1327 1225 6039 16383 1173 1281 1299 1239 1608 4097 4098 4097 4097 4097 4097 4098 
1351 1363 6038 16383 1174 1281 1297 1242 1608 2137 4098 4097 4097 4097 4097 4098 
1326 1226 6031 16383 1177 1282 1299 1243 1609 4097 4098 4097 4097 4097 4097 4098 
1321 1220 6045 16383 1175 1283 1297 1243 1609 4096 4097 4096 4096 4096 4096 4097 
1359 1309 6043 16383 1175 1281 1299 1241 1607 2166 4098 4097 4097 4097 4097 4098 
1312 1219 6037 16383 1177 1282 1298 1243 1608 4097 4098 4097 4097 4097 4097 4098 
1349 1223 6039 16383 1173 1283 1298 1241 1608 4097 4098 4097 4097 4097 4097 4098 
1325 1225 6041 16383 1175 1284 1299 1243 1608 4097 4098 4097 4097 4097 4097 4098 
1319 1219 6050 16383 1173 1283 1298 1242 1607 4097 4098 4097 4097 4097 4097 4098 
1348 1309 6052 16383 1177 1283 1300 1242 1608 2156 4098 4097 4097 4097 4097 4098 
1332 1217 6047 16383 1173 1282 1295 1241 1607 4097 4098 4097 4097 4097 4097 4098 
1352 1307 6035 16383 1174 1281 1297 1241 1608 2140 4098 4097 4097 4097 4097 4098 
1313 1218 6035 16383 1172 1281 1295 1239 1607 4097 4098 4097 4097 4097 4097 4098 
1317 1229 6049 16383 1175 1282 1297 1240 1608 4097 4098 4097 4097 4097 4097 4098 
1322 1223 6037 16383 1177 1284 1299 1245 1608 4097 4098 4097 4097 4097 4097 4098 
1345 1291 6043 16383 1175 1282 1298 1243 1607 2149 4098 4097 4097 4097 4097 4098 
1322 1227 6035 16383 1174 1282 1297 1241 1608 4096 4097 4096 4096 4096 4096 4097 
1347 1319 6045 16383 1174 1281 1298 1239 1607 2144 4098 4097 4097 4097 4097 4098 
1403 1380 6046 16383 1175 1282 1298 1243 1607 2149 4098 4097 4097 4097 4097 4098 
1317 1226 6035 16383 1173 1282 1298 1242 1607 4097 4098 4097 4097 4097 4097 4098 
1313 1220 6040 16383 1175 1281 1300 1242 1609 4097 4098 4097 4097 4097 4097 4098 
1311 1225 6036 16383 1175 1283 1298 1242 1607 4097 4098 4097 4097 4097 4097 4098 
1323 1219 6037 16383 1175 1283 1297 1241 1608 4097 4098 4097 4097 4097 4097 4098 
1323 1222 6050 16383 1177 1283 1299 1241 1609 4097 4098 4097 4097 4097 4097 4098 
1318 1222 6045 16383 1173 1283 1298 1241 1608 4097 4098 4097 4097 4097 4097 4098 
1431 1326 6037 16383 1173 1282 1298 1240 1608 2158 4098 4097 4097 4097 4097 4098 
1333 1227 6047 16383 1174 1282 1295 1242 1608 4097 4098 4097 4097 4097 4097 4098 
1402 1351 6039 16383 1175 1282 1297 1241 1607 2133 4098 4097 4097 4097 4097 4098 
1315 1230 6039 16383 1175 1283 1295 1241 1608 4097 4098 4097 4097 4097 4097 4098 
1325 1230 6026 16383 1173 1282 1297 1239 1608 4097 4098 4097 4097 4097 4097 4098 
1314 1226 6033 16383 1175 1284 1299 1241 1609 4097 4098 4097 4097 4097 4097 4098 
1347 1398 6042 16383 1175 1285 1297 1243 1609 2123 4098 4097 4097 4097 4097 4098 
1353 1229 6031 16383 1175 1282 1299 1241 1609 4097 4098 4097 4097 4097 4097 4098 
1317 1229 6030 16383 1175 1283 1298 1241 1609 4097 4098 4097 4097 4097 4097 4098 
1313 1221 6051 16383 1174 1283 1299 1242 1609 4097 4098 4097 4097 4097 4097 4098 
1323 1235 6029 16383 1173 1282 1295 1239 1608 4096 4097 4096 4096 4096 4096 4097 
1310 1219 6031 16383 1174 1282 1298 1239 1609 4097 4098 4097 4097 4097 4097 4098 
1323 1222 6031 16383 1175 1285 1299 1242 1607 4097 4098 4097 4097 4097 4097 4098 
1359 1221 6039 16383 1175 1282 1299 1239 1608 4097 4098 4097 4097 4097 4097 4098 
1317 1219 6048 16383 1175 1283 1299 1241 1608 4097 4098 4097 4097 4097 4097 4098 
1332 1237 6036 16383 1175 1285 1299 1242 1608 4097 4098 4097 4097 4097 4097 4098 
1339 1327 6048 16383 1175 1285 1300 1243 1608 2148 4098 4097 4097 4097 4097 4098 
1319 1231 6039 16383 1174 1282 1299 1242 1608 4097 4098 4097 4097 4097 4097 4098 
1298 1225 6047 16383 1175 1282 1299 1241 1608 4097 4098 4097 4097 4097 4097 4098 
1319 1225 6044 16383 1175 1283 1297 1243 1608 4097 4098 4097 4097 4097 4097 4098 
1317 1221 6035 16383 1177 1284 1299 1243 1608 4097 4098 4097 4097 4097 4097 4098 
1318 1219 6030 16383 1174 1282 1298 1241 1608 4097 4098 4097 4097 4097 4097 4098 
1320 1227 6047 16383 1175 1281 1297 1239 1608 4097 4098 4097 4097 4097 4097 4098 
1311 1218 6039 16383 1174 1282 1298 1239 1608 4097 4098 4097 4097 4097 4097 4098 
1331 1227 6031 16383 1174 1282 1297 1238 1608 4097 4098 4097 4097 4097 4097 4098 
1365 1332 6048 16383 1174 1282 1297 1242 1608 2148 4098 4097 4097 4097 4097 4098 
1318 1223 6043 16383 1174 1282 1295 1241 1607 4097 4098 4097 4097 4097 4097 4098 
1384 1664 6040 16383 1175 1282 1298 1242 1608 2114 4098 4097 4097 4097 4097 4098 
1321 1229 6039 16383 1174 1281 1297 1241 1608 4097 4098 4097 4097 4097 4097 4098 
1320 1223 6035 16383 1175 1283 1298 1241 1607 4097 4098 4097 4097 4097 4097 4098 
1318 1235 6042 16383 1173 1283 1297 1241 1608 4097 4098 4097 4097 4097 4097 4098 
1317 1225 6041 16383 1174 1283 1297 1241 1608 4097 4098 4097 4097 4097 4097 4098 
1312 1216 6043 16383 1174 1280 1295 1239 1608 4097 4098 4097 4097 4097 4097 4098 
1335 1219 6031 16383 1175 1280 1297 1239 1608 4097 4098 4097 4097 4097 4097 4098 
1325 1223 6032 16383 1175 1283 1298 1241 1608 4097 4098 4097 4097 4097 4097 4098 
1320 1235 6031 16383 1175 1283 1299 1241 1608 4097 4098 4097 4097 4097 4097 4098 
1327 1219 6033 16383 1173 1281 1295 1239 1609 4097 4098 4097 4097 4097 4097 4098 
