1333 1420 331 2099
1350 1416 332 2107
1303 1414 2111 329
1348 1418 329 2095
1372 1416 329 2095
1334 1415 329 2093
1348 1418 329 2099
1329 1419 328 2059
1305 1420 2106 329
1361 1421 329 2100
1315 1414 330 2093
1335 1416 329 2093
1302 1417 2107 329
1299 1415 2096 328
1330 1416 328 2093
1374 1415 331 2101
1305 1416 2103 329
1301 1418 2100 329
1322 1417 329 2093
1340 1414 330 2092
1310 1419 2099 329
1335 1418 328 2091
1326 1416 329 2087
1297 1416 2089 328
1303 1418 2090 327
1318 1417 327 2087
1323 1418 328 2090
1316 1416 2080 327
1346 1418 330 2092
1346 1413 329 2089
1328 1417 329 378
1396 1420 330 2083
1390 1415 328 2088
1332 1419 328 2086
1304 1417 2097 327
1317 1418 2093 327
1300 1414 2090 327
1301 1415 2087 327
1307 1418 2089 328
1371 1419 330 2086
1345 1417 280 1896
1441 1420 329 2095
1294 1416 2098 328
1315 1418 328 2084
1307 1414 2090 328
1327 1420 329 2083
1302 1419 2084 329
1364 1420 326 2082
1304 1418 2089 329
1332 1419 326 2087
1347 1419 329 2082
1353 1418 330 2087
1303 1420 2096 327
1346 1414 327 2086
1334 1418 328 2091
1357 1418 328 2091
1376 1418 327 393
1292 1417 2091 326
1311 1418 2092 326
1357 1416 329 2085
1345 1418 328 2091
1310 1419 2094 327
1310 1417 2100 327
1303 1417 2097 329
1298 1415 2095 329
1308 1420 2096 328
1350 1418 329 2086
1311 1418 2109 327
1296 1421 2091 327
1331 1418 330 2088
1383 1416 329 386
1325 1418 328 2086
1298 1421 1724 257
1303 1421 2095 328
1307 1416 2095 328
1303 1418 2098 329
1322 1418 328 2094
1295 1417 2097 328
1330 1415 329 2087
1301 1416 2096 327
1299 1416 2098 330
1309 1416 2061 322
1304 1418 2072 324
1341 1418 328 2091
1316 1414 328 2085
1313 1418 2092 327
1337 1419 327 2089
1302 1417 2102 329
1387 1418 328 381
1364 1414 311 1975
1330 1418 328 2088
1362 1412 249 1630
1289 1416 2095 328
1297 1418 2090 328
1310 1418 2085 327
1350 1420 329 2089
1328 1419 329 2086
1301 1419 2096 329
1332 1417 328 2087
1298 1415 2096 329
1370 1417 330 2090
1399 1415 329 382
1418 1417 328 2087
1304 1420 2096 328
1309 1421 2093 327
1302 1419 2094 328
1345 1421 329 2084
1303 1420 2099 327
1299 1417 2097 329
1322 1419 2095 328
1311 1417 2090 329
1388 1415 328 386
1524 1417 328 2091
1298 1416 2092 329
1328 1415 327 2086
1326 1416 329 2090
1309 1417 2101 327
1306 1417 2099 328
1308 1421 2092 328
1299 1416 2094 327
1301 1414 2089 328
1331 1419 327 2088
1301 1415 2101 329
1392 1418 327 2088
1305 1415 2095 329
1335 1417 327 2084
1371 1416 327 2082
1340 1415 329 2086
1310 1421 2086 326
1305 1414 2086 327
1307 1418 2091 330
1301 1419 2092 328
1290 1418 2094 328
1345 1420 329 2082
1307 1420 1703 255
1338 1415 328 2083
1319 1418 326 2083
1366 1413 276 348
1308 1420 2092 329
1333 1420 329 2080
1302 1416 2089 327
1303 1417 1659 252
1340 1419 328 2086
1342 1418 327 2081
1327 1420 329 2085
1324 1417 327 2088
1350 1418 329 2084
1324 1417 327 2083
1342 1414 326 378
1314 1420 2099 328
1320 1417 314 2003
1294 1419 2087 326
1334 1413 326 2063
1316 1415 329 2082
1299 1419 2097 327
1335 1415 327 2081
1305 1417 2089 329
1321 1419 329 2082
1327 1418 328 2086
1340 1418 328 2091
1341 1419 327 2084
1365 1419 328 2090
1342 1417 328 2071
1324 1416 327 2086
1346 1415 327 2082
1307 1419 2097 327
1296 1419 2095 328
1295 1414 2091 328
1302 1415 2092 328
1298 1413 2098 328
1304 1419 2094 328
1302 1421 2096 329
1350 1419 327 2079
1311 1416 2094 329
1302 1423 2091 327
1292 1414 2087 327
1303 1418 2086 326
1305 1414 2086 328
1301 1416 2083 327
1295 1419 2082 326
1333 1418 325 2076
1309 1413 2080 326
1294 1420 2091 328
1337 1414 328 2079
1297 1414 2081 326
1335 1419 329 2078
1301 1419 2093 327
1306 1414 2083 326
1344 1419 328 2078
1330 1419 327 2078
1309 1420 2084 326
1291 1413 1669 254
1337 1416 328 2084
1335 1417 206 1498
1340 1418 328 2079
1297 1419 2082 328
1310 1416 2089 329
1337 1417 327 2072
1350 1417 328 2078
1354 1415 326 2080
1317 1418 2087 328
1401 1419 327 382
1329 1418 325 2076
1370 1416 328 2074
1380 1415 324 2063
1310 1418 2092 327
1295 1413 2088 327
1302 1420 2091 326
1332 1419 328 2082
1323 1419 2074 324
1354 1417 31 1086
1303 1416 2087 325
1331 1418 328 2091
1319 1418 328 2085
1306 1418 2089 327
1359 1417 328 2084
1375 1419 330 381
1326 1419 329 2081
1371 1418 326 2077
1315 1417 326 2077
1305 1417 2098 327
1306 1419 2083 327
1356 1416 328 2068
1338 1419 328 2072
1292 1415 2083 327
1341 1418 329 2074
1328 1419 328 2081
1314 1421 2091 328
1305 1415 330 2078
1317 1416 328 2082
1307 1420 2086 326
1350 1417 330 2087
1295 1413 2084 326
1345 1416 200 1398
1301 1415 2091 328
1297 1415 2090 328
1349 1418 328 2090
1381 1415 328 2080
1372 1419 328 2085
1355 1413 262 303
1304 1415 2092 327
1305 1418 2100 328
1338 1417 328 2086
1305 1416 2088 328
1371 1417 329 384
1310 1417 2089 328
1337 1417 329 2081
1302 1417 2083 328
1427 1418 329 392
1296 1415 2092 328
1386 1415 328 2078
1300 1414 2087 328
1342 1416 328 2077
1300 1417 2084 328
1309 1418 2086 328
1316 1419 2065 323
1334 1420 327 2077
1307 1422 2084 327
1352 1420 327 2077
1300 1415 2083 327
1338 1419 328 2075
1343 1416 326 2076
1291 1418 2083 327
1298 1420 2078 326
1297 1414 2087 325
1321 1418 326 2078
1307 1415 2091 327
1332 1416 329 2075
1309 1418 2082 327
1347 1418 328 2075
1361 1415 326 2072
1309 1419 2080 326
1411 1417 327 2078
1301 1415 2083 327
1293 1418 2087 328
1294 1413 2085 327
1344 1418 328 2077
1308 1418 2067 326
1346 1418 326 2076
1317 1419 2085 325
1329 1417 328 2075
1402 1417 327 384
1324 1417 327 2077
1316 1416 2090 326
1328 1415 328 2076
1297 1415 2086 326
1329 1415 328 2078
1295 1414 2088 328
1343 1419 327 2081
1305 1417 2085 326
1327 1414 327 2077
1292 1418 2081 327
1303 1415 2085 326
1307 1418 2079 326
1293 1418 2084 326
1331 1414 328 2070
1309 1413 2084 326
1373 1414 328 375
1334 1415 328 2075
1305 1414 2085 327
1306 1418 2082 325
1327 1421 30 27
1301 1416 2081 327
1288 1413 2079 326
1322 1419 329 2075
1321 1418 2083 327
1314 1415 327 2079
1303 1419 2085 326
1428 1415 327 381
1327 1420 327 2073
1299 1418 2086 324
1299 1420 2089 328
1337 1420 328 377
1318 1414 326 2072
1305 1419 2077 327
1287 1414 2080 327
1303 1418 2081 327
1354 1416 327 2074
1345 1418 316 2008
1330 1415 328 2069
1325 1419 321 2046
1446 1416 328 2076
1326 1419 328 2086
1297 1416 1724 256
1340 1419 327 2070
1354 1418 328 2086
1342 1418 270 1825
1332 1419 327 2083
1518 1418 326 388
1318 1417 326 2082
1494 1418 327 2084
1301 1418 2083 328
1288 1416 2085 327
1370 1419 328 379
1375 1420 327 2077
1417 1418 327 381
1332 1413 326 2079
1296 1415 2083 326
1363 1415 327 2080
1316 1417 2086 328
1328 1417 277 1882
1305 1419 2086 327
1347 1420 327 2084
1352 1417 327 382
1293 1419 2087 327
1303 1421 26 28
1290 1414 2085 325
1291 1418 2088 328
1303 1419 2088 330
1301 1419 2092 329
1318 1417 327 2078
1327 1416 327 2076
1303 1417 2076 325
1305 1415 2084 328
1349 1415 328 2080
1336 1415 327 2081
1302 1416 2084 326
1301 1419 2085 327
1309 1414 2079 327
1336 1415 253 1676
1319 1418 321 2044
1298 1415 1711 254
1307 1415 2089 326
1382 1415 329 2076
1352 1420 326 2077
1304 1419 2087 325
1279 1415 2083 326
1764 1421 329 2080
1339 1420 327 2076
1302 1415 2087 326
1298 1413 2083 326
1304 1421 327 2078
1308 1417 2081 327
1397 1417 326 2083
1313 1420 2087 327
1382 1418 327 2079
1306 1420 2085 326
1311 1414 2082 327
1306 1414 328 2077
1308 1419 2086 327
1571 1418 328 2081
1334 1419 328 2080
1377 1421 327 2074
1303 1414 1897 300
1369 1417 326 2079
1295 1417 2085 327
1332 1419 329 2073
1311 1420 327 2082
1297 1417 2099 329
1349 1414 328 2080
1326 1419 328 2075
1359 1417 327 2079
1307 1418 2084 327
1333 1418 326 2080
1332 1418 328 2075
1301 1420 2084 327
1307 1413 2092 328
1338 1418 328 2069
1380 1419 328 2079
1308 1419 2083 327
1337 1418 327 2073
1303 1418 2080 326
1299 1419 2079 327
1320 1414 328 2080
1306 1417 2080 326
1316 1416 2079 325
1305 1418 2079 326
1287 1416 2081 327
1302 1417 2084 327
1328 1417 328 2069
1301 1420 2086 325
1297 1416 2084 327
1386 1418 327 376
1314 1414 327 2075
1302 1416 2080 326
1304 1413 2080 326
1306 1417 2080 326
1339 1414 328 2073
1297 1417 2083 326
1287 1417 2078 327
1306 1416 2085 328
1357 1418 326 2079
1301 1414 2082 326
1351 1415 325 2072
1362 1420 327 2070
1301 1418 2076 324
1298 1419 2073 325
1301 1413 2077 326
1303 1414 2080 325
1301 1418 2080 325
1303 1415 2079 327
1313 1420 2081 327
1333 1420 328 2075
1358 1417 329 2078
1325 1418 326 2075
1290 1417 2079 326
1300 1419 2083 327
1329 1419 326 2067
1354 1416 327 2080
1295 1416 2088 327
1316 1418 2082 328
1293 1416 2084 327
1339 1418 328 2079
1320 1421 328 2083
1350 1417 328 2079
1317 1413 2088 326
1341 1420 0 2082
1348 1418 329 2085
1289 1418 2093 329
1314 1421 2089 328
1321 1413 329 2077
1351 1414 327 2081
1299 1417 2096 329
1305 1419 2091 328
1331 1415 329 2080
1307 1416 2083 326
1313 1420 2076 325
1378 1418 328 2075
1313 1414 328 2077
1317 1415 328 2072
1293 1414 1720 257
1320 1418 2046 321
1355 1415 328 2075
1282 1415 2082 327
1326 1418 326 2077
1401 1417 328 2076
1304 1413 2084 327
1334 1415 328 2081
1342 1418 327 2078
1335 1417 271 1828
1307 1420 2090 327
1306 1415 2079 326
1345 1415 307 1938
1309 1420 2083 327
1295 1417 2085 327
1397 1416 328 382
1334 1420 329 2076
1342 1419 328 2070
1292 1418 1917 306
1343 1419 327 2081
1334 1416 327 2084
1295 1416 2086 327
1353 1419 327 2080
1305 1422 2091 327
1305 1419 2093 327
1334 1418 329 2081
1306 1418 2091 330
1419 1415 329 382
1365 1417 327 2077
1303 1418 2090 327
1313 1415 2084 327
1329 1417 328 2079
1303 1418 2085 326
1336 1418 328 2077
1306 1415 2087 327
1373 1418 328 2082
1363 1419 329 2087
1298 1418 2078 327
1373 1415 326 382
1339 1421 329 2073
1330 1417 326 2075
1335 1418 326 2076
1304 1414 2083 327
1359 1417 329 2076
1332 1417 329 2073
1313 1418 2080 326
1309 1418 2076 326
1305 1416 2083 326
1304 1413 2080 325
1338 1415 329 2074
1366 1417 329 377
1319 1415 328 2077
1310 1415 1770 284
1306 1419 2085 327
1303 1414 2079 326
1369 1417 322 2041
1306 1419 2088 329
1296 1414 2082 327
1303 1413 2086 327
1310 1418 2087 328
1303 1419 2083 326
1318 1420 2088 329
1350 1418 326 2080
1338 1412 328 2075
1306 1413 2083 325
1335 1418 328 2077
1303 1415 2079 327
1321 1419 2081 326
1335 1419 328 2076
1340 1415 329 2079
1316 1416 329 2079
1313 1418 2085 327
1295 1419 2088 328
1304 1422 2090 328
1338 1418 327 2081
1340 1420 327 2079
1341 1420 314 1998
1332 1418 328 2081
1299 1418 2072 326
1314 1417 329 2079
1319 1418 329 2070
1350 1416 329 2077
1388 1416 327 2079
1330 1420 327 2077
1311 1421 326 2083
1301 1414 2084 328
1299 1414 2092 328
1344 1414 328 2080
1307 1417 2085 327
1346 1418 327 2073
1399 1418 326 386
1302 1414 29 26
1324 1419 328 2081
1361 1419 326 2083
1310 1420 2084 327
1299 1419 2080 325
1317 1417 327 2077
1382 1421 327 2074
1333 1417 326 2087
1315 1417 2086 328
1285 1422 2076 2072
1305 1420 1737 260
1304 1419 2087 327
1339 1413 330 2086
1360 1416 329 2087
1326 1418 328 2076
1321 1418 328 2083
1301 1418 2086 327
1291 1419 2087 327
1347 1417 328 2085
1305 1415 2094 328
1299 1416 2094 328
1311 1418 2094 329
1330 1417 329 2079
1290 1416 2092 327
1308 1419 2096 327
1311 1419 2006 314
1303 1418 2087 327
1355 1421 251 1624
1349 1413 326 2083
1338 1414 327 2089
1341 1417 326 2079
1298 1414 2085 330
1344 1421 327 2075
1298 1414 2083 327
1300 1417 1655 253
1351 1416 328 2079
1306 1418 2083 327
1302 1416 2089 328
1346 1419 327 2089
1345 1420 328 2088
1300 1420 2094 327
1300 1414 2097 329
1368 1417 328 2083
1355 1417 329 2091
1371 1416 329 2090
1338 1419 328 2091
1342 1417 329 2087
1357 1420 329 2086
1294 1420 2089 329
1342 1419 328 2082
1313 1414 330 2084
1303 1419 2096 328
1301 1418 2092 328
1320 1415 308 327
1301 1415 2092 328
1317 1416 327 2090
1339 1419 327 2086
1324 1418 328 2087
1402 1415 322 371
1326 1418 329 2091
1316 1418 328 2089
1280 1417 2098 328
1399 1420 329 385
1359 1416 327 2087
1309 1419 2093 330
1310 1420 2102 329
1294 1419 2095 327
1339 1416 329 2084
1326 1421 330 2084
1334 1418 329 2084
1329 1419 328 2086
1334 1420 330 2086
1299 1413 2090 328
1373 1415 329 2090
1330 1419 329 2092
1350 1420 330 2092
1301 1415 2098 328
1307 1420 2098 329
1370 1419 329 378
1291 1417 2102 329
1329 1416 328 382
1354 1417 283 1947
1388 1418 329 382
1299 1417 2095 329
1308 1418 2085 325
1315 1418 2076 325
1302 1415 1920 306
1360 1416 328 2089
1305 1415 2093 330
1335 1420 328 2081
1326 1415 326 2088
1306 1414 2098 328
1333 1416 330 2089
1332 1419 326 2069
1291 1419 2093 329
1352 1414 327 2089
1339 1414 330 2082
1300 1418 2097 327
1331 1416 328 2080
1340 1419 328 2085
1328 1420 31 916
1310 1417 2089 327
1392 1414 328 2086
1334 1418 328 2082
1292 1415 2092 327
1306 1418 2089 327
1359 1420 329 2082
1311 1416 328 2075
1299 1415 2097 329
1312 1418 2089 327
1303 1419 2098 327
1309 1418 2087 328
1345 1418 329 2082
1365 1416 329 2085
1328 1419 328 2077
1332 1415 329 2084
1351 1418 326 2080
1395 1415 328 379
1345 1420 327 2083
1351 1419 328 2087
1309 1418 2087 326
1307 1418 1910 304
1295 1415 2093 330
1325 1417 329 2084
1315 1420 2086 327
1323 1418 328 2087
1383 1413 328 2085
1328 1414 328 2080
1315 1419 328 2082
1371 1419 327 2080
1309 1416 2090 327
1301 1416 2090 327
1286 1419 2101 328
1350 1416 250 1629
1302 1419 2088 329
1291 1417 2092 327
1359 1418 328 2089
1324 1416 329 2091
1328 1414 330 2078
1429 1419 330 382
1371 1414 327 382
1384 1415 323 366
1337 1419 328 2079
1301 1420 2090 326
1299 1416 2090 327
1478 1414 329 2078
1333 1420 327 2083
1309 1418 2087 329
1308 1416 330 2083
1304 1414 2086 327
1326 1415 327 2082
1315 1417 2084 326
1382 1418 328 2083
1299 1417 2089 328
1306 1414 2082 327
1290 1419 2090 327
1356 1418 326 2082
1439 1419 328 2078
1324 1420 328 2079
1302 1416 2088 328
1333 1421 329 2074
1307 1419 2084 329
1325 1416 329 2078
1346 1419 328 2072
1316 1416 2078 326
1305 1418 2080 327
1310 1414 2075 326
1343 1416 323 2038
1338 1417 329 2076
1309 1418 2081 327
1303 1415 2081 324
1351 1418 327 2079
1345 1420 302 1899
1306 1416 2086 327
1307 1418 2095 329
1298 1416 2085 329
1386 1420 329 2074
1314 1420 2084 328
1314 1415 329 2078
1341 1418 328 376
1323 1419 328 2075
1347 1419 327 2077
1307 1418 2091 327
1339 1414 329 381
1361 1417 329 2077
1308 1418 2080 327
1302 1418 1803 291
1331 1419 328 2078
1344 1417 326 2080
1335 1415 329 2080
1361 1415 327 2078
1313 1419 327 2081
1312 1417 2086 326
1308 1416 2088 328
1377 1420 329 380
1297 1415 2097 328
1332 1419 328 2084
1338 1421 327 2082
1347 1417 328 2080
1330 1418 326 2089
1363 1420 271 311
1332 1418 328 2088
1289 1413 2092 328
1323 1416 329 2080
1346 1419 327 2076
1334 1417 328 2085
1313 1414 330 2083
1343 1421 329 2085
1305 1416 2085 328
1306 1418 2089 327
1309 1420 2084 327
1356 1415 328 2080
1340 1420 328 2088
1332 1415 329 2085
1339 1413 328 2079
1334 1418 317 2009
1387 1419 325 382
1349 1414 328 2090
1326 1416 329 2075
1327 1415 328 2083
1425 1418 330 380
1339 1417 329 2086
1326 1416 327 2081
1317 1416 2091 329
1306 1416 2093 330
1298 1416 2086 327
1393 1414 328 2084
1350 1417 328 2087
1292 1419 2093 329
1337 1415 328 2084
1303 1417 2090 327
1305 1418 2086 328
1343 1422 329 2088
1336 1420 329 2092
1310 1417 2077 326
1303 1420 2095 329
1302 1415 2090 329
1304 1417 2086 328
1350 1418 328 394
1318 1416 2089 328
1333 1417 328 2084
1295 1414 2091 328
1306 1415 329 2090
1281 1413 2088 326
1333 1418 328 2080
1307 1417 2094 327
1311 1422 2085 328
1306 1414 2081 326
1342 1414 328 2081
1326 1414 328 2076
1312 1420 2087 328
1300 1416 2086 328
1343 1418 328 2080
1308 1419 2084 328
1291 1414 2092 326
1303 1418 2089 329
1362 1417 328 2083
1399 1417 330 385
1314 1418 2088 328
1332 1417 322 2051
1363 1419 327 2085
1329 1418 328 2082
1303 1413 2086 328
1324 1420 203 1435
1383 1413 328 387
1309 1417 2086 328
1310 1420 2085 327
1306 1417 2083 326
1373 1415 327 2082
1328 1415 329 2083
1315 1416 325 2077
1369 1415 328 2080
1304 1418 2086 327
1388 1419 328 2076
1349 1421 327 2083
1304 1419 2084 328
1291 1418 2082 327
1366 1415 327 387
1372 1418 327 2077
1327 1416 328 2076
1314 1422 1921 308
1311 1416 2084 327
1348 1418 328 2081
1333 1419 329 2085
1336 1417 322 2041
1305 1419 2085 329
1343 1419 327 2083
1381 1418 330 2086
1306 1417 2094 327
1318 1419 328 2082
1330 1416 329 2079
1299 1413 2090 328
1335 1415 326 2083
1319 1415 328 2085
1303 1419 2086 327
1302 1421 2089 328
1335 1420 325 2086
1337 1417 323 2053
1305 1420 1063 201
1332 1420 329 2082
1376 1419 328 2082
1339 1413 326 2084
1326 1419 328 2084
1302 1418 2086 328
1304 1415 2089 329
1373 1420 329 2077
1318 1417 30 27
1301 1415 2091 329
1337 1418 329 2075
1421 1416 330 2075
1301 1416 26 29
1349 1418 253 1664
1307 1418 2086 328
1309 1418 2090 328
1318 1418 331 2089
1310 1416 329 2084
1290 1420 2091 328
1420 1418 327 2082
1338 1418 328 2078
1326 1416 329 2088
1304 1416 2095 329
1327 1416 329 2089
1331 1420 328 2080
1330 1420 327 2082
1305 1418 2092 328
1303 1415 2091 328
1313 1417 2091 328
1303 1416 2093 328
1302 1417 2098 329
1319 1420 328 2086
1285 1414 2099 329
1332 1417 321 2028
1303 1416 2090 327
1375 1421 328 386
1305 1415 2089 327
1363 1417 329 2085
1390 1418 328 2088
1346 1418 328 393
1340 1418 328 2084
1301 1419 2019 316
1330 1417 329 2080
1310 1419 2087 328
1345 1415 327 2080
1292 1414 2103 327
1301 1419 2090 330
1327 1415 322 2045
1322 1419 329 2084
1307 1421 2080 326
1310 1421 2085 328
1329 1420 330 2090
1302 1418 2091 328
1340 1418 328 2088
1336 1418 329 2084
1305 1414 2089 327
1331 1414 328 2084
1294 1415 2086 328
1334 1418 328 2081
1296 1415 2089 329
1323 1417 328 2082
1430 1421 327 382
1334 1414 117 1206
1333 1418 328 2081
1359 1419 326 2081
1316 1421 329 2084
1415 1418 330 2080
1374 1419 328 2084
1327 1419 327 2078
1473 1420 327 2078
1301 1418 2080 327
1319 1417 327 2074
1340 1419 328 2087
1307 1420 2081 328
1306 1416 1934 307
1332 1420 327 2077
1323 1419 328 2074
1386 1417 74 1084
1340 1415 327 2080
1319 1420 2085 329
1310 1418 2081 326
1295 1413 2082 326
1301 1415 2090 326
1331 1418 327 2075
1308 1419 2086 328
1294 1420 2081 327
1350 1417 327 2075
1310 1416 2074 325
1295 1415 2084 327
1342 1419 326 2075
1339 1420 329 2072
1335 1419 328 2072
1328 1420 327 2078
1338 1415 328 2080
1306 1415 2092 327
1312 1418 327 2075
1334 1418 327 2072
1318 1417 2087 327
1312 1416 2081 326
1303 1415 2084 325
1359 1415 330 379
1299 1418 2084 325
1346 1418 328 2078
1326 1418 327 2081
1338 1421 321 2047
1356 1418 159 1311
1331 1415 329 2082
1343 1417 327 2072
1305 1416 2083 329
1313 1420 2090 329
1370 1419 314 365
1365 1417 327 2080
1355 1418 328 2079
1331 1418 329 2078
1334 1416 314 1979
1299 1419 2089 327
1300 1418 2088 327
1297 1418 2089 327
1377 1416 329 382
1293 1419 2086 330
1391 1415 268 343
1340 1418 328 2088
1302 1418 2092 328
1389 1418 329 382
1297 1414 2101 329
1403 1417 327 387
1333 1421 328 2089
1338 1418 326 2058
1339 1415 329 2080
1291 1420 2091 329
1333 1415 326 2070
1327 1420 327 2083
1286 1415 2086 328
1340 1417 328 2086
1339 1417 330 2082
1335 1418 327 2080
1289 1418 2106 329
1399 1420 329 384
1307 1421 2085 329
1321 1415 328 2068
1390 1414 329 2084
1305 1417 2084 326
1307 1416 2086 327
1298 1416 2076 326
1330 1419 329 2077
1302 1417 2090 328
1355 1420 329 2079
1326 1419 328 2078
1303 1415 2080 326
1419 1419 329 2079
1311 1415 2081 326
1335 1419 329 2076
1311 1419 2090 329
1335 1419 329 2080
1298 1415 1865 298
1352 1418 329 2081
1318 1417 327 2082
1330 1415 244 1565
1299 1419 2090 328
1335 1419 327 2074
1299 1416 1916 304
1301 1419 2088 328
1326 1414 327 2081
1303 1418 2093 329
1352 1416 28 24
1303 1414 2088 329
1303 1418 2084 326
1295 1413 2090 326
1314 1419 2089 329
1323 1413 326 2085
1287 1418 2080 328
1333 1421 330 2075
1338 1416 326 2075
1307 1420 2081 328
1303 1416 2087 327
1314 1414 329 2079
1325 1419 326 2076
1335 1416 327 2081
1391 1418 328 2076
1306 1416 25 28
1364 1418 327 2078
1304 1418 2083 327
1327 1418 324 2056
1304 1418 2088 327
1301 1418 2081 327
1336 1413 329 2072
1306 1418 2078 326
1331 1417 329 2078
1367 1417 328 373
1323 1414 326 2072
1308 1417 2084 327
1341 1419 326 2075
1394 1420 329 2072
1307 1419 2079 327
1306 1417 2084 328
1331 1419 328 2078
1367 1417 327 2081
1284 1419 2093 329
1339 1418 328 2079
1366 1416 328 2072
1326 1417 327 2075
1323 1417 327 2073
1304 1417 328 2065
1402 1419 326 2073
1398 1416 329 2071
1341 1417 326 2081
1380 1418 326 2078
1346 1420 329 2069
1305 1418 2079 324
1347 1418 330 2075
1335 1416 327 2072
1374 1419 326 2069
1332 1420 328 2072
1303 1417 2078 327
1307 1419 2083 327
1321 1418 328 2075
1295 1417 2085 327
1298 1420 2083 327
1300 1418 2084 326
1358 1418 327 2072
1356 1421 327 2076
1342 1418 326 2078
1373 1419 326 2077
1306 1416 2085 328
1397 1418 328 396
1339 1413 327 372
1304 1418 2085 326
1342 1418 328 2073
1334 1418 328 2070
1329 1415 329 2081
1306 1420 2085 327
1300 1415 2079 327
1314 1420 2079 327
1295 1419 2084 328
1328 1420 329 2071
1336 1416 329 2075
1299 1418 2081 326
1350 1417 328 2074
1291 1416 1971 314
1326 1419 328 2079
1332 1417 328 2076
1375 1418 328 379
1339 1419 329 2079
1385 1418 327 2075
1334 1414 327 2076
1354 1417 327 2078
1308 1416 2083 327
1290 1415 2078 326
1379 1416 327 382
1342 1419 328 2081
1324 1417 329 2076
1304 1414 2084 327
1335 1416 328 2070
1337 1418 247 1616
1305 1414 2076 325
1340 1420 325 2072
1313 1417 2076 327
1300 1419 27 29
1324 1417 327 2075
1326 1419 2082 327
1302 1415 2083 325
1344 1420 327 2074
1312 1419 2080 327
1330 1419 329 2077
1315 1420 2089 327
1352 1418 330 2076
1344 1418 327 2079
1306 1417 2081 328
1303 1417 2077 326
1313 1419 1880 300
1305 1414 2090 329
1372 1418 329 2085
1327 1416 328 2073
1331 1416 328 2075
1343 1419 327 2070
1331 1417 329 2074
1389 1421 329 381
1344 1417 327 2076
1331 1414 326 2070
1302 1420 2082 327
1314 1416 2079 325
1307 1416 2076 326
1330 1419 327 2075
1324 1415 327 2075
1310 1418 2076 326
1292 1416 2083 327
1289 1418 2083 326
1317 1419 328 2071
1309 1416 2079 327
1343 1418 328 2077
1300 1415 2083 327
1313 1419 2085 328
1315 1419 2065 325
1330 1415 329 2081
1305 1416 2088 328
1297 1419 2087 327
1353 1415 328 2077
1304 1418 2082 327
1338 1419 330 2079
1337 1422 327 2077
1302 1417 2090 328
1307 1418 2090 328
1305 1415 2082 328
1362 1418 329 2086
1375 1415 329 2079
1301 1417 2088 329
1299 1420 2092 328
1333 1415 265 1778
1296 1416 2087 328
1307 1420 2087 327
1338 1413 329 2080
1308 1414 2085 328
1291 1418 2082 325
1310 1415 2079 327
1396 1415 325 2079
1338 1416 326 2073
1332 1417 328 2075
1339 1418 325 2080
1333 1415 328 2078
1305 1421 2087 329
1331 1418 327 2079
1345 1420 327 2086
1344 1418 327 2076
1299 1418 2083 327
1335 1414 327 2072
1331 1415 327 2078
1304 1417 2082 326
1302 1417 2053 321
1304 1419 2080 326
1307 1415 2083 328
1311 1418 2085 327
1298 1419 2082 327
1305 1418 2081 327
1399 1416 329 380
1327 1418 325 2075
1305 1420 2084 327
1335 1415 328 2089
1302 1416 2091 326
1300 1418 2081 326
1319 1416 329 2076
1301 1413 2086 327
1324 1415 326 2076
1295 1415 2083 328
1301 1418 2080 327
1379 1414 327 2072
1299 1418 2087 328
1335 1415 328 2073
1345 1415 328 2073
1298 1420 2085 326
1329 1417 327 2078
1301 1422 2076 325
1313 1413 328 2073
1340 1419 329 2069
1296 1416 2079 327
1341 1414 329 2077
1381 1420 329 378
1343 1418 327 2071
1383 1416 327 376
1311 0 2084 327
1394 1417 327 382
1307 1414 2080 326
1323 1418 328 2073
1350 1414 328 2072
1309 1418 1277 201
1294 1419 2079 327
1313 1419 2082 327
1323 1418 328 2081
1318 1418 326 2075
1339 1416 323 379
1298 1417 2080 326
1320 1417 329 2077
1323 1415 326 2068
1293 1414 2084 326
1294 1414 2077 326
1344 1420 328 2073
1330 1416 326 2069
1331 1415 326 2071
1307 1418 328 2073
1312 1418 1656 254
1314 1417 2078 328
1436 1416 328 378
1306 1418 2078 327
1350 1414 329 2073
1295 1414 2079 327
1355 1417 329 2078
1279 1414 2080 327
1336 1416 329 2072
1379 1420 326 382
1300 1416 2076 326
1302 1416 2088 327
1378 1418 327 383
1341 1416 327 2073
1322 1415 328 2071
1335 1415 323 2053
1339 1415 328 2077
1362 1419 328 2082
1301 1418 2078 327
1327 1417 315 1995
1307 1415 2075 326
1446 1419 328 383
1327 1416 327 2077
1321 1421 2088 325
1327 1415 327 2075
1310 1418 2080 327
1324 1417 326 2080
1308 1418 2085 328
1354 1417 330 2078
1325 1419 328 2088
1321 1416 328 2072
1298 1414 1975 314
1343 1418 326 2070
1335 1418 262 1759
1305 1418 2086 327
1345 1418 326 2075
1382 1418 329 2084
1338 1417 328 2075
1332 1417 329 2081
1309 1419 2089 329
1330 1418 206 1484
1308 1418 2081 327
1383 1418 326 2080
1338 1420 327 2083
1293 1416 2084 327
1305 1416 2081 328
1308 1416 2091 330
1330 1419 326 2080
1355 1416 327 381
1310 1418 2077 327
1330 1414 328 2079
1305 1420 2086 327
1323 1415 328 2079
1304 1422 2080 327
1351 1419 328 2079
1332 1412 327 2078
1337 1419 31 911
1351 1415 327 374
1303 1415 2082 327
1304 1417 2088 327
1371 1421 328 2076
1313 1414 328 2076
1342 1417 326 2073
1335 1417 270 1829
1310 1418 2084 327
1301 1418 2089 326
1303 1418 2086 328
1318 1417 2093 329
1309 1416 2083 327
1388 1417 327 381
1307 1418 2079 327
1397 1419 330 2082
1302 1418 2083 327
1301 1422 2078 326
1294 1418 2080 328
1333 1418 326 2076
1330 1416 327 2078
1333 1419 328 2079
1352 1418 326 2077
1308 1413 2083 327
1373 1417 328 384
1287 1418 2077 327
1335 1415 326 2071
1295 1418 2077 326
1341 1419 327 2083
1396 1418 326 379
1281 1415 2063 323
1331 1422 328 2073
1342 1415 328 2077
1302 1418 2085 327
1428 1419 325 386
1350 1417 328 2076
1460 1418 196 241
1308 1418 2078 327
1346 1415 326 2077
1303 1418 2084 326
1325 1419 328 2074
1333 1415 329 2071
1325 1417 328 2075
1298 1418 2080 326
1334 1417 328 2068
1346 1419 311 1971
1369 1413 326 2073
1331 1413 326 2069
1406 1418 327 2076
1371 1418 326 2072
1306 1421 2081 328
1308 1423 2083 327
1330 1417 326 2071
1306 1415 2076 326
1321 1417 2078 327
1299 1417 2081 325
1323 1418 328 2077
1339 1416 327 2074
1305 1414 2083 327
1306 1420 2082 327
1362 1421 326 2073
1304 1416 2079 327
1325 1419 327 2074
1322 1418 2011 314
1332 1414 326 2073
1335 1413 327 2074
1389 1420 329 2074
1339 1421 329 2074
1308 1412 2067 324
1303 1417 2080 325
1331 1417 328 2078
1306 1417 2075 327
1303 1415 2079 325
1349 1421 326 2071
1330 1417 326 2079
1295 1418 2091 328
1332 1414 328 2078
1346 1415 328 2080
1337 1418 329 2075
1308 1418 2084 326
1297 1418 2078 326
1315 1415 2093 329
1338 1419 328 2075
1409 1420 328 2075
1340 1416 326 2072
1313 1418 327 2072
1346 1419 327 2075
1315 1416 2079 327
1347 1416 327 2074
1303 1418 2079 327
1302 1418 2083 326
1336 1417 328 2081
1356 1415 326 378
1305 1418 2079 327
1288 1418 2080 326
1325 1418 328 2072
1344 1415 328 2073
1385 1417 328 390
1305 1419 2076 326
1326 1414 328 2065
1362 1418 328 2073
1347 1413 326 2072
1292 1418 2046 321
1455 1417 327 388
1289 1415 2082 326
1304 1420 2080 328
1317 1420 2086 327
1371 1418 329 2075
1305 1420 2079 327
1309 1417 2082 327
1349 1418 326 2069
1339 1418 327 2080
1373 1422 29 26
1303 1418 2079 327
1368 1416 311 1955
1315 1419 2085 327
1306 1418 2073 327
1335 1414 328 2070
1308 1419 2086 327
1294 1413 2082 325
1317 1420 2086 327
1294 1418 2080 327
1303 1415 2079 326
1308 1413 2084 325
1291 1415 2083 327
1335 1419 328 2075
1332 1419 327 2078
1334 1417 329 2078
1302 1417 2083 327
1327 1418 329 2082
1313 1419 328 2070
1309 1414 2081 327
1294 1417 2080 327
1337 1414 328 2080
1333 1415 328 2071
1327 1414 328 2076
1356 1416 328 2073
1339 1415 326 2073
1347 1418 327 2076
1308 1414 2085 325
1316 1417 2081 327
1294 1418 2086 328
1337 1419 327 2080
1342 1418 328 2078
1311 1418 327 2084
1293 1413 2091 327
1334 1420 264 1772
1305 1417 2084 328
1303 1418 2083 326
1349 1419 329 2072
1301 1419 2080 326
1293 1414 2087 327
1333 1419 330 2085
1299 1419 2091 328
1351 1419 329 2079
1300 1415 2085 328
1337 1413 328 2071
1341 1415 327 2078
1302 1417 2089 328
1300 1418 2083 330
1322 1413 321 2047
1299 1420 2083 327
1382 1420 326 2080
1362 1416 327 2081
1380 1418 327 386
1303 1416 2080 325
1303 1414 2083 327
1301 1418 2084 328
1300 1416 2076 327
1303 1417 2079 326
1489 1416 328 2072
1347 1415 327 2072
1305 1415 2080 327
1295 1414 2084 325
1434 1416 329 2074
1303 1417 2082 327
1341 1414 327 2079
1318 1418 328 2085
1303 1418 1963 314
1297 1415 2086 328
1364 1417 329 378
1322 1415 30 27
1371 1416 328 2085
1327 1416 328 2083
1307 1418 2091 328
1330 1419 321 2010
1446 1414 328 2084
1330 1417 327 2080
1299 1418 2091 328
1340 1416 327 2083
1327 1419 327 2083
1301 1418 2084 327
1370 1417 329 2073
1303 1419 2087 327
1331 1422 326 2079
1349 1418 328 2078
1299 1418 2090 327
1338 1418 326 2085
1331 1419 325 2064
1330 1416 327 2076
1301 1417 2086 327
1304 1418 28 155
1295 1414 2086 326
1342 1421 328 2084
1323 1418 328 2084
1315 1419 2086 327
1301 1419 2088 327
1360 1417 329 2078
1302 1417 2086 328
1305 1420 2085 328
1307 1418 2089 330
1309 1418 2088 329
1333 1415 329 2085
1339 1418 327 2079
1397 1417 328 2081
1366 1422 327 2080
1298 1414 2088 327
1316 1418 329 2083
1294 1419 2093 327
1310 1420 329 2080
1303 1419 2096 329
1306 1415 329 2080
1288 1416 2089 328
1315 1419 2088 327
1303 1417 2093 330
1339 1417 328 2088
1342 1418 327 2085
1340 1417 327 2087
1349 1420 328 2087
1297 1415 2087 328
1337 1418 328 2087
1298 1417 2090 327
1500 1420 329 2081
1358 1422 327 2081
1357 1419 329 2080
1378 1422 328 379
1381 1415 331 2088
1303 1418 2102 328
1294 1418 2094 329
1295 1418 2089 329
1366 1415 327 2084
1310 1418 2092 329
1313 1422 2089 328
1359 1419 327 2082
1305 1416 2083 326
1307 1417 2097 328
1316 1418 2092 329
1357 1420 328 2084
1333 1420 328 2083
1319 1419 328 2089
1331 1417 328 2086
1298 1414 2094 328
1305 1418 2090 328
1350 1415 329 2085
1314 1415 2101 329
1302 1417 2085 327
1289 1417 2096 327
1333 1417 328 2089
1322 1415 329 2083
1304 1416 2089 328
1309 1416 2088 326
1347 1414 271 1846
1331 1418 327 2082
1369 1418 327 396
1314 1417 2092 327
1338 1416 328 2081
1330 1418 327 2078
1354 1415 327 2082
1304 1418 2083 326
1295 1419 2088 328
1304 1418 2088 328
1299 1417 2099 328
1300 1414 2090 327
1299 1414 2087 329
1353 1413 328 2085
1310 1415 2105 329
1327 1414 329 2097
1325 1415 327 2086
1306 1419 2092 327
1308 1418 2088 326
1350 1416 329 2087
1303 1419 2098 329
1378 1414 328 2083
1306 1413 2087 328
1304 1419 2094 328
1337 1416 329 2091
1311 1416 2104 328
1307 1422 27 29
1383 1418 258 301
1335 1419 329 2091
1307 1418 2094 329
1384 1419 329 2094
1317 1419 2091 327
1310 1418 2091 328
1353 1418 328 2088
1300 1417 2089 327
1312 1421 2090 327
1349 1417 328 2085
1330 1414 327 2082
1333 1418 30 26
1351 1416 327 2080
1339 1420 327 2085
1375 1414 327 2075
1378 1417 328 384
1290 1415 2088 326
1303 1416 2093 327
1348 1420 326 2093
1322 1418 326 2084
1311 1418 2070 324
1323 1418 329 2084
1305 1415 2088 328
1354 1418 329 2080
1327 1413 329 2089
1346 1419 327 2086
1301 1419 2087 326
1309 1418 2087 328
1356 1418 326 2083
1342 1415 328 2086
1302 1417 2096 329
1365 1418 328 382
1337 1419 328 2090
1314 1421 1972 313
1310 1421 2096 328
1298 1418 2096 328
1327 1419 327 2081
1345 1418 329 2087
1338 1416 329 2088
1297 1414 2097 328
1331 1418 328 2089
1336 1416 327 2086
1342 1419 327 2085
1365 1418 326 2083
1302 1419 2110 329
1329 1418 330 2091
1334 1419 327 2091
1383 1416 328 2094
1331 1419 329 2088
1327 1418 329 2092
1289 1415 2101 330
1333 1419 329 2089
1322 1416 328 2089
1342 1418 330 2091
1339 1420 328 2094
1298 1417 2093 328
1287 1419 2093 327
1361 1416 328 2092
1380 1420 332 2108
1303 1413 2070 325
1304 1415 2097 329
1332 1416 327 2091
1327 1419 330 2088
1305 1417 2092 329
1352 1420 330 2092
1355 1419 328 2091
1346 1415 328 2090
1340 1417 330 2088
1335 1417 327 2092
1342 1416 329 2089
1321 1421 2108 328
1292 1418 2094 327
1351 1418 328 2091
1296 1413 2098 328
1355 1417 329 2088
1377 1417 328 2090
1328 1421 326 2089
1300 1417 2104 331
1444 1418 275 357
1341 1421 329 2098
1329 1418 328 2090
1307 1415 2096 329
1355 1415 329 2093
1306 1415 2110 329
1314 1419 2108 330
1347 1419 331 2111
1292 1416 2111 330
1298 1414 2107 328
1295 1417 2102 329
1331 1420 329 2095
1300 1416 2096 328
1298 1418 2095 328
1316 1421 2094 329
1333 1419 329 2089
1298 1414 714 200
1302 1421 2102 328
1337 1420 327 2090
1367 1420 326 2094
1329 1417 329 2099
1308 1415 2103 329
1328 1416 328 2093
1320 1415 329 2089
1346 1418 328 2092
1303 1418 2111 329
1299 1415 2107 328
1346 1413 329 2095
1305 1417 2099 328
1335 1416 329 2095
1393 1419 328 2099
1474 1413 328 2099
1321 1418 330 2094
1303 1414 2106 329
1335 1414 332 2096
1341 1416 329 2092
1402 1420 327 2092
1355 1418 326 2094
1297 1415 2105 329
1342 1417 331 2092
1354 1419 329 2094
1287 1415 2107 328
1307 1418 2100 329
1339 1418 331 2102
1338 1414 327 2099
1344 1419 332 2101
1305 1417 2106 329
1316 1421 1938 306
1306 1418 2109 327
1342 1416 328 2094
1388 1416 329 2099
1352 1418 329 2092
1321 1415 332 2104
1308 1418 2098 329
1338 1415 330 2094
1352 1417 331 2097
1354 1419 327 383
1305 1418 2117 329
1313 1415 330 2093
1320 1417 2099 328
1332 1419 330 2096
1419 1419 329 389
1344 1417 328 2093
1336 1418 329 2092
1331 1421 329 2094
1296 1413 2100 329
1333 1419 159 1348
1323 1417 330 2096
1416 1420 329 2094
1304 1418 2100 329
1419 1420 330 2097
1345 1419 329 2091
1309 1420 2097 328
1301 1412 2106 329
1334 1415 330 2099
1332 1420 321 2020
1387 1420 329 380
1310 1419 2098 329
1315 1417 2105 328
1342 1416 329 2096
1303 1420 2101 328
1301 1415 2105 328
1321 1419 2096 329
1334 1419 328 2098
1351 1416 330 2090
1440 1417 327 2094
1342 1420 204 1453
1356 1416 331 2098
1298 1417 2110 327
1331 1416 330 2098
1325 1417 332 2108
1347 1419 330 2099
1343 1418 330 2096
1287 1418 2111 328
1348 1416 330 2097
1401 1416 327 388
1332 1420 284 1955
1347 1418 329 2091
1324 1412 329 2098
1296 1416 1812 290
1302 1418 2104 329
1332 1418 328 2098
1299 1416 2103 329
1301 1414 2097 329
1342 1414 330 2097
1337 1415 330 2098
1302 1416 27 30
1330 1417 329 2095
1340 1415 328 2095
1353 1415 327 377
1303 1414 2105 329
1334 1420 329 2102
1358 1419 329 2099
1327 1419 329 2093
1315 1415 2113 327
1327 1419 330 2097
1308 1418 28 192
1305 1419 2107 328
1379 1417 331 2106
1307 1417 2114 329
1330 1418 328 2102
1320 1415 329 2101
1334 1417 331 2099
1303 1419 2099 327
1324 1418 331 2100
1355 1418 331 2099
1292 1418 2114 329
1306 1420 25 28
1317 1421 331 2100
1299 1415 2106 329
1314 1419 329 2102
1410 1418 329 2096
1285 1416 2110 327
1351 1417 329 2095
1341 1418 332 2111
1370 1418 329 376
1294 1417 2104 329
1378 1418 331 2112
1306 1419 2107 328
1339 1419 325 2070
1331 1416 330 2102
1330 1418 318 2030
1288 1416 2107 329
1305 1416 2110 329
1356 1415 331 2094
1303 1420 2103 329
1358 1416 328 2093
1321 1416 331 2101
1302 1416 2100 328
1327 1418 331 2098
1343 1417 329 2093
1441 1415 328 383
1305 1415 2103 329
1356 1415 330 2092
1351 1416 329 2103
1297 1418 2100 328
1361 1419 330 2096
1305 1418 2102 328
1362 1415 328 2095
1305 1414 2101 329
1347 1417 280 1900
1390 1415 326 384
1332 1416 328 2099
1341 1418 329 2098
1371 1419 328 2095
1360 1418 330 2098
1307 1418 2105 329
1354 1416 330 382
1301 1418 2098 328
1304 1419 2108 329
1302 1413 1908 301
1338 1419 329 2097
1304 1419 2105 329
1302 1417 2105 329
1324 1416 330 2095
1327 1416 329 2095
1301 1418 2107 327
1298 1417 2113 329
1302 1418 2111 328
1288 1415 2107 328
1300 1417 2102 329
1327 1417 331 2102
1311 1416 330 2096
1304 1419 2074 323
1305 1417 2107 329
1314 1415 2104 327
1353 1418 318 2016
1363 1421 330 2100
1298 1415 2111 329
1304 1415 329 2094
1329 1413 329 2097
1333 1419 329 2099
1313 1414 329 2099
1301 1417 2106 328
1384 1417 328 396
1305 1418 2108 327
1318 1412 328 2098
1550 1415 330 2099
1379 1418 328 384
1342 1421 329 2098
1324 1413 332 2103
1337 1413 330 2098
1333 1415 272 1858
1313 1418 330 2100
1326 1415 329 2101
1342 1418 330 2110
1331 1414 330 2101
1303 1414 2111 329
1375 1415 329 2099
1295 1415 2103 328
1289 1417 2108 328
1324 1417 31 656
1299 1418 2112 328
1335 1419 329 2100
1291 1418 2109 329
1332 1414 331 2101
1305 1418 2109 329
1317 1414 331 2103
1305 1416 2019 314
1316 1419 2110 328
1340 1418 329 2103
1367 1420 330 2099
1304 1417 2103 329
1325 1418 329 2099
1293 1419 2111 329
1301 1418 2116 330
1329 1417 328 2099
1349 1416 331 381
1303 1414 2117 330
1303 1417 2114 329
1353 1417 329 2105
1310 1414 2110 329
1311 1418 328 2102
1341 1416 329 2106
1307 1419 2111 329
1663 1423 332 2111
1345 1417 330 2102
1362 1420 329 2107
1295 1414 2114 331
1341 1415 324 2064
1329 1419 243 1570
1299 1412 2119 330
1381 1418 331 2108
1366 1420 330 379
1366 1420 273 350
1373 1418 330 2102
1299 1419 2085 327
1328 1418 331 350
1325 1415 331 348
1323 1417 329 2099
1331 1419 332 2102
1303 1418 2119 329
1290 1416 2105 330
1333 1419 330 2102
1331 1418 331 2105
1341 1418 329 2102
1309 1416 2107 329
1392 1415 331 380
1334 1414 330 2111
1345 1421 328 2104
1450 1418 331 2108
1285 1416 2119 328
1327 1417 330 2110
1427 1417 330 386
1356 1418 330 2104
1339 1417 331 2106
1302 1417 2119 331
1313 1417 2108 328
1303 1420 2118 330
1330 1414 208 1516
1406 1415 315 366
1418 1419 330 391
1369 1417 331 385
1302 1418 2115 328
1305 1420 2119 329
1333 1416 331 2116
1332 1418 309 1961
1287 1415 2118 329
1330 1416 331 2105
1339 1415 326 2080
1305 1420 2118 329
1327 1415 331 2104
1331 1418 331 382
1308 1420 2118 330
1298 1415 2122 330
1346 1418 330 2108
1348 1418 330 2109
1328 1418 331 2100
1306 1422 2118 330
1295 1414 2116 330
1304 1420 2109 328
1346 1419 331 2114
1304 1414 2113 329
1330 1416 330 2103
1312 1417 2121 331
1337 1417 331 2116
1363 1418 288 1999
1304 1420 2124 331
1302 1419 2118 330
1325 1415 330 2116
1410 1419 330 2111
1334 1417 331 2114
1323 1413 329 2110
1326 1421 331 2114
1330 1414 329 2116
1397 1421 330 397
1312 1417 2114 328
1303 1419 2118 329
1323 1418 331 2111
1307 1416 2113 329
1307 1414 2112 329
1344 1420 331 2116
1323 1421 331 2116
1313 1417 331 2110
1338 1414 332 2108
1299 1417 2113 328
1307 1418 2117 330
1319 1420 2117 328
1363 1415 333 376
1298 1415 2121 330
1343 1414 332 2112
1315 1419 2116 330
1289 1419 2116 329
1322 1418 330 2120
1303 1417 2118 329
1307 1418 2117 329
1369 1415 331 2102
1342 1419 332 2107
1341 1417 332 2114
1363 1416 330 2113
1363 1414 330 381
1324 1415 331 2109
1335 1416 331 2113
1323 1418 330 2115
1383 1419 331 2114
1291 1413 2124 331
1303 1419 2119 330
1328 1421 330 2112
1304 1418 2118 329
1311 1418 317 2018
1295 1418 2131 331
1338 1419 329 2105
1343 1412 330 2117
1350 1418 333 2124
1329 1418 333 2122
1324 1415 331 2110
1293 1414 2123 330
1335 1413 330 2115
1307 1419 2122 328
1349 1415 332 2115
1319 1420 331 2112
1350 1417 30 27
1313 1416 324 2068
1297 1418 2127 329
1325 1416 331 2120
1351 1415 332 2116
1340 1417 331 2113
1304 1418 2119 329
1317 1416 331 2118
1301 1419 2132 331
1294 1419 2121 330
1325 1415 323 2054
1316 1415 330 2120
1341 1417 331 2107
1366 1415 258 1698
1306 1418 2125 330
1335 1416 330 2121
1301 1420 2126 330
1302 1414 2123 330
1351 1416 331 2114
1303 1417 2128 329
1302 1415 2123 331
1301 1414 2122 330
1303 1419 2124 329
1366 1419 331 383
1299 1414 2107 329
1299 1417 2112 329
1303 1419 2111 329
1321 1415 329 2102
1343 1417 328 2106
1315 1413 2126 329
1319 1413 332 2107
1343 1415 329 2111
1292 1419 2113 331
1309 1415 2115 329
1303 1418 2120 329
1382 1419 332 387
1301 1417 2112 328
1307 1418 2111 330
1485 1417 328 388
1301 1415 1705 253
1303 1418 2089 324
1332 1416 331 2109
1327 1419 331 2111
1300 1418 2118 330
1302 1416 2115 330
1334 1422 329 2107
1293 1419 2118 328
1320 1418 331 2108
1307 1419 2119 330
1399 1418 329 2110
1342 1419 330 2117
1303 1417 2116 330
1307 1417 2117 329
1301 1419 2116 330
1303 1419 2126 332
1397 1420 327 2089
1298 1416 2115 328
1309 1416 2122 330
1328 1421 331 2115
1305 1414 2117 330
1310 1418 2120 329
1327 1419 331 2110
1331 1420 330 2116
1314 1414 330 2110
1319 1417 329 2114
1295 1415 2120 329
1305 1418 2118 329
1330 1418 332 2115
1299 1419 2121 329
1309 1415 2128 331
1299 1415 2121 329
1393 1415 329 2111
1318 1415 330 2111
1300 1414 27 29
1348 1420 331 2117
1306 1415 2122 330
1307 1419 2103 328
1306 1418 2123 330
1292 1419 2119 329
1321 1415 332 2112
1344 1416 331 2115
1307 1415 2123 328
1335 1416 331 2113
1303 1416 2130 330
1316 1418 2124 329
1339 1419 332 2120
1345 1417 325 2088
1337 1421 331 2124
1301 1414 2121 329
1302 1418 2127 331
1348 1418 331 2126
1304 1415 2127 332
1319 1414 331 2124
1390 1419 330 387
1326 1415 330 2120
1298 1418 2127 329
1301 1418 2133 332
1299 1414 27 29
1418 1416 331 2125
1287 1417 2122 329
1310 1414 2126 332
1342 1419 331 2122
1387 1418 332 388
1333 1414 330 2115
1309 1417 2134 333
1301 1421 2142 333
1321 1418 333 2131
1304 1416 2130 331
1322 1418 331 2126
1349 1418 318 2044
1292 1415 2136 332
1286 1419 2133 331
1299 1416 2134 332
1395 1415 333 387
1307 1418 2132 332
1329 1418 332 2115
1327 1417 325 2081
1346 1415 330 2120
1292 1418 2134 332
1308 1416 2134 331
1295 1413 2130 330
1293 1418 2138 331
1347 1420 331 2124
1339 1418 333 2125
1306 1418 2134 333
1313 1415 159 1310
1298 1416 2127 330
1348 1419 331 2119
1349 1418 330 2122
1299 1420 2128 331
1305 1413 2122 329
1384 1419 330 2114
1332 1416 331 2112
1341 1416 329 2115
1306 1418 2131 329
1335 1419 330 2121
1349 1420 330 2120
1301 1417 2128 331
1358 1419 330 2115
1350 1417 331 2112
