1316 1416 2162 334
1304 1419 2161 333
1302 1416 2158 332
1298 1414 2156 334
1362 1415 333 2144
1323 1420 2158 332
1299 1419 2153 332
1360 1418 334 2143
1306 1417 336 2145
1332 1416 335 2144
1313 1419 334 2146
1339 1414 335 2141
1297 1417 2161 331
1394 1417 276 1886
1293 1416 2152 334
1291 1412 2157 331
1297 1417 2162 332
1334 1416 332 2136
1295 1416 2157 332
1305 1419 2151 331
1330 1412 334 2157
1305 1421 2144 330
1299 1415 2168 333
1311 1418 2165 334
1437 1414 336 2143
1319 1419 333 2145
1294 1415 2157 332
1300 1413 2157 332
1275 1417 2156 332
1280 1418 2155 332
1313 1416 2158 332
1311 1418 2098 323
1309 1419 2155 331
1314 1420 2144 329
1329 1417 334 2140
1337 1416 334 2146
1298 1413 1481 241
1302 1419 2162 335
1293 1413 2159 334
1287 1418 2151 332
1338 1415 334 2148
1302 1414 2154 331
1304 1417 2143 332
1347 1412 331 2143
1291 1420 2159 333
1359 1414 333 2144
1300 1416 2146 332
1338 1414 332 2142
1311 1419 2159 332
1302 1418 2153 331
1348 1419 333 2140
1328 1418 334 2149
1314 1413 334 2150
1302 1419 2156 334
1315 1419 2153 331
1319 1421 2152 331
1294 1416 2160 332
1309 1416 2160 333
1304 1416 2155 334
1299 1415 2167 333
1310 1418 2170 334
1306 1413 2100 323
1294 1415 2155 331
1299 1423 2159 332
1377 1418 334 2143
1370 1419 332 2140
1288 1418 2157 331
1306 1416 2162 335
1301 1416 28 157
1307 1420 2160 333
1358 1415 337 2146
1306 1419 2160 336
1344 1418 322 2084
1369 1415 334 2150
1300 1418 2164 332
1326 1417 333 2144
1304 1415 2157 334
1312 1415 2158 333
1296 1417 2153 332
1295 1413 2156 332
1334 1421 310 2144
1358 1418 306 2129
1313 1417 2154 332
1364 1420 333 2143
1298 1418 2160 336
1328 1419 333 2144
1326 1420 335 2154
1309 1416 332 2150
1320 1418 332 2145
1308 1417 2158 332
1373 1418 333 2146
1302 1415 2157 333
1361 1418 333 2144
1306 1419 2153 331
1321 1417 332 2142
1300 1420 2159 332
1304 1416 2159 331
1303 1420 2154 331
1297 1419 2126 326
1346 1416 334 2148
1291 1413 2161 334
1303 1416 2159 333
1325 1415 333 2151
1289 1416 2158 332
1298 1419 2149 332
1298 1421 2153 331
1410 1419 333 2143
1325 1415 331 2142
1302 1415 2149 332
1296 1418 2157 332
1342 1419 309 2141
1326 1418 336 2147
1343 1415 330 2140
1300 1417 2152 331
1303 1420 2148 332
1483 1418 332 383
1310 1419 2156 332
1418 1419 333 357
1335 1421 333 2140
1304 1418 2159 332
1309 1416 2159 331
1380 1417 332 2143
1334 1417 333 2139
1341 1418 333 2140
1302 1414 2155 332
1322 1417 334 2150
1309 1421 2035 315
1294 1416 2163 332
1314 1417 2159 333
1303 1416 2156 331
1379 1414 310 2143
1300 1420 2146 331
1313 1418 2156 331
1296 1419 2158 333
1309 1418 2152 331
1312 1416 2151 331
1300 1416 2154 331
1310 1421 2157 330
1350 1418 333 2144
1315 1419 332 2143
1354 1420 310 2143
1298 1419 2155 331
1310 1415 2155 333
1302 1420 2158 332
1306 1417 2161 333
1283 1418 2159 332
1309 1417 2148 331
1347 1417 259 1752
1301 1414 2152 331
1319 1416 332 2138
1288 1417 2133 327
1319 1420 2150 331
1310 1421 2154 332
1306 1416 2153 332
1307 1415 2150 332
1296 1416 2152 331
1299 1417 2156 333
1379 1418 334 358
1287 1419 2157 331
1337 1418 334 2140
1284 1414 2154 331
1327 1418 334 2141
1296 1418 2156 331
1343 1417 311 2143
1303 1414 2150 332
1303 1422 2155 331
1312 1419 2155 332
1288 1418 2160 332
1309 1420 2157 333
1349 1416 331 2142
1341 1418 333 2148
1303 1417 1664 252
1290 1414 2159 333
1318 1418 334 2142
1325 1418 333 2142
1351 1414 334 2141
1309 1416 2140 328
1339 1419 333 2144
1315 1415 2157 332
1348 1417 332 2145
1310 1417 1900 271
1289 1417 2158 333
1305 1420 2150 332
1309 1415 2156 331
1302 1415 2052 315
1307 1417 2157 334
1303 1414 2151 331
1308 1415 2151 331
1304 1421 2148 332
1327 1417 332 2139
1295 1420 2151 331
1351 1415 309 2141
1289 1418 2156 331
1304 1418 2080 318
1298 1420 2156 333
1323 1417 333 2142
1300 1415 2160 334
1329 1413 334 2146
1313 1417 2155 333
1322 1418 334 2142
1294 1420 2157 333
1304 1415 2156 332
1323 1414 334 2148
1300 1417 2152 331
1337 1418 309 2140
1294 1415 2033 313
1295 1418 2157 333
1328 1416 271 1848
1297 1416 2154 331
1315 1420 331 2142
1321 1414 333 2140
1302 1416 2153 332
1298 1417 1881 270
1303 1417 2153 332
1309 1418 2156 331
1298 1414 2154 331
1307 1419 2155 332
1343 1417 334 2144
1292 1416 2160 333
1431 1419 333 2146
1304 1419 2162 335
1281 1417 2155 332
1342 1418 333 2146
1336 1416 299 2080
1310 1418 2158 334
1331 1421 277 1890
1313 1418 2162 334
1303 1421 2164 335
1326 1415 210 1557
1332 1418 333 2147
1311 1419 2162 334
1302 1419 2162 335
1339 1414 335 2153
1290 1418 2169 334
1302 1418 2153 333
1305 1416 2161 332
1318 1419 2161 334
1303 1420 2158 332
1297 1413 2153 332
1352 1417 334 2142
1305 1417 2157 331
1359 1420 334 2146
1297 1419 2164 332
1323 1418 335 2148
1294 1413 2153 331
1305 1417 2150 332
1295 1413 2158 333
1326 1416 332 2142
1308 1416 2157 331
1411 1420 334 2144
1285 1414 2157 331
1289 1413 2141 331
1306 1415 2168 332
1342 1414 335 2149
1325 1417 333 2145
1308 1413 2158 333
1321 1417 334 2145
1359 1420 333 2142
1375 1416 332 358
1297 1417 2153 332
1351 1419 333 2143
1283 1417 2159 331
1293 1414 2160 332
1300 1417 2159 333
1305 1416 2158 333
1296 1418 2162 332
1293 1414 2162 333
1292 1415 2160 331
1339 1418 336 2148
1303 1420 2159 332
1323 1412 334 2149
1339 1418 333 2143
1361 1413 332 357
1291 1416 2157 332
1373 1415 333 382
1283 1412 2163 333
1334 1417 333 2146
1314 1417 2166 332
1309 1422 2148 330
1384 1415 310 2147
1304 1416 2162 333
1301 1419 2157 332
1380 1416 333 358
1322 1418 332 2148
1313 1417 1995 311
1308 1418 2161 331
1302 1416 2158 332
1310 1418 2161 332
1295 1419 2156 332
1327 1414 332 2142
1369 1421 333 2151
1300 1418 2154 333
1316 1417 2160 333
1304 1413 2161 332
1287 1419 2160 333
1303 1416 2159 332
1307 1412 2152 332
1514 1416 284 354
1314 1415 2153 332
1302 1416 2152 332
1290 1419 2152 331
1312 1413 2140 331
1290 1416 2161 332
1310 1421 2164 334
1310 1416 1720 257
1345 1420 334 2142
1298 1416 2162 332
1304 1417 2155 331
1335 1414 334 2140
1301 1416 2149 331
1298 1420 2150 333
1305 1417 2161 332
1304 1421 2161 332
1326 1415 334 2147
1303 1414 1377 236
1342 1418 332 2147
1301 1418 2157 331
1291 1420 2153 331
1300 1419 2162 331
1316 1418 2151 332
1301 1418 2152 330
1308 1420 2160 332
1302 1420 2158 332
1327 1417 309 2141
1289 1414 2156 333
1299 1418 1955 303
1331 1414 333 2144
1306 1416 2164 333
1307 1417 2161 334
1340 1419 333 2150
1306 1419 2160 332
1302 1419 2163 333
1301 1416 2161 333
1313 1418 250 1637
1292 1417 2164 333
1298 1415 2159 333
1298 1418 2160 332
1301 1414 2156 332
1359 1420 334 2145
1363 1418 333 2145
1305 1416 2162 333
1334 1414 334 2147
1333 1418 310 2145
1303 1414 2159 333
1304 1417 2158 332
1292 1415 2160 332
1327 1417 334 2142
1297 1416 2160 332
1320 1414 310 2147
1308 1420 2158 331
1376 1418 333 358
1320 1419 333 2150
1327 1416 334 2150
1299 1416 2160 333
1309 1418 2158 333
1333 1421 297 2058
1311 1418 2159 332
1328 1419 334 2146
1365 1418 332 2147
1310 1416 2151 331
1283 1414 27 29
1365 1415 247 289
1296 1414 2068 317
1304 1416 2155 332
1303 1418 2156 331
1313 1418 310 2145
1297 1417 2152 332
1421 1420 310 383
1312 1418 2062 318
1307 1417 2165 333
1305 1420 2158 332
1317 1418 334 2141
1315 1416 333 2144
1312 1417 2157 332
1299 1417 1984 309
1296 1417 2159 331
1298 1416 2162 330
1304 1417 2162 333
1312 1415 334 2150
1323 1421 311 2147
1343 1415 333 2147
1300 1420 2164 332
1329 1419 265 1795
1307 1415 2160 332
1282 1419 1939 302
1288 1414 2156 331
1341 1420 332 2143
1304 1417 1982 311
1349 1418 334 2149
1342 1418 336 2145
1298 1420 2162 332
1303 1419 1720 256
1295 1417 2163 330
1304 1421 2167 333
1314 1420 2162 334
1351 1421 333 2144
1354 1417 335 2146
1307 1418 2157 332
1306 1420 2157 331
1299 1416 2161 333
1341 1418 334 2145
1305 1412 2166 333
1329 1419 332 2147
1321 1415 331 2147
1338 1420 333 2146
1350 1417 332 2148
1314 1421 334 2144
1306 1415 2151 330
1301 1414 1815 265
1319 1419 2163 332
1301 1418 2161 332
1299 1417 2178 332
1349 1418 310 2151
1298 1419 2164 333
1299 1415 2165 332
1356 1417 334 2153
1314 1418 2165 333
1298 1416 2166 332
1306 1418 2161 333
1300 1417 2159 334
1305 1418 2162 332
1301 1418 1826 265
1327 1419 334 2154
1306 1418 2160 334
1304 1417 2153 331
1295 1413 2160 332
1299 1419 2162 333
1299 1417 2160 333
1330 1418 311 2153
1321 1415 336 2160
1295 1417 2168 334
1311 1415 2166 334
1309 1418 2173 332
1285 1419 2131 329
1299 1420 2160 333
1301 1415 2162 332
1301 1420 2052 316
1308 1418 2165 333
1302 1414 2166 332
1291 1417 2162 332
1323 1416 334 2149
1375 1416 333 361
1299 1419 2158 332
1358 1422 332 2145
1358 1418 336 2148
1302 1416 2158 332
1301 1417 2162 333
1593 1421 333 391
1324 1418 334 2147
1314 1421 2158 333
1352 1416 31 961
1301 1417 2163 334
1314 1418 333 2146
1301 1416 2162 333
1331 1416 300 2078
1305 1417 2164 333
1296 1417 2131 329
1332 1419 333 2148
1301 1414 2140 328
1328 1418 334 2148
1327 1414 311 2151
1362 1413 334 2152
1301 1417 2166 333
1472 1419 333 384
1313 1418 310 2148
1356 1418 337 2153
1307 1417 2170 334
1330 1419 311 2161
1283 1415 2176 333
1352 1413 336 2162
1287 1413 2164 332
1286 1417 2163 332
1305 1419 2162 334
1298 1412 2162 334
1335 1415 311 2150
1327 1419 311 2153
1312 1415 2175 334
1300 1420 2175 333
1306 1414 2172 334
1327 1416 334 2155
1301 1417 2160 332
1306 1419 2163 332
1344 1419 335 2149
1298 1418 2160 332
1343 1418 336 2157
1294 1413 2160 332
1377 1418 333 2147
1334 1416 334 2152
1322 1418 333 2153
1476 1418 290 2019
1336 1420 336 2150
1301 1420 2163 332
1290 1418 2158 334
1318 1419 311 2152
1290 1418 2158 334
1384 1417 334 358
1295 1419 2160 332
1354 1420 335 2145
1302 1415 2154 329
1356 1413 334 2164
1327 1418 310 2148
1307 1422 2162 333
1358 1417 334 2148
1351 1418 333 2150
1311 1415 2159 332
1312 1418 1492 241
1315 1420 2160 333
1305 1412 2163 332
1315 1418 2161 333
1294 1418 2172 334
1297 1412 2166 334
1347 1418 334 2152
1334 1420 306 2130
1307 1417 2169 335
1339 1420 336 2165
1296 1415 2175 335
1314 1418 2166 334
1322 1419 2175 333
1295 1419 2163 333
1316 1415 334 2150
1353 1417 334 2165
1333 1420 334 2155
1339 1416 308 2133
1330 1417 311 2165
1302 1418 2174 333
1302 1418 2172 333
1311 1418 2165 331
1331 1415 334 2148
1303 1416 2169 333
1301 1417 2162 332
1299 1413 2164 332
1304 1416 2161 333
1291 1415 2165 332
1331 1416 333 2155
1317 1420 2159 332
1305 1418 2155 333
1300 1418 2152 332
1329 1414 333 2144
1331 1413 332 2144
1310 1416 1825 264
1325 1417 335 2149
1302 1417 1987 311
1303 1416 2156 333
1351 1416 309 2145
1294 1415 2159 333
1334 1419 334 2148
1359 1416 308 2143
1295 1418 2156 332
1308 1420 2160 333
1303 1420 2117 325
1302 1416 2166 333
1344 1417 311 2146
1332 1418 334 2146
1322 1419 332 2145
1324 1416 2158 331
1342 1415 310 2146
1290 1416 2152 331
1310 1416 2160 331
1309 1415 2157 332
1329 1414 333 2144
1312 1417 2153 332
1358 1416 333 359
1305 1418 2158 330
1366 1416 333 358
1301 1421 2158 333
1311 1415 2160 333
1369 1415 310 360
1309 1418 2156 332
1309 1416 2167 333
1299 1416 2163 334
1303 1422 26 29
1306 1417 2097 322
1313 1416 2167 331
1312 1420 2163 334
1299 1416 2167 332
1289 1419 2156 332
1311 1418 2161 333
1293 1416 2157 332
1327 1417 321 2080
1348 1415 310 2147
1841 1418 332 384
1303 1417 2159 332
1391 1415 332 2149
1299 1416 2167 332
1299 1414 2161 332
1299 1415 2163 330
1307 1416 2070 320
1335 1418 333 2145
1307 1417 2159 332
1304 1416 2127 326
1298 1418 2174 333
1410 1416 334 2161
1352 1419 334 2160
1301 1417 2167 334
1338 1419 311 2158
1304 1415 2085 320
1372 1419 336 391
1325 1419 334 2157
1303 1417 2167 334
1326 1418 313 2168
1297 1421 2168 335
1340 1419 255 298
1335 1419 335 2166
1345 1418 333 2159
1309 1418 2170 334
1303 1417 2169 333
1300 1414 2162 332
1302 1413 2181 335
1323 1417 334 2164
1301 1416 2161 333
1299 1417 2168 334
1339 1417 311 2157
1332 1417 310 2148
1414 1418 334 2155
1298 1416 2177 334
1296 1416 2001 312
1298 1414 2175 334
1309 1416 2162 333
1310 1420 2166 332
1307 1416 2168 334
1387 1415 333 2163
1303 1417 2089 319
1345 1416 283 1967
1310 1417 2158 332
1297 1414 2158 332
1304 1418 2162 330
1292 1415 2163 331
1349 1414 311 2152
1304 1415 2161 333
1309 1421 1953 304
1305 1418 2170 332
1358 1419 310 2150
1325 1412 310 2150
1327 1417 333 2153
1298 1416 2160 332
1287 1419 2167 332
1300 1415 2147 331
1300 1417 2164 332
1407 1418 333 2150
1302 1418 2172 334
1302 1417 2171 334
1308 1415 2176 334
1313 1421 2165 334
1374 1415 310 358
1332 1420 333 386
1311 1416 2173 333
1330 1421 335 2152
1302 1416 2115 326
1341 1421 333 2145
1305 1415 2160 332
1311 1422 2160 333
1308 1416 2092 322
1298 1417 2162 330
1341 1413 333 2148
1304 1420 2167 333
1327 1417 334 2156
1328 1415 311 2157
1343 1418 278 1913
1299 1413 2162 332
1303 1419 2168 333
1303 1415 2125 326
1355 1419 310 2150
1351 1418 334 2155
1349 1421 311 2149
1307 1416 2160 332
1297 1417 2173 334
1292 1420 2166 332
1371 1418 311 2160
1319 1416 30 27
1290 1416 2168 333
1335 1417 278 1905
1303 1417 2168 331
1304 1417 2162 332
1343 1418 284 1967
1319 1411 306 2128
1306 1419 2164 331
1329 1414 334 2148
1307 1417 2164 332
1341 1417 336 2155
1340 1418 334 2156
1313 1417 2165 333
1299 1415 2163 332
1300 1420 1997 310
1328 1415 334 2154
1322 1417 334 2157
1303 1418 2162 332
1304 1419 2163 334
1405 1415 334 2151
1301 1417 1482 242
1292 1414 27 30
1333 1418 311 2156
1310 1418 2165 334
1330 1419 310 2151
1305 1420 2159 333
1303 1418 2141 328
1299 1417 2108 324
1346 1416 333 2155
1295 1416 2161 334
1294 1415 2160 330
1329 1416 310 2150
1304 1415 1707 253
1284 1418 2162 331
1332 1418 333 2154
1274 1419 311 1707
1431 1418 332 2143
1300 1418 2166 332
1322 1418 329 2133
1313 1418 2168 334
1305 1416 2169 333
1331 1415 335 2158
1295 1411 2168 332
1334 1418 334 2157
1305 1413 2168 333
1307 1414 1751 260
1294 1422 2047 315
1324 1416 333 2151
1442 1418 333 358
1307 1419 2163 331
1343 1415 336 2152
1336 1419 311 2151
1309 1419 2161 335
1305 1418 2166 334
1318 1416 2172 334
1415 1418 334 2158
1593 1418 333 2161
1295 1418 2174 333
1304 1413 2163 332
1307 1415 2058 316
1310 1418 333 2154
1295 1417 2166 334
1367 1416 310 2150
1303 1419 2162 333
1292 1417 2165 334
1288 1414 2174 335
1346 1420 308 2137
1300 1416 2172 334
1334 1418 334 2156
1427 1418 334 2146
1307 1416 2160 333
1303 1414 2164 333
1330 1417 337 2160
1321 1417 335 2151
1311 1419 2165 332
1301 1414 2166 333
1306 1415 2165 334
1302 1417 2170 333
1333 1419 311 2158
1332 1420 311 2152
1282 1414 2167 332
1321 1415 306 2136
1338 1419 334 2163
1293 1415 2161 332
1311 1416 2159 332
1303 1416 2170 332
1300 1416 2164 332
1307 1413 2163 333
1300 1418 2165 334
1335 1415 336 2155
1292 1419 2164 333
1306 1418 2164 333
1312 1421 2163 333
1311 1418 2165 332
1351 1419 311 2158
1350 1418 311 2160
1294 1419 2168 333
1347 1417 332 2150
1309 1418 2170 334
1343 1420 284 1964
1309 1421 2165 333
1301 1417 2171 334
1302 1415 2113 325
1350 1412 304 2115
1291 1413 2171 333
1307 1417 2168 333
1299 1414 2165 333
1327 1417 333 2165
1304 1419 2169 334
1344 1417 334 2155
1328 1417 334 2159
1307 1419 2168 333
1343 1415 335 2163
1302 1415 2162 334
1309 1413 2170 332
1295 1413 2164 333
1295 1420 2167 332
1301 1414 2161 331
1322 1421 333 2144
1298 1414 2166 332
1464 1418 334 361
1303 1418 2169 334
1307 1419 2123 326
1549 1418 335 387
1333 1416 334 2145
1326 1417 334 2154
1306 1418 2166 331
1316 1419 2162 332
1314 1412 334 2158
1324 1415 311 2154
1334 1418 302 2104
1332 1416 310 2150
1299 1417 2164 333
1340 1420 336 363
1316 1418 2167 333
1313 1419 2167 331
1332 1416 30 27
1294 1415 2160 332
1347 1415 329 2129
1327 1414 334 2156
1365 1414 311 359
1291 1413 2164 331
1303 1415 2162 331
1353 1419 309 2145
1326 1414 334 2153
1334 1415 333 2145
1313 1419 2173 333
1325 1415 335 2160
1293 1415 2162 333
1297 1417 1659 252
1315 1417 2164 332
1307 1420 2157 332
1299 1414 2161 332
1294 1417 2161 333
1307 1420 2152 330
1332 1416 335 2150
1294 1418 2168 334
1301 1416 2166 332
1385 1415 336 2153
1322 1418 334 2152
1281 1415 2170 336
1332 1416 311 2148
1303 1418 1963 307
1301 1418 2169 333
1355 1418 311 2154
1369 1415 334 355
1299 1415 2164 333
1310 1418 336 2155
1365 1417 301 2097
1294 1419 2171 332
1458 1418 334 2156
1303 1415 2169 334
1302 1416 2171 334
1355 1420 334 2151
1297 1413 2162 333
1299 1418 2165 331
1343 1414 336 2154
1304 1421 2175 333
1298 1417 2174 333
1301 1418 2169 333
1327 1418 336 2154
1301 1419 2130 325
1292 1416 28 158
1304 1420 2173 333
1294 1416 2000 312
1300 1415 2164 331
1323 1415 335 2151
1330 1418 333 2164
1300 1416 2162 331
1313 1419 334 2171
1357 1420 335 2162
1306 1415 2164 333
1294 1414 2166 334
1343 1416 334 2153
1300 1417 2168 334
1300 1414 2186 334
1312 1417 2181 334
1342 1414 333 2164
1302 1417 2171 332
1342 1415 336 2156
1302 1417 2175 333
1284 1417 2175 334
1323 1415 310 2142
1304 1420 2174 336
1289 1419 2175 335
1299 1419 2180 334
1301 1413 2177 333
1355 1417 336 2156
1299 1413 2172 333
1341 1419 311 2152
1301 1418 2175 334
1451 1417 333 358
1315 1419 2171 334
1335 1419 333 2160
1305 1419 2172 333
1336 1413 281 1943
1302 1420 2178 333
1332 1420 206 1466
1327 1418 312 2173
1302 1415 2173 334
1331 1419 333 2169
1307 1415 2166 334
1306 1419 2158 331
1323 1418 277 1887
1299 1413 1609 248
1359 1418 312 2164
1307 1414 2175 333
1331 1413 311 2158
1283 1413 1802 262
1359 1416 332 2161
1308 1417 2164 333
1328 1417 336 2163
1303 1415 2153 329
1325 1413 333 2166
1297 1417 2171 333
1353 1418 334 2162
1304 1420 2172 334
1305 1420 2168 333
1295 1412 2173 334
1305 1415 2169 333
1315 1417 2168 332
1312 1414 2051 316
1314 1416 312 2165
1330 1413 311 2159
1303 1415 2163 332
1309 1418 2166 331
1295 1419 2172 333
1308 1413 2168 333
1303 1417 2151 331
1287 1414 2165 333
1290 1413 2164 332
1297 1416 2164 334
1288 1417 2158 332
1293 1415 1833 266
1346 1413 310 2148
1298 1419 1964 308
1302 1418 2164 332
1303 1420 2161 331
1303 1418 2163 332
1303 1413 2171 333
1336 1419 333 2164
1326 1418 334 2155
1319 1421 2168 333
1317 1418 2168 334
1303 1416 2169 334
1302 1418 2163 333
1289 1416 2163 333
1311 1419 2158 330
1304 1417 2168 334
1328 1417 336 2152
1309 1415 2163 333
1357 1418 311 2152
1407 1415 336 363
1303 1417 1943 302
1303 1416 2170 334
1362 1419 310 2149
1317 1417 2166 334
1295 0 2164 332
1301 1417 2172 334
1317 1420 2169 332
1298 1414 2174 333
1338 1414 335 2166
1299 1415 2183 336
1478 1416 334 2168
1330 1416 311 2155
1315 1416 2175 333
1299 1411 2136 328
1335 1419 313 2178
1344 1417 310 2158
1311 1416 2166 333
1319 1419 311 2160
1319 1416 301 2090
1331 1413 311 2155
1301 1414 2174 333
1430 1415 327 2106
1316 1420 257 1704
1339 1416 311 2165
1331 1421 311 2159
1340 1420 312 2170
1298 1416 2177 333
1298 1414 2173 331
1299 1416 2173 333
1317 1412 336 2155
1289 1417 2147 329
1424 1416 335 2167
1394 1417 162 243
1335 1415 313 2172
1295 1416 2175 333
1302 1415 2170 333
1348 1418 336 2162
1293 1418 2169 332
1378 1417 334 2165
1330 1417 336 2169
1371 1418 334 2168
1308 1415 2158 329
1308 1415 2173 334
1306 1418 2168 334
1328 1417 311 2156
1285 1413 2169 332
1287 1414 2168 334
1319 1413 29 26
1336 1420 333 2163
1354 1418 334 2165
1325 1415 333 2166
1302 1419 2137 328
1312 1415 2029 312
1299 1418 2173 333
1305 1420 1837 267
1295 1413 2168 333
1347 1417 334 2160
1303 1417 2177 335
1293 1420 2167 331
1309 1420 309 2143
1366 1414 334 362
1292 1412 2176 333
1318 1415 335 2163
1311 1421 2172 334
1314 1418 2174 335
1319 1415 333 2170
1328 1416 336 2168
1316 1419 2174 333
1317 1414 2176 334
1333 1412 334 2171
1490 1419 335 2162
1351 1416 334 2161
1323 1416 334 2158
1352 1416 311 2169
1303 1415 2172 333
1306 1418 2172 334
1316 1420 2175 334
1384 1416 336 2172
1323 1418 311 2161
1327 1418 333 2157
1307 1418 2169 333
1309 1418 2180 334
1301 1414 2173 335
1294 1415 2171 334
1337 1415 334 2163
1303 1417 2177 333
1308 1418 2167 332
1298 1418 2171 334
1299 1419 2172 333
1302 1417 2145 329
1303 1419 2058 315
1298 1414 2180 334
1292 1418 2177 334
1296 1414 2173 333
1306 1419 2167 332
1310 1418 2176 335
1386 1417 334 360
1302 1419 2166 333
1332 1417 311 2154
1322 1414 333 2158
1343 1421 311 2165
1313 1416 2179 334
1300 1416 2172 334
1308 1418 2142 329
1299 1412 2171 331
1298 1413 2176 334
1324 1415 311 2170
1346 1419 250 1639
1300 1416 2175 335
1297 1416 2172 334
1342 1413 334 2157
1303 1414 2177 334
1303 1416 2159 331
1301 1417 2179 333
1332 1416 311 2152
1343 1421 310 2147
1304 1417 2165 332
1306 1414 2170 335
1298 1413 2175 334
1347 1417 311 2160
1327 1416 311 2157
1289 1419 2186 334
1309 1415 2179 334
1300 1418 2165 334
1307 1415 2169 333
1340 1414 334 2157
1321 1416 334 2152
1322 1418 310 2151
1325 1418 333 2154
1327 1418 334 2169
1292 1416 2172 333
1300 1412 2170 333
1314 1420 2165 334
1312 1416 2167 331
1300 1418 2172 333
1297 1415 2168 331
1316 1416 311 2163
1290 1417 2164 334
1318 1418 244 1621
1288 1417 2169 332
1302 1415 2171 334
1308 1417 2171 333
1295 1416 2167 333
1337 1415 311 2152
1303 1416 2175 334
1307 1416 2166 333
1306 1419 2178 335
1301 1418 2171 333
1339 1417 332 2155
1311 1415 2168 332
1326 1413 327 2131
1302 1415 2160 332
1293 1413 2162 332
1311 1420 1435 239
1294 1416 2116 325
1319 1416 334 2148
1347 1416 311 2155
1299 1418 2164 333
1340 1415 334 2149
1323 1417 311 2159
1307 1417 2164 332
1300 1416 2168 333
1348 1421 311 2159
1367 1416 311 2159
1306 1418 2176 334
1310 1418 1927 277
1313 1412 311 2153
1313 1418 2163 332
1324 1419 30 27
1335 1417 334 2152
1333 1416 334 2157
1312 1417 2172 334
1323 1420 2169 333
1344 1415 204 1463
1394 1418 335 360
1319 1416 333 2151
1303 1416 2167 333
1321 1414 334 2155
1325 1413 269 1808
1334 1414 334 2159
1305 1416 2167 332
1471 1419 311 2156
1334 1413 310 2153
1306 1415 2174 334
1331 1418 336 2159
1304 1415 2162 334
1346 1417 311 2155
1303 1413 2171 332
1303 1418 1612 248
1302 1415 2175 333
1310 1419 2180 335
1302 1413 2177 334
1302 1417 1987 309
1343 1417 311 2165
1293 1413 2173 333
1305 1413 1917 277
1312 1415 2164 331
1302 1417 2172 335
1335 1417 311 2159
1310 1417 2167 334
1296 1415 2176 333
1301 1418 2149 328
1293 1416 2160 332
1332 1415 312 2158
1299 1416 2172 334
1309 1416 2178 334
1314 1418 2176 333
1311 1418 2172 331
1336 1416 334 2156
1316 1415 2169 334
1298 1414 2173 334
1347 1418 310 2148
1305 1417 2100 321
1334 1418 336 2166
1306 1418 2167 333
1332 1412 335 2157
1341 1417 311 2157
1337 1420 334 2155
1338 1414 333 2156
1311 1418 2170 334
1304 1422 2167 334
1309 1417 2166 334
1320 1418 311 2151
1362 1418 333 2155
1338 1414 334 2157
1305 1417 6265 332
1368 1416 333 2156
1309 1419 2170 332
1303 1418 2166 334
1311 1418 2166 333
1323 1417 336 2165
1299 1415 2159 329
1322 1415 310 2150
1299 1416 1484 240
1345 1416 311 2158
1299 1413 2171 334
1308 1418 27 29
1601 1419 311 2164
1338 1418 311 2161
1305 1418 27 29
1291 1415 2165 332
1304 1416 2167 332
1299 1417 2161 332
1305 1413 2177 334
1308 1414 2174 332
1306 1419 2171 333
1312 1415 2161 332
1320 1416 296 2056
1296 1417 2162 333
1305 1417 2163 333
1326 1417 333 2156
1290 1421 2172 333
1298 1420 2150 332
1296 1417 2171 333
1299 1415 2161 332
1299 1419 2160 332
1312 1421 334 2149
1310 1418 2164 333
1295 1417 2165 332
1303 1419 2162 332
1307 1419 2162 332
1338 1419 310 2150
1300 1415 2160 331
1334 1421 333 2152
1313 1418 2164 332
1308 1418 2165 331
1608 1420 310 386
1385 1418 332 359
1334 1415 310 2146
1317 1417 27 29
1307 1415 2161 330
1307 1419 2160 332
1305 1413 2165 333
1284 1415 2160 330
1395 1420 311 2156
1323 1417 310 2152
1304 1417 2164 332
1345 1415 311 2148
1348 1417 309 2144
1332 1413 279 1909
1447 1420 333 355
1317 1417 2165 333
1300 1417 2169 333
1301 1414 2170 332
1330 1416 336 2162
1309 1417 2162 329
1335 1419 335 2153
1308 1420 2165 332
1315 1415 335 2157
1304 1418 2136 328
1300 1412 2137 326
1332 1417 334 2156
1294 1419 2167 333
1302 1418 2162 334
1303 1414 2167 331
1291 1420 1600 248
1344 1416 310 2149
1318 1416 334 2162
1293 1414 2177 334
1334 1416 334 2155
1299 1417 2171 333
1297 1414 2165 333
1337 1415 336 2165
1346 1418 334 357
1338 1416 290 2012
1299 1418 2170 333
1306 1417 2142 328
1339 1418 334 2158
1315 1418 311 2147
1366 1419 332 2150
1317 1415 287 1968
1294 1417 2165 333
1354 1418 310 2157
1322 1419 333 2157
1302 1417 2170 332
1381 1418 311 364
1290 1417 2167 334
1302 1416 2166 331
1303 1415 2165 333
1354 1415 311 2157
1307 1414 2104 323
1328 1418 311 2156
1334 1419 333 2156
1434 1418 311 361
1306 1418 2167 333
1298 1413 2164 332
1296 1417 2111 325
1299 1417 2162 332
1340 1417 311 2152
1340 1415 333 2151
1299 1420 2164 331
1303 1413 2162 332
1335 1421 212 1577
1299 1412 290 2008
1299 1416 2176 333
1300 1418 2177 333
1362 1418 311 2156
1336 1415 309 2147
1350 1418 311 2149
1329 1418 333 2160
1395 1413 310 2150
1328 1420 333 2152
1327 1419 311 2150
1309 1419 2161 332
1290 1419 2165 331
1325 1420 334 2155
1353 1415 310 2153
1307 1417 2172 333
1364 1418 303 2096
1302 1418 2163 334
1302 1420 2166 333
1353 1416 311 387
1325 1418 333 2157
1308 1421 2162 332
1303 1417 2164 330
1294 1415 2096 322
1293 1415 2162 333
1319 1417 333 2150
1304 1419 2161 332
1299 1416 2162 334
1342 1420 334 2161
1416 0 332 2153
1402 1414 311 2159
1286 1418 2174 333
1305 1415 2179 333
1308 1418 2171 333
1315 1416 2163 333
1341 1416 310 2159
1314 1419 2165 331
1307 1417 2163 332
1364 1420 310 2150
1304 1418 2169 333
1320 1412 311 2156
1317 1413 311 2160
1354 1422 310 2150
1301 1420 2165 332
1333 1419 334 2154
1332 1412 312 2161
1325 1416 334 2153
1306 1415 2158 332
1340 1415 311 2159
1307 1419 2169 333
1293 1414 2161 333
1303 1419 2165 334
1328 1419 210 1565
1363 1417 311 357
1330 1418 311 2153
1305 1419 2168 333
1327 1417 334 2149
1307 1418 2170 333
1336 1420 311 2158
1298 1415 2173 333
1325 1417 333 2148
1311 1418 2158 331
1329 1414 332 2151
1346 1415 334 2160
1299 1417 6263 330
1295 1415 2155 331
1334 1417 251 1638
1304 1414 2170 333
1335 1418 334 2160
1300 1418 2167 333
1294 1416 2170 333
1353 1416 311 2153
1297 1417 2165 331
1300 1418 2172 332
1367 1420 334 2159
1305 1418 2171 333
1345 1421 334 2154
1331 1418 268 1835
1304 1417 2147 329
1308 1416 2172 334
1310 1418 2178 333
1305 1419 2175 333
1302 1418 2172 334
1303 1414 2172 334
1364 1420 335 2155
1309 1420 2142 328
1302 1418 2168 333
1301 1417 2170 332
1303 1417 6263 334
1311 1416 2175 333
1306 1421 27 29
1333 1418 311 2157
1301 1419 2173 333
1345 1417 334 2167
1297 1413 2171 334
1393 1418 311 359
1346 1418 311 2160
1313 1416 333 387
1298 1417 2175 335
1301 1414 2180 335
1329 1418 334 2153
1320 1420 334 2154
1298 1417 2167 332
1290 1415 2173 333
1328 1423 334 2159
1336 1418 333 2151
1298 1416 6267 334
1302 1418 2170 334
1305 1416 2169 333
1279 1412 2170 332
1293 1414 6261 331
1408 1415 311 2158
1430 1418 302 2104
1325 1418 333 2160
1306 1414 2166 334
1292 1417 2167 332
1302 1416 2167 332
1294 1414 2169 333
1311 1413 2163 334
1323 1416 310 2151
1300 1414 2104 324
1303 1418 2166 333
1337 1418 311 2154
1367 1416 334 2157
1345 1418 281 1919
1311 1418 2160 334
1304 1417 2163 332
1301 1419 2165 332
1326 1419 6263 333
1287 1414 1986 309
1306 1418 2170 334
1314 1419 2173 333
1306 1420 2161 331
1296 1414 2167 334
1333 1415 285 1984
1384 1420 310 2155
1337 1418 310 2152
1303 1419 2160 332
1347 1419 335 2155
1340 1415 334 2152
1306 1414 2165 332
1309 1416 2153 331
1298 1410 2179 333
1302 1416 2169 334
1330 1421 310 2155
1287 1416 2167 333
1350 1419 334 2154
1302 1416 2163 332
1382 1419 333 380
1291 1417 2170 334
1408 1414 333 357
1295 1419 2147 329
1299 1417 2134 328
1303 1414 2166 334
1303 1416 2165 331
1378 1416 310 359
1296 1413 2166 332
1331 1416 335 2151
1292 1418 2162 331
1312 1418 2162 331
1298 1415 2166 332
1397 1418 310 2144
1307 1418 2162 330
1346 1420 332 2137
1301 1422 2168 334
1307 1415 1912 275
1343 1420 311 400
1302 1417 2166 333
1318 1418 304 2118
1319 1422 336 2157
1308 1419 2172 334
1342 1418 311 2165
1370 1415 336 2156
1299 1414 2166 333
1386 1419 311 362
1599 1423 311 389
1300 1416 2167 333
1336 1416 311 2150
1310 1419 2162 332
1334 1415 335 2153
1303 1416 2166 333
1295 1414 2163 331
1306 1417 2014 312
1301 1416 2164 331
1378 1414 332 358
1306 1419 2162 332
1316 1413 332 2148
1300 1419 2158 332
1299 1419 2160 330
1395 1418 333 2152
1306 1417 2162 332
1303 1418 2162 331
1334 1415 310 2154
1335 1420 311 2146
1314 1416 2162 333
1303 1413 2163 332
1405 1415 273 1875
1298 1415 2167 331
1375 1418 336 358
1332 1416 334 2149
1467 1417 310 358
1299 1417 2164 331
1308 1417 2167 332
1298 1413 2164 330
1301 1417 2165 332
1292 1418 2161 332
1317 1421 2160 332
1304 1420 2168 333
1298 1419 2168 334
1342 1413 333 2153
1309 1418 2169 334
1300 1418 2171 333
1285 1417 2165 332
1370 1420 334 2161
1300 1416 2162 332
1291 1418 2163 334
1292 1418 2166 331
1360 1414 336 2155
1303 1417 2164 331
1303 1417 2173 332
1404 1418 310 2155
1306 1420 2166 334
1310 1416 2163 331
1315 1419 2167 332
1370 1416 334 2152
1301 1416 2160 334
1348 1417 333 2149
1290 1418 2165 333
1353 1416 300 2088
1333 1418 310 2157
1337 1417 309 2154
1303 1418 2163 333
1298 1415 2174 334
1330 1415 334 2152
1299 1420 2169 333
1322 1419 212 1574
1298 1418 2168 331
1301 1417 2168 332
1316 1413 311 2158
1295 1419 2175 333
1336 1419 328 2119
1303 1417 2176 334
1303 1421 2175 334
1316 1414 311 2164
1303 1415 2174 334
1303 1417 2167 332
1296 1415 2169 334
1291 1416 6263 333
1359 1417 335 2151
1342 1419 311 2156
1367 1418 334 2155
1301 1418 2167 331
1284 1418 2168 332
1307 1415 2171 333
1287 1415 6261 333
1311 1418 2172 333
1287 1417 2138 327
1327 1420 334 2153
1307 1421 1613 251
1303 1418 2166 333
1302 1415 2168 332
1318 1414 283 1952
1302 1418 2172 332
1349 1418 297 2080
1299 1416 2170 331
1308 1418 2104 324
1340 1415 335 2160
1299 1417 2163 333
1338 1418 334 2157
1294 1418 2168 334
1334 1419 306 2126
1323 1417 333 2158
1307 1420 2168 334
1380 1420 312 2161
1302 1418 2167 334
1356 1414 311 2153
1339 1419 335 2153
1305 1418 1489 242
1337 1412 279 1911
1309 1414 335 2166
1306 1418 2163 332
1302 1418 2162 332
1352 1417 310 2152
1347 1415 334 2146
1299 1420 2126 325
1322 1416 310 2151
1313 1417 1677 254
1305 1420 2176 333
1339 1418 335 2158
1308 1413 2169 331
1302 1418 2158 331
1290 1415 2156 331
1341 1416 311 2145
1296 1415 2163 331
1362 1417 310 2149
1316 1418 335 2147
1302 1419 2162 333
1303 1418 2162 333
1301 1416 2163 332
1305 1415 2163 332
1355 1416 310 2147
1309 1420 2155 329
1304 1416 2167 333
1363 1416 311 2152
1324 1415 311 2153
1344 1419 334 2151
1307 1418 2167 332
1305 1420 2166 334
1325 1414 310 2150
1340 1418 296 2056
1416 1419 302 349
1344 1420 311 2154
1360 1416 311 2150
1407 1417 310 2148
1351 1418 309 2149
1313 1416 26 28
1314 1420 2033 312
1339 1416 336 2160
1338 1418 334 2152
1348 1416 311 2153
1365 1415 311 2148
1288 1412 2157 332
1340 1416 254 1693
1302 1413 2172 333
1359 1414 308 2135
1331 1415 334 2156
1354 1416 311 2164
1386 1416 310 357
1341 1412 311 2156
1303 1417 2169 332
1385 1418 310 361
1309 1416 2166 334
1298 1418 2165 333
1308 1413 2167 334
1311 1414 1730 257
1308 1416 2173 333
1305 1417 2170 334
1300 1418 2167 333
1365 1416 334 355
1333 1418 310 2147
1343 1420 277 1898
1307 1419 2169 332
1302 1418 2164 332
1307 1414 6260 332
1301 1416 2162 332
1330 1413 310 2150
1301 1414 2162 331
1331 1415 305 2118
1335 1415 311 2153
1299 1418 2163 332
1302 1417 2125 326
1304 1418 2167 332
1330 1419 311 2153
1318 1420 2165 331
1302 1417 2176 333
1298 1412 2162 333
1353 1416 310 2150
1350 1415 311 2160
1292 1414 2152 331
1293 1414 2165 332
1300 1414 2169 333
1291 1415 2158 332
1306 1420 2163 331
1300 1413 1884 271
1303 1422 2162 332
1303 1414 2172 334
1326 1420 311 2152
1311 1418 2165 331
1302 1414 2158 331
1307 1419 6262 332
1335 1415 334 2147
1300 1415 2158 333
1302 1416 1956 303
1287 1416 2165 331
1316 1421 2167 332
1299 1414 2167 332
1337 1417 311 2160
1306 1417 2019 311
1307 1418 2162 331
1318 1419 303 2096
1342 1413 311 2154
1303 1418 2162 334
1299 1417 2171 333
1298 1419 2173 333
1302 1413 2171 333
1337 1416 311 2154
1295 1415 2168 331
1321 1416 333 2161
1299 1419 2167 334
1282 1414 2168 331
1324 1416 311 2149
1335 1415 332 2154
1295 1417 2167 332
1306 1418 2163 332
1294 1417 2168 331
1332 1419 334 2160
1374 1415 333 2157
1305 1416 2151 330
1301 1418 2164 332
1290 1418 2175 334
1347 1420 311 2158
1451 1414 276 318
1322 1420 334 2154
1307 1414 2168 332
1301 1414 2167 334
1323 1413 311 2155
1341 1418 311 2157
1291 1418 2160 334
1314 1417 2164 332
1309 1420 2168 331
1441 1413 290 336
1336 1413 311 2155
1301 1414 6262 331
1305 1419 2156 332
1296 1416 2162 333
1296 1416 2158 332
1345 1419 310 2153
1340 1415 311 2151
1361 1415 311 2149
1295 1418 2164 333
1303 1418 2169 332
1305 1418 2161 332
1305 1419 2168 333
1339 1418 310 2153
1330 1416 311 2151
1302 1418 2159 332
1306 1421 2161 331
1335 1414 309 2152
1328 1414 311 2150
1333 1416 334 2156
1365 1418 310 358
1288 1416 1837 268
1346 1418 311 2162
1286 1416 2168 334
1306 1417 2164 332
1321 1418 333 2153
1291 1417 1960 304
1346 1415 302 2093
1294 1413 2161 333
1376 1418 297 2065
1307 1413 2172 332
1341 1418 277 1894
1344 1417 333 2159
1331 1417 311 2155
1303 1417 2164 333
1425 1418 310 359
1341 1418 310 2147
1311 1418 311 2157
1296 1416 2167 331
1325 1415 334 2164
1301 1415 2176 334
1298 1413 1835 265
1307 1414 2171 333
1316 1421 2166 331
1289 1414 2165 332
1287 1418 2164 332
1302 1416 2161 332
1404 1416 311 387
1345 1416 311 2153
1299 1414 2163 332
1300 1419 2159 331
1355 1416 333 2146
1395 1418 311 2149
1303 1417 2162 330
1342 1418 306 2133
1332 1418 310 2154
1297 1413 2162 330
1335 1422 310 2149
1297 1413 6262 332
1312 1421 2165 332
1306 1418 2164 332
1394 1418 311 2159
1292 1419 2164 333
1322 1416 311 2158
1373 1421 311 2157
1296 1411 2161 330
1322 1417 311 2152
1373 1417 309 358
1326 1419 305 2129
1311 1416 6260 333
1300 1416 2166 333
1304 1415 2163 332
1303 1415 2161 329
1304 1418 1844 269
1291 1418 2168 332
1303 1417 2168 333
1336 1414 333 2156
1303 1417 28 156
1327 1416 310 2155
1308 1417 2163 332
1307 1414 2171 333
1296 1416 2163 334
1300 1421 2165 331
1299 1417 501 197
1334 1417 311 2158
1300 1418 2170 334
1356 1415 334 2164
1295 1415 2146 331
1304 1419 2170 333
1360 1418 333 2155
1386 1418 311 2158
1331 1415 311 2155
1329 1415 311 2157
1342 1417 311 2158
1316 1418 2169 333
1353 1418 334 2154
1329 1415 334 2153
1373 1417 334 2153
1298 1413 2164 331
1431 1419 311 364
1330 1419 311 2158
1342 1414 311 2152
1304 1414 2167 334
1294 1418 2165 332
1343 1412 279 1913
1291 1418 2170 333
1305 1417 335 2155
1306 1418 2164 331
1300 1415 2165 332
1347 1419 282 1962
1326 1416 311 2160
1286 1415 2116 326
1296 1418 2173 334
1414 1415 310 2143
1302 1414 2168 333
1357 1417 334 2153
1295 1416 2159 331
1299 1419 2171 332
1305 1420 1671 252
1300 1412 2165 331
1320 1415 327 2121
1387 1417 334 2158
1327 1419 311 2155
1330 1418 261 1766
1358 1414 336 2165
1374 1415 334 359
1301 1413 2169 334
1331 1415 311 2155
1305 1418 2173 333
1301 1416 2173 331
1297 1418 2100 320
1301 1414 2160 332
1348 1415 272 1869
1305 1414 2168 333
1305 1414 2152 332
1323 1417 280 1917
1319 1416 311 2161
1309 1417 2171 332
1347 1418 333 2160
1302 1421 1544 245
1301 1415 1729 258
1570 1415 311 2158
1285 1417 2161 331
1377 1415 311 2151
1353 1419 334 351
1293 1418 2166 333
1415 1416 334 361
1295 1417 2165 332
1353 1415 311 2155
1329 1418 334 2157
1301 1415 2166 334
1355 1416 266 1795
1295 1417 2164 333
1319 1418 311 2155
1301 1418 2163 332
1313 1418 2170 331
1300 1417 2143 329
1304 1418 2163 330
1345 1415 310 2154
1393 1420 311 2151
1301 1414 2163 334
1298 1419 1991 310
1303 1419 6264 334
1303 1420 2175 334
1355 1414 243 1586
1305 1417 2172 333
1336 1419 334 2156
1304 1415 2136 326
1375 1418 333 2160
1387 1418 335 2158
1297 1420 2167 332
1300 1417 2166 333
1292 1415 2166 333
1349 1417 331 2128
1303 1419 2168 332
1327 1418 333 2162
1359 1416 311 2158
1331 1421 333 2163
1302 1418 2164 332
1300 1420 2171 333
1313 1419 2169 331
1294 1417 2163 332
1307 1416 2166 331
1311 1419 2159 333
1294 1415 6263 332
1305 1417 2159 330
1297 1418 2166 329
1306 1417 2169 332
1304 1416 2101 323
1303 1416 2170 332
1296 1419 2168 333
1393 1420 335 360
1347 1420 334 2156
1300 1417 1819 264
1288 1415 2168 332
1435 1411 334 2156
1292 1415 2165 333
1300 1417 1973 306
1428 1420 306 2131
1300 1419 1901 271
1304 1414 2170 333
1330 1414 311 2157
1301 1416 2170 334
1291 1413 2169 334
1342 1413 334 2164
1303 1419 2167 332
1305 1415 2165 333
1350 1417 334 2153
1321 1415 333 2149
1301 1416 2170 334
1342 1415 334 2164
1310 1420 2164 330
1330 1418 287 1987
1339 1413 334 2152
1304 1415 2160 332
1316 1418 311 2153
1454 1420 335 2156
1325 1420 2166 332
1358 1415 310 2150
1319 1416 311 2153
1299 1414 2162 332
1298 1414 2163 332
1311 1418 311 2157
1301 1417 2162 331
1341 1420 311 2152
1309 1420 2162 332
1301 1419 2083 318
1331 1415 333 2148
1283 1416 2167 331
1290 1413 2177 333
1309 1422 2177 333
1300 1422 2168 333
1306 1417 2164 332
1305 1413 2164 331
1299 1413 2166 332
1336 1416 311 2161
1293 1417 2168 333
1309 1418 2168 332
1394 1416 333 2153
1333 1417 310 2150
1294 1415 2162 332
1303 1420 2158 330
1323 1418 309 2151
1343 1421 311 2153
1298 1417 2170 331
1304 1418 2161 332
1305 1415 27 29
1303 1416 2133 325
1297 1419 2165 331
1307 1414 2169 332
1304 1415 2167 331
1298 1416 2163 331
1321 1413 310 2151
1291 1417 2165 331
1363 1415 311 2156
1321 1416 311 2156
1312 1418 1960 304
1332 1416 333 2148
1344 1413 334 2150
1307 1418 2166 331
1315 1413 333 2159
1303 1417 2169 331
1314 1414 1674 253
1305 1418 2168 333
1370 1415 311 2152
1324 1421 333 2156
1313 1417 2170 331
1307 1418 2173 331
1305 1414 2171 332
1300 1418 2168 332
1291 1417 2164 333
1351 1421 332 2153
1299 1420 2163 331
1299 1415 2156 329
1294 1415 2163 331
1300 1417 2160 332
1306 1418 2161 331
1299 1419 6267 334
1311 1418 2162 332
1321 1417 310 2147
1291 1419 2164 331
1304 1415 6261 332
1307 1417 2159 331
1301 1418 2164 331
1340 1416 310 2153
1300 1415 2165 333
1305 1418 2125 325
1307 1419 2161 331
1341 1418 311 2150
1285 1416 2166 333
1400 1418 310 362
1301 1418 2167 333
1346 1420 310 2145
1401 1417 311 2149
1311 1417 2162 331
1354 1421 333 2155
1300 1416 2161 332
1308 1420 2159 332
1323 1415 310 2148
1306 1419 2161 331
1313 1413 335 2152
1314 1415 1992 308
1305 1419 2166 332
1340 1415 311 2148
1298 1414 2163 332
1330 1417 311 2162
1339 1416 311 2162
1529 1419 307 2143
1300 1414 1755 260
1339 1414 334 2156
1298 1417 2170 332
1295 1417 2167 331
1303 1414 305 2121
1393 1412 311 2157
1303 1418 2162 332
1309 1418 2162 332
1291 1416 2161 334
1390 1418 333 2148
1386 1418 309 2145
1337 1420 268 1801
1298 1416 2164 331
1293 1421 2107 323
1296 1412 2162 332
1287 1419 2101 321
1305 1415 2167 333
1331 1418 311 2158
1351 1417 292 2016
1412 1418 334 2152
1346 1417 311 2156
1328 1416 310 2146
1445 1414 333 362
1303 1417 2164 331
1355 1417 334 2153
1377 1418 310 2152
1306 1419 2168 334
1372 1418 311 357
1319 1414 288 1982
1299 1418 2160 332
1330 1418 294 2052
1299 1416 2163 332
1314 1419 2169 331
1374 1415 333 2151
1288 1414 2168 334
1339 1419 334 2153
1298 1418 2162 332
1311 1417 2164 331
1301 1419 2164 332
1324 1419 309 2147
1307 1419 2161 332
1325 1419 310 2152
1338 1414 334 2158
1295 1415 2090 320
1328 1418 311 2160
1326 1415 311 2152
1307 1418 2166 331
1306 1416 2169 333
1312 1417 2168 332
1296 1414 2164 331
1297 1414 2163 332
1313 1415 2164 331
1307 1420 2169 331
1303 1417 2162 331
1289 1412 2163 330
1303 1417 2166 332
1305 1416 2158 330
1394 1420 332 357
1330 1421 279 1913
1325 1414 334 2162
1340 1419 311 2154
1302 1417 2160 333
1358 1416 335 2149
1316 1418 2124 326
1302 1415 2160 332
1325 1419 310 2155
1353 1419 310 2148
1321 1420 2159 332
1307 1419 2165 330
1306 1422 1939 277
1343 1417 311 2156
1313 1421 2172 333
1304 1418 2165 332
1318 1418 311 2155
1305 1416 2163 331
1303 1418 2165 331
1316 1418 310 2149
1353 1421 297 2056
1330 1413 333 2157
1327 1419 333 2149
1284 1413 6260 332
1365 1420 251 1647
1286 1415 2151 329
1303 1417 1742 258
1300 1416 2164 330
1303 1420 2163 330
1340 1416 310 2150
1301 1415 2158 332
1316 1419 332 2145
1302 1418 2157 331
1305 1417 2161 331
1292 1418 2163 331
1416 1416 333 360
1298 1414 2163 332
1310 1416 2164 332
1305 1415 2160 332
1298 1416 2156 332
1365 1416 333 2147
1333 1416 332 2147
1321 1416 2157 331
1303 1415 2089 318
1288 1419 2166 331
1359 1415 310 386
1297 1414 2164 333
1327 1415 311 2159
1303 1419 2160 331
1339 1414 30 27
1334 1417 206 1465
1335 1418 267 1803
1297 1417 2165 331
1380 1415 300 350
1331 1419 331 2149
1289 1415 2135 325
1306 1414 2164 330
1301 1416 2174 333
1411 1412 336 392
1305 1418 2174 333
1330 1416 311 2154
1309 1415 2165 330
1301 1415 2166 331
1298 1417 2160 332
1289 1415 2163 331
1299 1417 2162 333
1306 1416 2170 333
1315 1417 2171 333
1312 1416 311 2163
1333 1417 311 2153
1300 1418 2165 330
1313 1415 311 2150
1339 1416 310 2150
1295 1417 2162 331
1298 1415 2168 332
1303 1416 2159 332
1337 1419 310 2145
1343 1418 311 2162
1305 1414 2163 332
1300 1417 2167 333
1391 1415 333 2153
1310 1418 2165 332
1363 1416 311 2148
1305 1420 2162 332
1300 1415 2167 333
1326 1416 327 380
1303 1420 2113 325
1324 1416 334 2159
1307 1417 2164 332
1298 1414 2162 332
1295 1415 2174 333
1295 1418 2170 333
1408 1414 310 2149
1298 1414 2162 332
1339 1416 311 2148
1325 1419 310 2146
1310 1415 2161 331
1298 1416 2162 332
1312 1412 2162 332
1305 1416 1823 264
1301 1418 2164 334
1300 1419 2136 327
1332 1419 311 2151
1293 1420 2162 332
1307 1415 2164 332
1305 1416 2160 331
1322 1419 311 2155
1303 1418 2168 333
1335 1419 334 2142
1332 1416 334 2155
1300 1418 2163 333
1299 1418 2164 331
1296 1415 2162 330
1286 1421 2161 331
1347 1418 311 2156
1299 1415 2063 318
1351 1413 311 2161
1293 1415 2163 334
1334 1415 311 2157
1302 1417 2162 332
1305 1417 2162 333
1304 1413 2165 332
1354 1419 210 1557
1331 1416 310 2155
1298 1413 2162 334
1298 1421 2162 333
1308 1418 2161 332
1300 1415 2159 330
1299 1413 2169 333
1333 1418 311 2154
1298 1415 2166 334
1297 1414 2163 334
1302 1416 2163 333
1313 1415 2165 334
1325 1412 334 2155
1328 1413 334 2152
1368 1418 336 363
1328 1418 311 2155
1330 1415 333 2158
1299 1417 2172 335
1306 1415 2170 331
1311 1417 2164 331
1329 1419 310 2149
1324 1413 310 2153
1333 1418 310 2151
1350 1418 311 2149
1347 1418 310 2146
1300 1415 2158 332
1330 1421 332 2147
1306 1416 2166 332
1317 1416 334 2150
1307 1414 2166 332
1317 1418 335 2147
1300 1414 2155 332
1301 1416 2158 331
1307 1419 2162 332
1349 1418 302 2094
1302 1418 2160 330
1359 1415 331 354
1309 1419 2157 331
1297 1414 1732 257
1329 1417 311 2150
1355 1416 311 2150
1301 1419 2164 332
1350 1419 334 2147
1341 1418 311 2146
1326 1417 310 2150
1468 1414 309 2147
1311 1417 2164 332
1307 1417 2159 331
1305 1418 2167 333
1326 1418 310 2151
1315 1419 2165 334
1332 1421 333 2155
1291 1415 2159 332
1322 1417 309 2143
1300 1416 2161 332
1290 1417 2163 333
1335 1415 334 2149
1463 1415 311 2147
1306 1419 2164 332
1307 1418 2162 332
1307 1420 1749 259
1298 1415 2163 331
1305 1417 2162 331
1371 1419 310 358
1341 1419 305 2112
1299 1415 2162 331
1297 1415 2164 331
1314 1417 2158 329
1336 1417 334 2146
1306 1418 2161 333
1318 1415 334 2155
1342 1415 310 2145
1298 1415 2163 332
1307 1418 2170 331
1301 1420 2137 328
1325 1419 30 27
1334 1419 302 2094
1302 1415 2168 332
1343 1419 336 2154
1342 1413 333 2147
1303 1419 2162 333
1299 1417 2171 334
1306 1417 2160 332
1299 1414 2157 331
1405 1416 311 360
1306 1421 2163 332
1373 1416 311 2153
1300 1417 2161 331
1313 1413 30 27
1298 1416 2158 332
1294 1415 2133 327
1307 1418 2159 332
1302 1418 2163 333
1346 1413 310 2152
1367 1417 289 2011
1335 1419 310 2148
1294 1412 2167 331
1302 1414 2162 330
1299 1414 2161 331
1307 1416 2158 328
1291 1416 2161 331
1444 1415 310 384
1298 1415 311 2143
1330 1417 310 2144
1304 1419 2159 334
1332 1419 311 2144
1288 1415 2167 330
1301 1414 2164 331
1303 1416 2160 331
1308 1418 2155 331
1287 1413 2156 330
1306 1419 2161 331
1302 1419 2158 330
1333 1420 277 1896
1299 1418 2160 331
1309 1418 2161 332
1298 1416 2159 331
1285 1414 2096 321
1303 1417 2158 331
1339 1418 311 2146
1289 1414 1952 304
1307 1415 2102 321
1296 1416 2159 332
1310 1413 2149 328
1294 1415 2158 331
1323 1416 310 2144
1322 1414 332 2149
1329 1416 311 2145
1354 1416 333 354
1312 1418 334 2155
1336 1416 311 2147
1312 1418 27 29
1311 1419 2160 332
1303 1417 2164 332
1306 1419 1810 264
1339 1416 156 1270
1300 1418 2160 332
1290 1418 2165 332
1375 1415 335 2150
1338 1421 335 2151
1295 1416 2166 331
1297 1415 2061 317
1333 1413 311 2156
1298 1419 2166 332
1364 1418 334 2153
1302 1419 2170 333
1299 1415 2161 333
1304 1420 2164 332
1304 1420 2165 332
1307 1417 2171 333
1307 1418 2133 327
1351 1420 310 2153
1325 1416 277 1895
1300 1419 2133 327
1302 1419 2163 332
1303 1418 2000 310
1310 1418 2162 329
1290 1415 2162 334
1300 1419 2160 331
1324 1416 310 2146
1299 1416 2165 331
1299 1415 2155 330
1297 1417 2163 331
1334 1416 334 2148
1340 1418 336 2159
1386 1417 335 2152
1294 1417 2163 331
1299 1416 2161 332
1305 1418 2161 332
1300 1416 2163 333
1298 1413 2162 332
1334 1417 311 2145
1344 1416 334 2159
1303 1421 2166 331
1315 1415 2166 333
1301 1416 2170 333
1302 1418 2166 332
1304 1415 2172 334
1313 1419 2158 331
1312 1416 2171 331
1350 1415 336 2160
1296 1417 2168 334
1298 1416 2163 331
1303 1416 2163 332
1323 1420 335 2147
1293 1415 2156 332
1308 1419 2159 330
1321 1419 294 2047
1300 1418 2162 332
1353 1420 311 2155
1381 1416 309 356
1375 1416 309 354
1289 1417 2159 332
1342 1416 335 2148
1325 1416 310 2147
1299 1419 2163 331
1333 1417 334 2157
1303 1418 2161 331
1302 1418 2160 331
1302 1419 2156 331
1313 1413 2163 331
1372 1415 293 2040
1346 1415 332 2152
1306 1415 2164 333
1395 1414 334 356
1300 1419 1824 265
1306 1417 2158 331
1305 1415 2157 331
1294 1418 1921 276
1317 1417 2126 325
1296 1415 2146 331
1294 1415 2162 331
1300 1416 2158 330
1313 1420 2158 331
1303 1417 2164 331
1329 1415 311 2150
1352 1419 333 2149
1312 1413 310 2147
1337 1419 305 2136
1307 1418 2164 331
1310 1415 2162 335
1299 1421 2161 334
1305 1419 2163 332
1299 1415 2164 331
1327 1418 335 2155
1385 1419 310 391
1300 1418 2047 313
1347 1415 334 2148
1319 1417 311 2155
1312 1415 2163 332
1327 1420 334 2153
1300 1418 2168 334
1312 1420 2142 330
1364 1415 301 349
1308 1415 2168 331
1308 1415 2172 333
1304 1416 2166 332
1309 1419 2176 334
1302 1417 2172 333
1415 1420 265 305
1308 1417 2172 334
1306 1416 2064 319
1324 1419 270 1845
1329 1415 311 2154
1299 1420 2169 332
1305 1418 2164 331
1295 1415 2165 333
1294 1413 1906 297
1308 1419 2168 333
1298 1417 2164 334
1331 1420 273 1874
1305 1419 2172 331
1311 1420 2167 332
1334 1420 334 2158
1318 1418 310 2150
1336 1417 311 2148
1297 1417 2165 332
1296 1418 311 2157
1305 1420 2155 330
1359 1417 333 2153
1311 1418 304 2107
1310 1415 335 2155
1319 1413 334 2152
1327 1417 311 2156
1311 1418 311 2150
1308 1416 311 2157
1333 1419 311 2163
1301 1418 1677 254
1326 1416 311 2151
1370 1419 310 359
1294 1418 2162 331
1365 1416 334 356
1354 1420 311 2148
1343 1418 310 2147
1298 1416 2165 331
1288 1412 2169 332
1343 1416 334 2158
1301 1420 2165 334
1336 1418 336 2161
1347 1421 334 2158
1300 1413 2169 335
1288 1415 2163 334
1341 1416 311 2150
1307 1414 2162 333
1305 1416 2168 331
1310 1417 2164 330
1295 1414 2064 318
1289 1416 2162 333
1302 1415 2105 323
1295 1419 2161 331
1300 1418 2161 332
1302 1418 2162 332
1314 1415 2114 324
1309 1415 2159 331
1414 1418 334 2153
1301 1418 2160 331
1320 1420 2163 332
1306 1419 2163 332
1319 1413 284 1962
1299 1416 2164 333
1319 1416 333 2153
1300 1417 2164 332
1324 1418 31 661
1306 1416 2168 333
1294 1415 1548 245
1301 1421 2168 332
1293 1417 2168 332
1298 1414 2163 332
1353 1417 311 2147
1294 1413 1733 258
1298 1417 2158 332
1307 1418 2162 331
1303 1415 2169 332
1337 1417 311 2153
1303 1418 26 29
1448 1420 331 2146
1301 1414 2103 323
1361 1412 310 2151
1336 1418 332 2147
1326 1413 310 2158
1329 1419 211 1569
1339 1417 311 2152
1285 1417 2167 332
1291 1419 2163 332
1305 1417 2161 330
1331 1418 311 2161
1306 1421 2162 332
1305 1418 2164 332
1327 1414 311 2157
1311 1416 2168 333
1692 1419 311 2155
1313 1421 1707 254
1299 1415 2164 333
1374 1418 334 2147
1305 1420 2160 331
1319 1418 309 2142
1299 1414 2164 333
1304 1416 2173 333
1335 1415 333 2159
1297 1415 2156 332
1308 1418 2139 327
1347 1414 335 2153
1322 1420 74 1174
1296 1415 2168 333
1300 1418 2161 332
1348 1417 335 2148
1363 1414 309 2141
1304 1416 2153 332
1302 1417 2174 334
1305 1415 2168 334
1353 1416 333 2147
1319 1419 2162 331
1299 1417 2157 331
1304 1421 2166 334
1308 1419 2163 333
1345 1418 310 2147
1307 1412 2169 334
1290 1415 2161 332
1335 1417 311 2147
1354 1413 310 2150
1328 1420 306 2136
1367 1419 311 2151
1305 1417 2149 332
1346 1414 310 2148
1308 1418 2162 332
1345 1420 311 2148
1302 1418 2159 332
1302 1419 27 29
1302 1420 2166 332
1327 1415 334 2145
1336 1414 310 2147
1380 1418 335 2150
1322 1415 311 2154
1303 1416 2168 332
1304 1416 2162 332
1341 1418 29 26
1331 1418 336 2154
1306 1416 2160 332
1384 1419 310 383
1303 1418 1842 269
1311 1414 2166 333
1310 1420 2167 332
1302 1416 2161 331
1325 1413 311 2157
1305 1418 2165 333
1310 1415 2159 331
1314 1416 243 157
1305 1420 2171 332
1334 1417 311 2161
1301 1420 2166 331
1296 1418 2176 333
1300 1415 2176 333
1301 1419 2169 334
1299 1416 2167 333
1355 1414 210 250
1366 1416 311 2157
1323 1415 333 2158
1306 1419 2160 332
1363 1417 333 357
1305 1416 2158 332
1334 1421 300 2089
1343 1421 310 2149
1343 1415 311 2149
1301 1419 2159 331
1339 1416 309 2144
1315 1420 2161 333
1304 1418 2162 332
1299 1416 2165 333
1303 1418 2177 335
1286 1418 2173 333
1315 1420 28 114
1306 1419 2165 333
1304 1415 2160 330
1320 1418 311 2151
1294 1417 27 30
1346 1418 333 2144
1303 1419 2160 331
1393 1420 334 2151
1334 1419 260 1763
1304 1419 2161 332
1376 1420 276 318
1309 1417 2129 328
1362 1417 310 357
1301 1413 2169 333
1341 1414 334 2145
1319 1413 310 2151
1312 1419 2160 332
1301 1417 2159 331
1298 1418 2160 332
1305 1417 2159 332
1299 1416 1904 272
1297 1414 2162 332
1353 1420 311 2151
1284 1416 2164 334
1378 1415 283 1953
1306 1414 2169 333
1292 1415 1494 242
1389 1418 311 2154
1307 1416 2154 332
1332 1417 333 2144
1342 1418 311 2151
1308 1418 2149 330
1304 1412 2158 332
1329 1418 334 2146
1302 1413 2147 331
1303 1417 2164 332
1310 1422 2164 332
1287 1415 2168 333
1316 1417 2162 331
1295 1416 2147 328
1302 1418 1918 277
1306 1418 1937 277
1302 1416 2167 332
1346 1417 311 2144
1344 1418 335 2147
1297 1414 2160 332
1345 1416 309 2144
1306 1414 2173 334
1307 1418 2135 327
1300 1414 2160 331
1304 1419 2166 333
1354 1417 335 2154
1307 1418 2160 331
1310 1417 2155 332
1337 1417 333 2146
1305 1413 2159 332
1296 1415 2160 332
1297 1415 2104 325
1316 1419 2164 334
1301 1416 2136 327
1378 1415 334 2148
1304 1414 1824 266
1330 1418 30 27
1310 1415 2173 333
1294 1413 2177 334
1308 1418 2172 333
1346 1418 311 2155
1403 1417 310 386
1333 1416 335 2155
1444 1418 311 2168
1302 1419 2171 334
1316 1413 333 2170
1313 1414 2179 334
1300 1415 2157 330
1298 1416 2159 334
1303 1415 2160 332
1303 1415 1975 307
1323 1415 334 2154
1303 1416 2159 332
1292 1416 2158 331
1355 1422 311 2144
1305 1414 2117 327
1339 1418 310 2145
1304 1416 2158 333
1333 1415 310 2147
1327 1415 333 2146
1299 1417 2153 331
1346 1420 333 2143
1309 1420 2156 332
1303 1421 2088 320
1314 1415 2160 331
1323 1418 332 2151
1355 1419 309 2142
1296 1414 2154 332
1356 1416 333 2143
1292 1416 2162 332
1303 1418 2166 333
1311 1416 2163 333
1307 1415 2160 333
1301 1416 2159 331
1294 1415 2150 329
1313 1418 334 2143
1332 1414 311 2156
1314 1417 305 2130
1306 1413 1656 253
1323 1416 334 2152
1339 1418 333 2154
1302 1415 2162 333
1349 1419 248 1640
1327 1414 311 2153
1293 1420 2166 332
1300 1418 2161 331
1316 1417 311 2149
1323 1416 310 2148
1327 1417 333 2149
1354 1420 304 2112
1374 1413 309 2148
1297 1412 2140 328
1350 1413 311 2145
1300 1416 2157 331
1346 1416 334 2161
1317 1418 309 2146
1379 1416 310 2147
1398 1415 333 2146
1343 1420 332 2145
1307 1415 2156 332
1299 1418 2158 332
1294 1415 2152 331
1301 1415 2159 332
1347 1421 333 2152
1288 1418 2165 333
1321 1419 2161 332
1316 1418 331 2145
1295 1413 2160 332
1371 1418 303 352
1286 1416 2162 330
1299 1417 1949 302
1295 1418 2160 332
1304 1418 2162 332
1338 1414 332 2145
1321 1416 334 2154
1297 1412 2165 333
1301 1415 2160 332
1306 1416 2169 332
1308 1415 2159 332
1340 1419 333 2146
1301 1413 2038 316
1303 1421 2161 332
1301 1419 1830 266
1303 1417 2161 332
1288 1416 2160 331
1305 1416 2161 332
1344 1415 334 2161
1393 1420 333 2159
1391 1418 333 2152
1333 1414 311 2151
1298 1416 2159 332
1295 1419 2158 333
1299 1412 2166 333
1413 1415 333 2155
1305 1417 2160 332
1339 1419 333 2149
1293 1418 2158 331
1303 1419 2159 331
1288 1419 2157 332
1299 1421 1975 305
1301 1415 2160 331
1318 1420 2156 329
1344 1415 332 2145
1295 1415 2158 330
1317 1413 311 2143
1355 1418 309 2144
1304 1417 2161 330
1328 1419 331 2144
1367 1417 310 2140
1332 1416 301 2098
1333 1417 307 2133
1305 1418 2163 332
1369 1418 305 2125
1322 1415 310 2156
1355 1418 333 2152
1399 1417 311 2153
1301 1416 2159 333
1316 1418 2160 330
1298 1414 2156 327
1319 1416 2154 331
1311 1417 2161 332
1309 1416 2070 319
1305 1419 2156 332
1306 1418 2165 334
1332 1420 299 2081
1309 1416 2158 331
1293 1415 2158 330
1298 1418 2160 332
1309 1417 2080 320
1331 1419 334 2150
1301 1418 2163 333
1300 1416 2158 331
1331 1420 310 2149
1314 1419 2162 332
1310 1416 2160 331
1332 1416 335 2145
1298 1416 2136 326
1302 1420 2160 332
1333 1415 310 2147
1370 1416 309 2143
1310 1418 2160 331
1354 1418 310 2143
1294 1417 2161 332
1291 1419 1810 263
1302 1416 311 2149
1287 1418 2159 334
1334 1420 333 2158
1337 1415 332 2153
1339 1414 311 2147
1356 1417 335 2155
1307 1420 2159 332
1342 1422 332 2144
1333 1420 333 2144
1401 1419 333 359
1306 1413 1385 233
1302 1415 1809 265
1295 1417 2157 332
1300 1416 2146 330
1309 1420 2166 332
1308 1420 2164 331
1343 1418 310 2147
1353 1414 310 2147
1330 1418 333 2150
1345 1416 310 2146
1299 1413 2063 319
1342 1417 303 2116
1308 1415 2158 330
1301 1413 1951 304
1343 1416 310 2147
1292 1417 2160 332
1287 1415 2150 330
1308 1417 2158 332
1334 1415 310 2144
1345 1418 310 2148
1312 1415 332 2142
1301 1412 2156 332
1307 1416 2155 332
1300 1416 2055 315
1348 1419 333 2154
1289 1417 2165 332
1303 1418 2161 333
1302 1414 2161 332
1289 1416 2164 333
1289 1412 27 29
1299 1415 2163 332
1310 1419 6261 333
1301 1414 2164 332
1311 1416 2161 332
1303 1418 2115 324
1305 1412 2063 318
1323 1420 335 2156
1305 1415 2164 331
1321 1415 333 2147
1349 1416 311 2155
1290 1414 2161 333
1303 1413 2113 325
1301 1419 2161 331
1310 1418 2159 332
1315 1415 332 2142
1300 1416 2157 332
1315 1418 327 2107
1303 1420 1817 264
1344 1418 310 2145
1302 1416 2159 332
1317 1418 2164 331
1299 1414 2163 332
1310 1417 2161 332
1302 1416 2161 330
1303 1416 2123 326
1303 1417 332 2149
1360 1417 276 1890
1298 1416 2162 332
1309 1418 2165 332
1300 1413 2162 331
1313 1417 2159 332
1396 1417 332 356
1301 1415 2162 332
1296 1418 2167 331
1303 1421 2161 331
1284 1418 2159 331
1339 1416 334 2143
1298 1415 2157 332
1295 1418 1750 259
1306 1420 2160 332
1291 1419 2164 332
1351 1417 310 2149
1347 1416 310 2143
1346 1420 336 2145
1308 1419 2158 332
1325 1416 333 2142
1300 1415 2159 332
1297 1418 2161 329
1299 1416 2154 332
1370 1416 310 2144
1326 1414 311 2144
1331 1417 333 2146
1298 1414 2145 331
1350 1418 334 2144
1296 1415 2158 331
1313 1420 2163 332
1351 1417 332 2147
1307 1416 2159 331
1333 1421 332 2154
1300 1414 2155 331
1339 1417 310 2145
1306 1418 2157 331
1330 1418 309 2142
1292 1419 2160 332
1318 1418 310 2147
1311 1421 2157 330
1337 1415 333 2149
1314 1412 309 2144
1329 1416 310 2142
1291 1416 2131 326
1306 1421 2156 331
1307 1416 2163 332
1299 1418 2154 329
1363 1417 334 2156
1342 1418 333 2146
1318 1416 310 2149
1334 1412 309 2141
1340 1417 333 2144
1303 1415 2161 333
1302 1418 2151 331
1300 1418 2161 332
1305 1416 2152 331
1314 1417 2158 331
1450 1412 321 342
1303 1415 2149 330
1311 1416 2158 332
1348 1418 333 2142
1304 1416 2158 331
1373 1414 333 2142
1299 1414 2153 331
1346 1415 332 2142
1305 1420 2164 331
1300 1418 2163 331
1333 1420 333 2143
1302 1416 2159 332
1374 1414 310 354
1340 1417 333 351
1348 1416 333 2140
1297 1414 2154 330
1313 1419 2154 330
1309 1415 2155 332
1359 1417 310 2143
1302 1415 2157 332
1309 1420 2058 316
1305 1414 2153 330
1300 1417 2147 330
1313 1417 2160 331
1282 1415 2158 332
1299 1415 2159 332
1310 1412 332 2148
1293 1414 28 30
1326 1420 311 2148
1450 1414 311 2147
1298 1413 2161 333
1335 1416 311 2149
1294 1418 2155 331
1303 1418 2160 332
1297 1417 2157 331
1342 1417 333 2144
1302 1418 2158 332
1308 1416 2150 331
1302 1420 2154 331
1307 1418 2151 331
1304 1421 2158 331
1304 1417 2149 330
1296 1417 2148 329
1319 1420 333 2144
1310 1417 2154 331
1309 1419 2154 331
1344 1418 310 2142
1308 1415 2153 331
1386 1419 334 2143
1331 1416 334 2140
1296 1416 2154 332
1375 1418 311 357
1341 1417 309 2145
1298 1418 2150 332
1301 1420 2149 330
1304 1418 2150 332
1290 1419 2159 332
1327 1415 310 2142
1331 1417 331 2145
1303 1420 2156 332
1452 1418 276 1892
1383 1417 328 2121
1299 1414 2159 332
1338 1414 310 2143
1299 1414 2161 330
1301 1416 2162 330
1302 1413 2160 331
1306 1420 1987 309
1401 1417 310 2147
1301 1415 2160 332
1301 1419 2164 332
1309 1414 2159 333
1342 1418 310 2148
1315 1417 2160 331
1382 1417 309 2146
1319 1416 31 279
1325 1418 332 359
1323 1416 328 2132
1326 1414 309 2144
1309 1421 2157 333
1351 1415 306 2135
1301 1417 2154 331
1305 1417 2160 333
1299 1416 2145 332
1338 1418 333 2145
1349 1416 310 2143
1355 1413 332 2146
1351 1414 334 2148
1306 1417 2154 332
1305 1418 2163 331
1387 1422 333 359
1301 1418 2165 332
1365 1417 310 2150
1321 1418 2161 333
1347 1418 334 2150
1306 1417 2166 332
1337 1415 336 2154
1303 1418 2163 333
1320 1415 311 2153
1306 1415 2166 333
1297 1416 2165 332
1310 1415 2164 331
1602 1413 311 2153
1332 1416 257 1707
1421 1419 334 2156
1346 1417 334 2150
1377 1418 333 2146
1290 1420 2162 332
1331 1420 288 1977
1298 1415 2169 333
1299 1415 2161 332
1335 1420 310 2153
1347 1420 282 1947
1414 1418 311 2150
1334 1417 311 2145
1298 1416 2129 326
1302 1419 2164 333
1322 1416 334 2154
1317 1414 310 2151
1370 1418 310 2155
1328 1414 311 2154
1342 1419 311 2158
1345 1415 336 2159
1298 1418 2160 334
1303 1420 2167 332
1323 1418 311 382
1307 1414 1838 267
1307 1418 2165 334
1332 1416 310 2153
1305 1418 2028 313
1302 1416 2168 334
1301 1418 2159 333
1345 1414 334 2149
1287 1418 2157 331
1296 1416 2160 332
1306 1420 2163 333
1345 1421 311 2153
1303 1419 2160 333
1297 1418 2158 332
1374 1418 311 2148
1298 1419 2162 332
1299 1416 2169 333
1301 1417 2166 332
1374 1417 309 363
1313 1418 2149 330
1299 1417 2160 332
1303 1419 2160 332
1364 1416 334 360
1318 1418 2165 332
1305 1417 2160 331
1299 1416 2164 331
1331 1418 334 2152
1295 1415 2167 332
1307 1418 2160 332
1304 1417 2158 332
1353 1417 311 2154
1309 1418 2167 331
1304 1417 2161 331
1307 1419 2163 331
1310 1414 2160 331
1335 1420 334 2155
1307 1419 458 198
1340 1420 334 2156
1295 1417 2160 332
1297 1417 2160 331
1299 1421 1994 310
1329 1418 283 1968
1333 1415 332 2149
1332 1418 334 2149
1327 1415 311 2149
1304 1419 2164 332
1314 1421 2162 332
1330 1418 336 2161
1302 1417 2165 333
1302 1418 2161 332
1298 1417 2161 332
1381 1416 336 2161
1298 1413 2053 316
1285 1412 2153 330
1305 1420 2163 332
1350 1413 333 2144
1335 1414 310 2144
1304 1418 2162 331
1306 1420 2143 331
1300 1416 2160 331
1302 1414 2157 332
1301 1417 2159 333
1300 1417 2149 332
1326 1420 331 2142
1356 1421 310 2142
1325 1417 308 2142
1303 1415 2149 330
1303 1415 2149 331
1311 1418 2145 330
1294 1414 2148 331
1311 1417 2156 332
1339 1417 333 2148
1311 1414 2155 330
1319 1417 331 2140
1307 1418 2153 331
1300 1417 2151 331
1303 1420 2150 328
1301 1419 2160 332
1291 1415 2155 331
1318 1414 333 2144
1291 1417 2158 333
1367 1416 310 2141
1327 1413 332 2142
1298 1418 2155 330
1321 1417 303 2101
1353 1415 334 2143
1318 1418 2153 331
1305 1415 2156 331
1295 1418 1610 250
1349 1417 333 2144
1358 1418 309 2142
1349 1417 311 2143
1279 1414 2156 332
1337 1415 206 1507
1336 1415 302 2101
1302 1418 27 29
1310 1417 2155 331
1305 1419 2150 332
1303 1415 2148 332
1322 1416 333 2141
1298 1418 2155 331
1305 1418 27 29
1372 1419 333 2144
1310 1418 2146 332
1321 1419 2143 329
1309 1420 2152 330
1311 1416 2152 331
1339 1420 310 2143
1306 1418 2153 332
1307 1421 2152 332
1349 1415 332 2141
1338 1420 310 2141
1318 1419 2154 330
1327 1422 331 383
1334 1418 309 2141
1331 1417 333 2141
1296 1417 2154 332
1307 1416 2146 330
1305 1415 2154 331
1315 1419 2154 331
1350 1415 310 2141
1313 1418 2152 331
1306 1415 2148 332
1299 1419 2149 330
1313 1420 2146 330
1333 1420 333 2140
1299 1415 2149 331
1294 1414 2145 330
1351 1414 299 2081
1303 1418 2155 331
1305 1415 2149 330
1306 1418 2147 332
1299 1414 2128 326
1310 1420 2153 332
1305 1415 2156 333
1324 1420 333 2143
1303 1415 309 2140
1302 1419 2148 332
1308 1417 2150 330
1363 1419 331 2137
1302 1420 2158 333
1322 1419 2148 331
1379 1418 305 2116
1321 1415 332 2137
1312 1415 2148 332
1332 1416 309 2140
1290 1419 2150 330
1308 1415 2145 330
1301 1416 2105 322
1361 1412 311 2141
1285 1415 2154 331
1390 1418 288 1976
1303 1416 2070 319
1318 1416 332 2140
1305 1421 2147 331
1324 1416 333 2140
1300 1417 2147 331
1304 1419 2156 332
1318 1421 309 2141
1301 1415 2152 331
1341 1420 331 2141
1299 1419 2149 330
1363 1419 322 342
1297 1418 27 30
1331 1415 307 2142
1299 1417 2145 330
1313 1420 1486 241
1303 1418 2150 330
1305 1421 2154 330
1425 1418 333 2141
1307 1416 1662 253
1298 1415 2030 314
1298 1414 2147 331
1300 1421 2147 329
1297 1418 2149 328
1326 1418 309 2141
1322 1414 307 2140
1300 1418 28 158
1372 1419 309 2140
1333 1419 294 2039
1309 1418 2149 331
1308 1420 2150 332
1297 1417 2147 331
1302 1416 2152 330
1298 1419 2158 332
1300 1417 2154 332
1302 1418 2157 331
1302 1414 2146 330
1339 1415 310 2142
1303 1420 2150 332
1347 1417 309 2144
1302 1418 2158 330
1314 1419 2147 331
1301 1416 2144 331
1358 1420 334 2143
1306 1421 2152 332
1302 1417 2150 331
1372 1420 333 353
1316 1419 2158 331
1318 1413 330 2131
1307 1417 2155 331
1359 1418 311 2152
1304 1418 2158 333
1376 1414 331 355
1306 1418 2153 332
1302 1421 2159 333
1293 1415 2029 312
1517 1412 332 384
1414 1414 334 356
1342 1415 334 2144
1344 1417 309 2142
1305 1416 2156 331
1363 1415 310 2141
1290 1414 2162 331
1303 1421 2158 333
1307 1418 2157 331
1305 1418 2155 332
1301 1416 2157 332
1327 1418 309 2142
1306 1418 2151 330
1295 1416 2158 332
1304 1419 2152 331
1292 1419 2159 331
1330 1418 333 2143
1323 1418 275 1889
1372 1420 297 344
1303 1419 2148 329
1335 1417 332 2142
1299 1417 2153 330
1301 1417 2159 330
1345 1420 209 1513
1340 1418 334 2147
1329 1416 336 2145
1335 1415 310 2142
1307 1419 2148 331
1333 1414 331 2140
1306 1421 2152 331
1311 1420 2118 326
1314 1419 2148 331
1302 1417 2151 331
1322 1413 333 2140
1303 1417 2154 331
1370 1415 329 356
1307 1417 308 2139
1330 1414 329 2141
1342 1415 308 2137
1300 1415 2149 330
1352 1418 310 2141
1303 1417 2161 335
1295 1420 2145 331
1301 1417 1985 310
1333 1418 309 2140
1302 1415 2150 332
1293 1418 2150 331
1307 1422 2140 328
1372 1418 329 354
1305 1415 2145 331
1329 1414 333 2142
1300 1415 2143 330
1302 1418 2158 332
1315 1417 2154 331
1332 1414 333 2142
1318 1418 310 2139
1296 1414 2148 332
1333 1415 305 2127
1354 1417 334 2138
1297 1417 2145 332
1335 1419 31 490
1301 1419 2156 331
1289 1417 2151 330
1306 1420 1744 259
1331 1418 333 2140
1297 1413 2147 331
1323 1414 309 2141
1307 1418 2149 331
1334 1416 309 2143
1293 1419 2150 331
1343 1414 333 2140
1332 1416 334 2141
1309 1418 2151 332
1319 1417 329 2139
1294 1419 2145 329
1304 1415 2150 331
1446 1416 331 357
1331 1415 309 2138
1304 1414 2148 330
1309 1420 2157 332
1304 1419 2158 331
1325 1418 309 2142
1326 1421 309 2141
1284 1416 2148 330
1492 1417 328 383
1317 1417 2149 331
1307 1416 2151 331
1310 1418 2149 332
1335 1415 329 2137
1299 1417 2149 331
1303 1414 2142 329
1339 1412 334 2141
1301 1418 1924 277
1297 1416 2151 331
1303 1420 2110 327
1299 1415 2150 329
1323 1414 332 2142
1321 1416 308 2136
1345 1416 309 2140
1319 1418 309 2144
1302 1417 2156 331
1303 1417 2145 330
1316 1417 332 2140
1315 1419 2152 330
1309 1421 2141 328
1300 1415 2149 329
1298 1416 2150 331
1304 1418 2147 330
1338 1417 333 2138
1297 1415 2151 330
1297 1413 2148 331
1309 1418 2144 331
1323 1414 309 2138
1378 1417 331 353
1327 1416 330 2139
1289 1414 2144 330
1298 1420 2147 331
1300 1418 2140 331
1339 1413 332 2135
1323 1416 304 2114
1306 1418 2147 331
1303 1414 2149 330
1313 1420 2061 317
1302 1416 2148 331
1293 1412 2150 332
1299 1419 2154 331
1325 1416 332 2135
1302 1418 2151 330
1434 1420 309 2139
1331 1422 309 2141
1333 1418 310 2141
1305 1417 2143 331
1309 1418 2150 330
1307 1417 2158 331
1363 1419 309 2144
1342 1418 333 2141
1313 1415 2156 332
1302 1415 2156 332
1305 1419 2158 333
1382 1417 333 357
1321 1417 332 2142
1298 1419 2156 332
1435 1415 30 27
1339 1416 309 2141
1302 1419 2149 331
1322 1415 334 2144
1286 1414 2155 331
1337 1417 310 2141
1299 1417 2154 332
1327 1418 333 2143
1293 1413 2155 331
1300 1414 2151 331
1337 1417 333 2140
1297 1415 2124 326
1305 1419 1371 234
1306 1414 2156 332
1306 1415 2160 332
1316 1420 332 2142
1338 1418 311 2143
1326 1416 332 2144
1351 1421 331 2142
1302 1419 2155 332
1331 1418 329 2128
1312 1420 2117 327
1342 1416 271 1852
1352 1416 310 2142
1346 1415 293 2011
1309 1418 332 2143
1366 1417 332 2143
1303 1416 2149 331
1410 1417 332 2143
1318 1417 332 2143
1322 1418 309 2140
1337 1414 309 2144
1302 1417 2149 331
1301 1418 2155 333
1327 1419 332 2142
1303 1418 2150 332
1301 1419 2158 332
1316 1418 2149 330
1412 1414 331 358
1293 1418 2154 330
1306 1420 2151 332
1305 1417 2150 332
1295 1420 2159 333
1345 1420 333 2148
1328 1418 310 2140
1364 1421 310 2142
1316 1416 332 2139
1298 1419 2153 331
1304 1418 2152 330
1309 1417 2152 331
1305 1420 2151 331
1301 1417 2157 332
1297 1418 2154 332
1345 1416 333 2139
1362 1416 331 2140
1338 1415 309 2140
1310 1418 2153 332
1305 1415 1826 264
1312 1419 2153 331
1387 1417 332 2140
1328 1419 333 2144
1300 1414 2158 331
1344 1420 333 2142
1337 1419 309 2141
1307 1418 2154 332
1315 1419 2152 332
1302 1417 2151 331
1358 1418 333 2141
1327 1417 332 2144
1306 1418 1997 314
1346 1420 310 2140
1343 1420 331 2146
1300 1418 2157 332
1306 1419 1979 309
1304 1416 2154 331
1326 1418 310 2144
1294 1415 2155 331
1302 1413 2152 332
1295 1414 1831 267
1357 1417 333 2142
1287 1421 2154 332
1293 1417 2151 331
1299 1416 2156 332
1310 1419 2005 312
1337 1420 330 2138
1317 1419 309 2141
1327 1419 332 2132
1307 1415 2156 332
1285 1416 2151 332
1333 1417 334 2144
1349 1419 333 2145
1291 1416 2149 332
1284 1415 2152 329
1318 1420 283 1957
1303 1418 2151 331
1396 1418 331 384
1341 1414 310 2143
1306 1418 2152 332
1285 1415 2160 332
1367 1419 336 2145
1287 1417 2150 331
1360 1416 336 2145
1295 1419 2155 330
1305 1420 2158 331
1307 1418 2154 332
1340 1417 331 2140
1364 1417 335 2144
1300 1416 2158 331
1298 1416 2156 332
1310 1419 2143 329
1308 1418 2151 332
1309 1420 2149 332
1361 1416 330 355
1349 1415 310 2142
1339 1420 308 2140
1362 1420 299 2084
1405 1418 309 2144
1305 1420 2156 331
1301 1420 2160 332
1354 1417 310 2146
1321 1421 293 2020
1431 1416 306 2129
1311 1420 2159 332
1303 1419 2150 332
1296 1413 2155 330
1299 1416 2149 331
1340 1420 333 2137
1338 1419 333 2141
1302 1418 2158 333
1303 1417 1673 252
1299 1416 2151 332
1333 1418 330 2138
1373 1416 201 1448
1299 1421 2150 330
1335 1418 332 2139
1300 1417 2149 331
1379 1416 161 243
1311 1416 325 2094
1309 1420 2157 331
1307 1416 2147 331
1302 1415 2147 331
1337 1417 309 2139
1301 1418 2152 330
1307 1415 1955 303
1328 1417 310 2141
1301 1418 2150 330
1303 1418 2146 330
1345 1414 316 2015
1298 1417 2102 322
1331 1414 334 2139
1331 1417 330 2138
1341 1415 307 2140
1291 1417 1993 311
1306 1414 2151 332
1304 1418 2146 332
1375 1418 308 2138
1296 1417 2090 320
1295 1415 2157 332
1298 1415 2151 331
1327 1416 329 2138
1419 1412 331 2141
1297 1417 2151 331
1503 1413 330 357
1350 1413 332 2140
1354 1416 333 2139
1349 1418 330 2139
1303 1417 2149 330
1306 1416 2147 332
1302 1414 2146 331
1309 1421 1658 252
1309 1415 2144 332
1338 1416 330 2141
1308 1420 2136 326
1302 1416 2151 329
1322 1420 309 2141
1290 1412 2146 331
1303 1416 2147 329
1302 1418 1997 313
1306 1417 2152 330
1386 1414 332 357
1306 1419 2148 331
1295 1418 2144 331
1311 1418 2144 330
1336 1415 310 2136
1370 1418 330 2133
1306 1418 2144 332
1314 1418 2142 331
1311 1418 2146 331
1336 1414 308 2141
1386 1416 334 385
1374 1416 326 347
1339 1414 332 2140
1303 1419 2138 330
1355 1419 307 2136
1339 1415 302 2092
1309 1414 2153 332
1308 1418 2146 331
1329 1417 332 2137
1305 1420 2060 318
1299 1414 2145 331
1308 1415 2149 330
1306 1420 2149 331
1329 1415 310 2142
1306 1420 2146 331
1327 1420 331 2138
1291 1419 2147 332
1291 1417 2148 332
1299 1417 2145 331
1305 1419 2141 330
1501 1418 298 2073
1293 1415 2147 331
1298 1413 2153 332
1294 1418 2156 333
1403 1418 331 2140
1302 1422 2148 331
1335 1420 309 2137
1301 1419 2148 332
1327 1415 309 2138
1297 1416 2149 332
1303 1418 2147 332
1300 1416 2145 330
1355 1421 307 2137
1298 1415 2154 331
1316 1419 331 2135
1299 1418 2143 331
1332 1421 329 2140
1303 1413 2122 325
1303 1419 2149 331
1298 1414 2139 331
1339 1414 331 2141
1330 1418 332 2138
1304 1420 2147 331
1311 1420 2146 331
1306 1420 2154 331
1295 1411 2145 330
1313 1414 2151 331
1304 1414 2144 331
1322 1413 332 2135
1325 1418 309 2140
1384 1414 331 2138
1309 1418 2142 330
1323 1417 329 2139
1299 1418 2144 331
1307 1418 2142 331
1278 1412 2123 326
1326 1418 331 2141
1295 1419 2146 332
1301 1418 2142 331
1306 1416 2145 330
1354 1415 330 353
1305 1417 2150 331
1314 1415 2148 331
1303 1419 2148 331
1345 1417 309 2137
1345 1418 331 2138
1303 1416 2145 330
1326 1415 331 2138
1304 1417 2144 330
1378 1421 331 2136
1308 1421 2144 330
1310 1416 2143 331
1310 1418 2146 332
1305 1414 2147 331
1299 1415 2155 331
1371 1414 309 2139
1393 1418 330 2134
1329 1414 331 2138
1306 1417 2149 331
1342 1419 334 2140
1304 1416 2144 331
1326 1418 331 2135
1303 1413 2148 331
1334 1415 333 2135
1430 1416 334 2140
1302 1420 2148 330
1322 1420 306 2137
1307 1421 2144 331
1335 1414 309 2137
1320 1419 2143 331
1305 1415 2148 329
1306 1415 2154 331
1330 1418 332 2140
1295 1417 2154 332
1309 1415 2150 331
1304 1414 2145 330
1303 1420 1378 233
1323 1419 310 2138
1340 1419 329 2139
1301 1415 2148 332
1362 1417 307 2137
1302 1417 2147 331
1306 1421 2145 330
1289 1419 2145 331
1305 1420 2143 332
1302 1419 2150 331
1306 1417 1746 260
1323 1414 333 2140
1317 1416 2145 331
1334 1421 333 2138
1332 1417 329 2137
1298 1418 2114 325
1321 1420 330 2136
1294 1419 2144 330
1294 1414 2155 332
1349 1415 331 2139
1298 1417 2149 330
1353 1415 310 2140
1314 1416 308 2138
1330 1413 331 2141
1298 1419 2147 331
1323 1419 2146 330
1301 1418 2146 332
1328 1418 331 2137
1305 1418 2033 314
1297 1415 2149 332
1303 1419 2152 330
1338 1415 275 1877
1297 1417 2150 331
1316 1418 329 2138
1361 1419 289 1982
1314 1421 2145 331
1407 1415 309 2140
1333 1419 333 2144
1367 1417 331 2138
1301 1415 2150 328
1300 1420 2148 331
1294 1415 2155 331
1307 1418 2151 331
1351 1421 333 2139
1303 1418 1888 271
1307 1412 2149 330
1317 1417 212 1575
1308 1420 2154 332
1355 1417 333 2141
1303 1419 2149 331
1307 1415 2149 332
1339 1417 331 2141
1290 1415 2153 330
1335 1421 331 2140
1334 1413 333 2142
1303 1418 2150 332
1300 1416 2149 331
1292 1417 2146 330
1294 1415 2144 330
1322 1420 332 2137
1299 1416 2149 332
1311 1419 2151 331
1342 1419 334 2140
1311 1418 2147 331
1305 1415 2150 331
1347 1419 332 2140
1334 1414 333 2139
1308 1418 2149 331
1295 1415 2146 331
1302 1414 2145 330
1333 1418 332 2140
1299 1416 1984 308
1302 1415 2153 331
1327 1419 309 2139
1340 1417 310 2140
1303 1417 2149 331
1313 1420 333 2139
1295 1420 2148 331
1310 1415 333 2141
1300 1416 2089 321
1305 1416 2148 331
1307 1418 2157 332
1300 1416 2156 333
1337 1418 332 2144
1364 1412 310 2143
1319 1421 308 2138
1301 1416 2159 333
1306 1415 2146 332
1302 1416 2146 332
1307 1418 2153 330
1354 1418 290 2009
1300 1419 2161 332
1289 1414 2152 331
1306 1418 2151 329
1304 1422 2155 330
1334 1418 331 2139
1289 1416 2154 331
1351 1419 330 2140
1310 1418 2149 331
1299 1417 2151 332
1298 1415 2053 317
1309 1418 2108 325
1349 1419 332 2138
1331 1414 310 2139
1309 1418 1970 307
1306 1417 331 2140
1280 1414 2147 331
1342 1415 332 2139
1339 1418 332 2139
1293 1416 2151 331
1299 1417 2148 330
1323 1416 334 2140
1288 1414 2112 325
1309 1418 1992 309
1287 1417 2157 331
1300 1416 2159 333
1302 1420 2146 331
1510 1418 332 2138
1309 1418 2150 332
1300 1413 2154 331
1333 1416 331 2139
1380 1418 292 337
1305 1420 1928 277
1295 1418 2156 331
1313 1418 2150 332
1360 1418 330 380
1289 1415 2143 331
1309 1416 2147 331
1303 1418 2145 331
1299 1414 2147 331
1300 1419 2153 331
1321 1415 309 2140
1290 1417 2155 330
1364 1417 310 2141
1298 1415 2156 332
1300 1412 2080 321
1348 1413 310 2142
1295 1416 2148 331
1304 1416 2148 332
1294 1416 2152 331
1300 1415 2148 331
1301 1420 2150 329
1314 1417 2148 331
1324 1414 336 2140
1354 1417 307 2140
1307 1418 2145 331
1369 1420 333 2139
1351 1414 332 2140
1325 1418 334 2140
1311 1419 2158 332
1307 1418 2150 332
1301 1417 2151 331
1317 1417 2158 332
1285 1415 2144 332
1324 1418 331 2140
1305 1417 2149 331
1307 1415 2154 332
1301 1417 2066 321
1326 1418 335 2144
1290 1414 2152 330
1299 1415 2146 331
1313 1419 334 2140
1322 1417 303 2103
1321 1420 2157 330
1291 1415 2157 332
1297 1416 2151 332
1337 1419 335 2141
1303 1418 2153 331
1302 1417 2147 331
1298 1418 2151 331
1353 1421 334 2140
1342 1420 329 2134
1291 1412 2142 331
1335 1418 333 2137
1307 1414 2144 331
1304 1419 2145 331
1340 1412 309 2140
1290 1415 2148 330
1335 1416 310 2144
1299 1413 2154 331
1315 1420 2152 332
1318 1418 2150 331
1304 1418 2154 332
1296 1415 2155 330
1307 1419 2156 333
1346 1419 332 2143
1303 1417 2143 331
1349 1416 276 1885
1301 1420 2098 324
1303 1420 2071 319
1333 1412 331 2141
1293 1413 2146 331
1299 1415 2148 331
1343 1418 331 2143
1454 1417 307 357
1296 1415 2149 331
1391 1416 334 358
1330 1420 332 2140
1324 1417 332 2139
1336 1420 331 2138
1303 1419 2146 330
1301 1416 2148 331
1305 1418 2148 330
1366 1415 333 2139
1362 1421 336 2143
1337 1417 334 2140
1311 1413 2147 331
1370 1420 276 317
1323 1418 328 2138
1303 1418 2150 331
1311 1417 2154 330
1282 1414 27 29
1283 1413 2146 330
1316 1417 332 2142
1339 1416 331 2138
1306 1421 2147 332
1303 1420 2146 332
1300 1416 2150 331
1306 1417 2150 330
1310 1418 1157 200
1324 1415 309 2139
1300 1418 2158 334
1335 1413 335 355
1331 1420 333 2145
1301 1418 2157 332
1315 1417 2153 332
1294 1414 2153 331
1330 1419 334 2141
1307 1418 1642 250
1309 1413 2155 331
1302 1415 332 2137
1295 1415 2149 331
1337 1414 310 2140
1300 1415 2147 331
1330 1415 324 2080
1306 1421 2148 331
1297 1415 2148 332
1302 1415 1964 306
1311 1417 2132 327
1303 1417 2146 332
1301 1419 2146 332
1330 1418 334 2142
1293 1420 2110 326
1334 1415 332 2139
1302 1417 2152 330
1332 1413 334 2140
1330 1420 332 2139
1310 1417 2147 331
1339 1420 332 2139
1342 1416 331 2140
1306 1418 2149 331
1301 1419 2151 330
1305 1413 2145 331
1305 1418 2151 331
1346 1419 333 2137
1351 1419 331 2141
1296 1415 2150 331
1306 1419 2149 331
1303 1419 2147 331
1303 1419 2144 330
1340 1417 333 2140
1306 1419 2144 331
1466 1422 31 199
1302 1414 2153 332
1321 1413 160 1350
1291 1416 2151 332
1301 1413 2151 331
1301 1418 2151 332
1306 1419 2158 331
1354 1415 310 2141
1342 1418 308 2140
1303 1419 2139 331
1382 1416 303 2103
1344 1416 326 2120
1308 1413 2147 330
1331 1414 331 2140
1354 1419 332 2141
1331 1415 331 2139
1308 1415 2146 331
1315 1419 2149 331
1336 1417 305 2123
1322 1419 2156 332
1302 1419 2151 331
1303 1415 2147 331
1323 1418 331 2140
1309 1419 2147 331
1307 1416 2149 331
1304 1415 2150 331
1364 1417 332 2141
1296 1413 2146 331
1298 1416 2148 330
1307 1416 2151 332
1299 1413 2146 331
1313 1415 2147 332
1301 1415 2145 330
1328 1416 335 2143
1289 1418 1438 240
1304 1418 2142 331
1327 1413 333 2142
1302 1418 2156 334
1353 1417 310 2143
1341 1420 310 2144
1288 1415 2153 331
1305 1418 2146 331
1329 1417 333 2143
1318 1415 310 2142
1341 1419 291 2026
1321 1415 309 2144
1307 1418 2155 331
1311 1419 333 2140
